5.177922248840332 -0.8370357751846313 -1.5664007663726807 0 0 0 0 Pedestrian
-5.031585216522217 1.920218825340271 -1.3238284587860107 0 0 0 0 Pedestrian
-9.271368026733398 5.094830513000488 -1.9196622371673584 0 0 0 0 Pedestrian
2.820164442062378 10.07701587677002 -2.0618302822113037 0 0 0 0 Pedestrian
10.294132232666016 4.066650867462158 -1.4799597263336182 0 0 0 0 Pedestrian
9.748826026916504 5.994604110717773 -2.561905860900879 0 0 0 0 Pedestrian
10.545363426208496 3.122230052947998 -2.229478597640991 0 0 0 0 Pedestrian
-11.636895179748535 4.607761859893799 -1.9031507968902588 0 0 0 0 Pedestrian
6.331282138824463 9.473714828491211 -1.4371325969696045 0 0 0 0 Pedestrian
13.758064270019531 9.212063789367676 -1.4890028238296509 0 0 0 0 Pedestrian
-26.381853103637695 1.090443730354309 -1.3420019149780273 0 0 0 0 Pedestrian