5.1774702072143555 -0.8444221615791321 -1.5734788179397583 0 0 0 0 Pedestrian
7.357239723205566 3.4727678298950195 -1.4474135637283325 0 0 0 0 Pedestrian
-8.625348091125488 3.0132975578308105 -1.8298860788345337 0 0 0 0 Pedestrian
-7.969659328460693 2.0482475757598877 -2.317777633666992 0 0 0 0 Pedestrian
5.809338092803955 -5.638214111328125 -1.4944573640823364 0 0 0 0 Pedestrian
9.9979829788208 4.222592353820801 -1.2399553060531616 0 0 0 0 Pedestrian
10.345671653747559 4.0668745040893555 -1.2900220155715942 0 0 0 0 Pedestrian
9.768244743347168 5.940917015075684 -2.574211359024048 0 0 0 0 Pedestrian
-11.603090286254883 4.723491191864014 -1.9312996864318848 0 0 0 0 Pedestrian
13.807319641113281 9.225555419921875 -1.4865590333938599 0 0 0 0 Pedestrian
-26.397951126098633 1.0908581018447876 -1.3431804180145264 0 0 0 0 Pedestrian