2.4677987098693848 3.923175573348999 -1.5278618335723877 0 0 0 0 Pedestrian
5.1781086921691895 -0.8428458571434021 -1.5693775415420532 0 0 0 0 Pedestrian
-4.997175216674805 1.9010969400405884 -1.315917730331421 0 0 0 0 Pedestrian
2.593526840209961 4.519400119781494 -1.6478559970855713 0 0 0 0 Pedestrian
8.50428581237793 -5.689603328704834 -1.3360408544540405 0 0 0 0 Pedestrian
10.277386665344238 4.066145896911621 -1.461829662322998 0 0 0 0 Pedestrian
0.2398388534784317 12.739618301391602 -2.2612736225128174 0 0 0 0 Pedestrian
9.74332332611084 6.007192134857178 -2.5544674396514893 0 0 0 0 Pedestrian
-11.61284065246582 4.634283065795898 -1.9273271560668945 0 0 0 0 Pedestrian
0.05435815826058388 11.27000904083252 -2.2963411808013916 0 0 0 0 Pedestrian
13.777889251708984 9.261049270629883 -1.471307635307312 0 0 0 0 Pedestrian
16.161962509155273 -7.5412116050720215 -1.3352655172348022 0 0 0 0 Pedestrian
-26.386127471923828 1.0905988216400146 -1.3422402143478394 0 0 0 0 Pedestrian
24.010066986083984 -9.230522155761719 -1.073324203491211 0 0 0 0 Pedestrian