5.175909042358398 -0.8479652404785156 -1.5718320608139038 0 0 0 0 Pedestrian
-5.03226375579834 1.9171152114868164 -1.3144903182983398 0 0 0 0 Pedestrian
-9.160614967346191 5.032154083251953 -1.968662977218628 0 0 0 0 Pedestrian
-8.367796897888184 -2.690951347351074 -1.1910629272460938 0 0 0 0 Pedestrian
10.306700706481934 4.043699741363525 -1.4197911024093628 0 0 0 0 Pedestrian
9.752656936645508 5.96878719329834 -2.5510873794555664 0 0 0 0 Pedestrian
10.60729694366455 3.1270663738250732 -2.2723426818847656 0 0 0 0 Pedestrian
0.054620590060949326 11.270891189575195 -2.2964072227478027 0 0 0 0 Pedestrian
6.335949897766113 9.481473922729492 -1.4382389783859253 0 0 0 0 Pedestrian
-11.65264892578125 4.647214412689209 -1.8777505159378052 0 0 0 0 Pedestrian
13.755439758300781 9.210347175598145 -1.4885233640670776 0 0 0 0 Pedestrian
-26.431427001953125 1.1386337280273438 -1.298287272453308 0 0 0 0 Pedestrian