5.181028366088867 -0.8376286029815674 -1.5741195678710938 0 0 0 0 Pedestrian
-5.013045787811279 1.9043958187103271 -1.3271878957748413 0 0 0 0 Pedestrian
8.507219314575195 -5.691515922546387 -1.3362526893615723 0 0 0 0 Pedestrian
9.714154243469238 -6.00634765625 -1.3275126218795776 0 0 0 0 Pedestrian
10.31046199798584 4.0580830574035645 -1.435950517654419 0 0 0 0 Pedestrian
9.75405502319336 5.997899532318115 -2.5634865760803223 0 0 0 0 Pedestrian
6.265641212463379 9.423916816711426 -1.4968112707138062 0 0 0 0 Pedestrian
-11.602185249328613 4.6048102378845215 -1.9129055738449097 0 0 0 0 Pedestrian
-10.832551956176758 -1.907230019569397 -2.3121109008789062 0 0 0 0 Pedestrian
16.140464782714844 -7.531122207641602 -1.3332120180130005 0 0 0 0 Pedestrian
-26.434913635253906 1.1388287544250488 -1.2985352277755737 0 0 0 0 Pedestrian