-5.022411823272705 1.9179757833480835 -1.3273026943206787 0 0 0 0 Pedestrian
9.123483657836914 2.8696608543395996 -1.8265117406845093 0 0 0 0 Pedestrian
8.514005661010742 -5.6963067054748535 -1.337531328201294 0 0 0 0 Pedestrian
2.8240115642547607 10.091349601745605 -2.064774751663208 0 0 0 0 Pedestrian
5.848555564880371 -5.644509315490723 -1.4259490966796875 0 0 0 0 Pedestrian
10.298039436340332 4.072891712188721 -1.4449108839035034 0 0 0 0 Pedestrian
9.73961353302002 5.993600845336914 -2.5895845890045166 0 0 0 0 Pedestrian
-11.597311019897461 4.627895355224609 -1.924704909324646 0 0 0 0 Pedestrian
0.05461907014250755 11.27782154083252 -2.298067808151245 0 0 0 0 Pedestrian
6.331564426422119 9.140061378479004 -1.426544427871704 0 0 0 0 Pedestrian
16.016990661621094 -7.736427307128906 -1.4355930089950562 0 0 0 0 Pedestrian