5.177853584289551 -0.8418947458267212 -1.5742008686065674 0 0 0 0 Pedestrian
8.532459259033203 -5.7293524742126465 -1.2985659837722778 0 0 0 0 Pedestrian
-8.343820571899414 -2.69124698638916 -1.1893876791000366 0 0 0 0 Pedestrian
9.704202651977539 -6.000188827514648 -1.3257886171340942 0 0 0 0 Pedestrian
10.311966896057129 4.039618968963623 -1.4501551389694214 0 0 0 0 Pedestrian
-11.64403247833252 4.610353946685791 -1.904203176498413 0 0 0 0 Pedestrian
6.493773937225342 9.367159843444824 -1.481497049331665 0 0 0 0 Pedestrian
13.796278953552246 9.27302074432373 -1.4741778373718262 0 0 0 0 Pedestrian
-14.120295524597168 4.764202117919922 -2.0195882320404053 0 0 0 0 Pedestrian
16.12700653076172 -7.590366840362549 -1.4019421339035034 0 0 0 0 Pedestrian
-26.42104148864746 1.0918047428131104 -1.3443362712860107 0 0 0 0 Pedestrian