5.182822227478027 -0.8503310084342957 -1.581159234046936 0 0 0 0 Pedestrian
8.535758972167969 -5.731468200683594 -1.2994661331176758 0 0 0 0 Pedestrian
-8.284669876098633 -2.679319381713867 -1.1590880155563354 0 0 0 0 Pedestrian
9.712785720825195 -6.005425930023193 -1.3275158405303955 0 0 0 0 Pedestrian
10.307647705078125 4.053193092346191 -1.4729526042938232 0 0 0 0 Pedestrian
9.843974113464355 5.899090766906738 -2.511753797531128 0 0 0 0 Pedestrian
-0.005716806743294001 11.30140495300293 -2.260812282562256 0 0 0 0 Pedestrian
-11.614291191101074 4.635149955749512 -1.927955150604248 0 0 0 0 Pedestrian
6.506803512573242 9.374380111694336 -1.5107336044311523 0 0 0 0 Pedestrian
13.816490173339844 9.29422378540039 -1.4309145212173462 0 0 0 0 Pedestrian
16.130321502685547 -7.5853590965271 -1.4113141298294067 0 0 0 0 Pedestrian