2.341207981109619 3.9415981769561768 -1.5297294855117798 0 0 0 0 Pedestrian
2.4693682193756104 4.562031269073486 -1.6042201519012451 0 0 0 0 Pedestrian
-8.610445022583008 3.01179838180542 -1.8563330173492432 0 0 0 0 Pedestrian
8.541213035583496 -5.73520565032959 -1.3000656366348267 0 0 0 0 Pedestrian
5.782191276550293 -5.611042022705078 -1.4855749607086182 0 0 0 0 Pedestrian
10.283373832702637 4.077526569366455 -1.4963206052780151 0 0 0 0 Pedestrian
9.734647750854492 5.977407455444336 -2.6163549423217773 0 0 0 0 Pedestrian
-11.646136283874512 4.641033172607422 -1.9168039560317993 0 0 0 0 Pedestrian
0.05445002764463425 11.284454345703125 -2.2999203205108643 0 0 0 0 Pedestrian
16.1373291015625 -7.5630202293396 -1.379250168800354 0 0 0 0 Pedestrian
-26.372732162475586 1.0900599956512451 -1.3414440155029297 0 0 0 0 Pedestrian