5.180494785308838 -0.8425134420394897 -1.5744661092758179 0 0 0 0 Pedestrian
-5.047518730163574 1.9072591066360474 -1.3259296417236328 0 0 0 0 Pedestrian
-3.485466957092285 -6.94791841506958 -1.201212763786316 0 0 0 0 Pedestrian
9.723458290100098 -6.015206336975098 -1.314661979675293 0 0 0 0 Pedestrian
10.333913803100586 4.027960777282715 -1.4620110988616943 0 0 0 0 Pedestrian
0.24495738744735718 12.748957633972168 -2.2631075382232666 0 0 0 0 Pedestrian
9.716015815734863 5.979178428649902 -2.583818197250366 0 0 0 0 Pedestrian
-11.675178527832031 4.612979412078857 -1.9440937042236328 0 0 0 0 Pedestrian
0.0095151262357831 11.300333976745605 -2.3426454067230225 0 0 0 0 Pedestrian
13.803223609924316 9.310673713684082 -1.4302335977554321 0 0 0 0 Pedestrian
-26.401947021484375 1.0910651683807373 -1.3432244062423706 0 0 0 0 Pedestrian