5.178750514984131 -0.845426082611084 -1.5608294010162354 0 0 0 0 Pedestrian
9.345660209655762 2.884749174118042 -1.8402551412582397 0 0 0 0 Pedestrian
-8.67273998260498 3.014387845993042 -1.8940938711166382 0 0 0 0 Pedestrian
8.506614685058594 -5.691145896911621 -1.3362733125686646 0 0 0 0 Pedestrian
10.320584297180176 4.045285224914551 -1.4779270887374878 0 0 0 0 Pedestrian
9.746196746826172 5.993499279022217 -2.561338424682617 0 0 0 0 Pedestrian
0.24505597352981567 12.751396179199219 -2.263653516769409 0 0 0 0 Pedestrian
0.009887493215501308 11.296939849853516 -2.341503620147705 0 0 0 0 Pedestrian
13.833995819091797 9.263163566589355 -1.4982749223709106 0 0 0 0 Pedestrian
16.051042556762695 -7.726019859313965 -1.4375863075256348 0 0 0 0 Pedestrian
-21.883575439453125 9.302628517150879 -2.343369245529175 0 0 0 0 Pedestrian
-26.397533416748047 1.0907621383666992 -1.3429914712905884 0 0 0 0 Pedestrian