5.172093868255615 -0.844764769077301 -1.5831067562103271 0 0 0 0 Pedestrian
-5.029726028442383 1.9111050367355347 -1.3143291473388672 0 0 0 0 Pedestrian
8.987667083740234 2.8375155925750732 -1.7835822105407715 0 0 0 0 Pedestrian
8.499532699584961 -5.686622619628906 -1.334998369216919 0 0 0 0 Pedestrian
2.8228325843811035 10.086828231811523 -2.063887119293213 0 0 0 0 Pedestrian
10.3032865524292 4.047611236572266 -1.4403799772262573 0 0 0 0 Pedestrian
9.736068725585938 5.986636161804199 -2.5584468841552734 0 0 0 0 Pedestrian
-11.676286697387695 4.5856428146362305 -1.9185950756072998 0 0 0 0 Pedestrian
-10.353498458862305 5.517545700073242 -2.086402177810669 0 0 0 0 Pedestrian
-10.817633628845215 -1.9047801494598389 -2.3091845512390137 0 0 0 0 Pedestrian
16.012771606445312 -7.734523296356201 -1.434930682182312 0 0 0 0 Pedestrian
-26.396249771118164 1.090746283531189 -1.3429585695266724 0 0 0 0 Pedestrian