-5.035719394683838 1.9038718938827515 -1.3204764127731323 0 0 0 0 Pedestrian
-9.447042465209961 5.120606422424316 -1.98918879032135 0 0 0 0 Pedestrian
10.346244812011719 4.046642780303955 -1.4706896543502808 0 0 0 0 Pedestrian
0.25353166460990906 12.747385025024414 -2.2874550819396973 0 0 0 0 Pedestrian
9.727038383483887 5.981503963470459 -2.5564911365509033 0 0 0 0 Pedestrian
10.416316986083984 3.0885348320007324 -2.400460958480835 0 0 0 0 Pedestrian
-11.641334533691406 4.609973430633545 -1.9039301872253418 0 0 0 0 Pedestrian
6.390220642089844 9.417802810668945 -1.4603627920150757 0 0 0 0 Pedestrian
13.74841594696045 9.268134117126465 -1.4909049272537231 0 0 0 0 Pedestrian
15.990235328674316 -7.764694690704346 -1.5328792333602905 0 0 0 0 Pedestrian
-26.388261795043945 1.0906434059143066 -1.3424566984176636 0 0 0 0 Pedestrian
-24.215606689453125 6.586080074310303 -1.7228803634643555 0 0 0 0 Pedestrian