-5.042806625366211 1.8950086832046509 -1.3016051054000854 0 0 0 0 Pedestrian
5.17283821105957 -0.8501152992248535 -1.5840177536010742 0 0 0 0 Pedestrian
8.501067161560059 -5.687475681304932 -1.3354828357696533 0 0 0 0 Pedestrian
10.318354606628418 4.021689414978027 -1.5077664852142334 0 0 0 0 Pedestrian
9.748212814331055 5.96917200088501 -2.5813562870025635 0 0 0 0 Pedestrian
0.05446523800492287 11.280993461608887 -2.2987399101257324 0 0 0 0 Pedestrian
-11.619319915771484 4.637251377105713 -1.9287128448486328 0 0 0 0 Pedestrian
6.500619888305664 9.411158561706543 -1.4788740873336792 0 0 0 0 Pedestrian
-10.818413734436035 -1.9049514532089233 -2.3092846870422363 0 0 0 0 Pedestrian
16.151187896728516 -7.555190563201904 -1.3350145816802979 0 0 0 0 Pedestrian
-26.429426193237305 1.1385945081710815 -1.2982717752456665 0 0 0 0 Pedestrian