5.183274269104004 -0.842802107334137 -1.5686302185058594 0 0 0 0 Pedestrian
9.93885612487793 3.0041284561157227 -1.9234336614608765 0 0 0 0 Pedestrian
2.8222525119781494 10.084577560424805 -2.063394784927368 0 0 0 0 Pedestrian
10.29495620727539 4.0660529136657715 -1.3792994022369385 0 0 0 0 Pedestrian
-9.722673416137695 5.26456356048584 -2.0134239196777344 0 0 0 0 Pedestrian
9.76865005493164 5.979006767272949 -2.5550506114959717 0 0 0 0 Pedestrian
0.00978592224419117 11.30362606048584 -2.343144416809082 0 0 0 0 Pedestrian
-11.621336936950684 4.638223171234131 -1.9290096759796143 0 0 0 0 Pedestrian
6.312532901763916 9.446142196655273 -1.4328371286392212 0 0 0 0 Pedestrian
13.719894409179688 9.165606498718262 -1.5802956819534302 0 0 0 0 Pedestrian
16.028430938720703 -7.777220249176025 -1.4803416728973389 0 0 0 0 Pedestrian