5.178427219390869 -0.8487459421157837 -1.5754923820495605 0 0 0 0 Pedestrian
-5.011902332305908 1.9180059432983398 -1.3160187005996704 0 0 0 0 Pedestrian
-6.69140625 4.455489635467529 -2.036102533340454 0 0 0 0 Pedestrian
8.499048233032227 -5.6860737800598145 -1.3349957466125488 0 0 0 0 Pedestrian
10.348992347717285 4.023497581481934 -1.4712923765182495 0 0 0 0 Pedestrian
9.751953125 5.996749401092529 -2.5624287128448486 0 0 0 0 Pedestrian
-11.61235523223877 4.634433269500732 -1.927417516708374 0 0 0 0 Pedestrian
6.520084857940674 9.393484115600586 -1.5140066146850586 0 0 0 0 Pedestrian
13.804141998291016 9.285821914672852 -1.4295624494552612 0 0 0 0 Pedestrian
-14.087393760681152 4.752659320831299 -2.0150482654571533 0 0 0 0 Pedestrian
16.148029327392578 -7.5851640701293945 -1.3504178524017334 0 0 0 0 Pedestrian
-26.430923461914062 1.138628602027893 -1.2982730865478516 0 0 0 0 Pedestrian