5.175288677215576 -0.8485204577445984 -1.585405707359314 0 0 0 0 Pedestrian
-5.00954008102417 1.8987157344818115 -1.3131625652313232 0 0 0 0 Pedestrian
-0.5634706616401672 7.999535083770752 -2.0484397411346436 0 0 0 0 Pedestrian
8.547412872314453 -5.739412307739258 -1.3009625673294067 0 0 0 0 Pedestrian
10.33226203918457 4.042989730834961 -1.511216163635254 0 0 0 0 Pedestrian
9.744218826293945 5.996389865875244 -2.5905370712280273 0 0 0 0 Pedestrian
0.2297387570142746 12.74738597869873 -2.235201358795166 0 0 0 0 Pedestrian
-11.63599967956543 4.637121200561523 -1.915101408958435 0 0 0 0 Pedestrian
-14.194573402404785 4.9010844230651855 -1.9722065925598145 0 0 0 0 Pedestrian
16.127473831176758 -7.562421798706055 -1.333251953125 0 0 0 0 Pedestrian
-26.39339828491211 1.0907515287399292 -1.342673420906067 0 0 0 0 Pedestrian