-3.800285577774048 -1.5084112882614136 -1.3952827453613281 0 0 0 0 Pedestrian
5.172405242919922 -0.8493260741233826 -1.5811370611190796 0 0 0 0 Pedestrian
-5.034955024719238 1.9059710502624512 -1.3270596265792847 0 0 0 0 Pedestrian
8.541378021240234 -5.735273361206055 -1.3001189231872559 0 0 0 0 Pedestrian
2.8232460021972656 10.088235855102539 -2.064202308654785 0 0 0 0 Pedestrian
10.311789512634277 4.146147727966309 -1.1289845705032349 0 0 0 0 Pedestrian
9.741002082824707 5.989828586578369 -2.5599591732025146 0 0 0 0 Pedestrian
-0.03751957789063454 11.321634292602539 -2.275301456451416 0 0 0 0 Pedestrian
-11.641980171203613 4.583277225494385 -1.8896974325180054 0 0 0 0 Pedestrian
-14.095719337463379 4.755651473999023 -2.015577554702759 0 0 0 0 Pedestrian
16.086416244506836 -7.688858509063721 -1.4267975091934204 0 0 0 0 Pedestrian
-26.42511558532715 1.138353943824768 -1.2978447675704956 0 0 0 0 Pedestrian