5.17785120010376 -0.8498552441596985 -1.5848239660263062 0 0 0 0 Pedestrian
-5.025855541229248 1.9204704761505127 -1.32925283908844 0 0 0 0 Pedestrian
-3.4867773056030273 -6.932015419006348 -1.2543429136276245 0 0 0 0 Pedestrian
9.203267097473145 2.856963872909546 -1.8273087739944458 0 0 0 0 Pedestrian
8.495857238769531 -5.684070587158203 -1.3345105648040771 0 0 0 0 Pedestrian
10.309652328491211 4.125793933868408 -1.203108787536621 0 0 0 0 Pedestrian
9.776753425598145 5.945883274078369 -2.5434257984161377 0 0 0 0 Pedestrian
-10.168462753295898 5.3601789474487305 -2.0634310245513916 0 0 0 0 Pedestrian
-11.707024574279785 4.643183708190918 -1.9155659675598145 0 0 0 0 Pedestrian
16.054012298583984 -7.750109672546387 -1.44882071018219 0 0 0 0 Pedestrian
-26.429595947265625 1.1386051177978516 -1.2981623411178589 0 0 0 0 Pedestrian