-5.033696174621582 1.904429316520691 -1.3034696578979492 0 0 0 0 Pedestrian
8.526163101196289 -5.7249627113342285 -1.2977041006088257 0 0 0 0 Pedestrian
-8.290885925292969 -2.69248628616333 -1.18155837059021 0 0 0 0 Pedestrian
9.702299118041992 -5.997774600982666 -1.2971911430358887 0 0 0 0 Pedestrian
10.307341575622559 4.036733150482178 -1.4632208347320557 0 0 0 0 Pedestrian
9.740277290344238 5.994287967681885 -2.590034246444702 0 0 0 0 Pedestrian
0.2298818975687027 12.750188827514648 -2.2353827953338623 0 0 0 0 Pedestrian
-11.614158630371094 4.634946346282959 -1.927627682685852 0 0 0 0 Pedestrian
6.5217604637146 9.396060943603516 -1.5145928859710693 0 0 0 0 Pedestrian
-14.114262580871582 4.761666297912598 -2.019399404525757 0 0 0 0 Pedestrian
-26.39794921875 1.0910358428955078 -1.34304940700531 0 0 0 0 Pedestrian