5.182854652404785 -0.8409877419471741 -1.5615907907485962 0 0 0 0 Pedestrian
8.507817268371582 -5.692009925842285 -1.336531639099121 0 0 0 0 Pedestrian
5.830257892608643 -5.635202407836914 -1.4964693784713745 0 0 0 0 Pedestrian
9.715391159057617 -6.0071868896484375 -1.327636957168579 0 0 0 0 Pedestrian
10.308443069458008 4.1530256271362305 -1.1431773900985718 0 0 0 0 Pedestrian
9.755891799926758 5.999340534210205 -2.563990354537964 0 0 0 0 Pedestrian
-0.03641621768474579 11.304272651672363 -2.272164821624756 0 0 0 0 Pedestrian
-11.612039566040039 4.644816875457764 -1.9279580116271973 0 0 0 0 Pedestrian
-10.818611145019531 -1.9050270318984985 -2.3092808723449707 0 0 0 0 Pedestrian
13.824615478515625 9.31937026977539 -1.500533103942871 0 0 0 0 Pedestrian
-14.111854553222656 4.761006832122803 -2.0191538333892822 0 0 0 0 Pedestrian
16.109088897705078 -7.739607334136963 -1.4200140237808228 0 0 0 0 Pedestrian
-26.422943115234375 1.1382390260696411 -1.297897458076477 0 0 0 0 Pedestrian