-5.0222930908203125 1.91446852684021 -1.3116341829299927 0 0 0 0 Pedestrian
8.541988372802734 -5.735657691955566 -1.3002357482910156 0 0 0 0 Pedestrian
9.710372924804688 -6.004238128662109 -1.3272372484207153 0 0 0 0 Pedestrian
10.327131271362305 4.044458866119385 -1.4558424949645996 0 0 0 0 Pedestrian
0.21269617974758148 12.73941707611084 -2.224482297897339 0 0 0 0 Pedestrian
9.757680892944336 5.934568405151367 -2.571519374847412 0 0 0 0 Pedestrian
6.510959625244141 9.380234718322754 -1.5117418766021729 0 0 0 0 Pedestrian
0.054400406777858734 11.277661323547363 -2.2982239723205566 0 0 0 0 Pedestrian
-14.073063850402832 4.747938632965088 -2.0122530460357666 0 0 0 0 Pedestrian
16.154335021972656 -7.5835747718811035 -1.3918792009353638 0 0 0 0 Pedestrian
-26.429931640625 1.138560175895691 -1.298158049583435 0 0 0 0 Pedestrian