5.176010608673096 -0.8468173146247864 -1.576788067817688 0 0 0 0 Pedestrian
-5.0296783447265625 1.915198802947998 -1.33147132396698 0 0 0 0 Pedestrian
-3.501211643218994 -6.961454391479492 -1.212587833404541 0 0 0 0 Pedestrian
-6.690155029296875 4.437258720397949 -2.095099449157715 0 0 0 0 Pedestrian
-9.364670753479004 5.1148762702941895 -1.9756197929382324 0 0 0 0 Pedestrian
10.30078411102295 4.07222318649292 -1.425930380821228 0 0 0 0 Pedestrian
0.23000164330005646 12.749823570251465 -2.2355494499206543 0 0 0 0 Pedestrian
9.768402099609375 5.982001781463623 -2.586620807647705 0 0 0 0 Pedestrian
10.437664031982422 3.1170883178710938 -2.2657103538513184 0 0 0 0 Pedestrian
-11.652109146118164 4.61377477645874 -1.905627965927124 0 0 0 0 Pedestrian
6.327622413635254 9.46855354309082 -1.4363203048706055 0 0 0 0 Pedestrian
-13.420088768005371 -1.678133249282837 -1.3563129901885986 0 0 0 0 Pedestrian
13.752799987792969 9.20853328704834 -1.4887990951538086 0 0 0 0 Pedestrian