5.174656391143799 -0.845508873462677 -1.5720558166503906 0 0 0 0 Pedestrian
-5.0487236976623535 1.9108046293258667 -1.3158900737762451 0 0 0 0 Pedestrian
-6.701603412628174 4.470090866088867 -2.0326712131500244 0 0 0 0 Pedestrian
2.8234143257141113 10.08868408203125 -2.0643529891967773 0 0 0 0 Pedestrian
10.336649894714355 4.045341968536377 -1.4280598163604736 0 0 0 0 Pedestrian
9.724770545959473 5.984346866607666 -2.5856778621673584 0 0 0 0 Pedestrian
0.009874365292489529 11.29604721069336 -2.341430902481079 0 0 0 0 Pedestrian
-11.609773635864258 4.633525371551514 -1.9271223545074463 0 0 0 0 Pedestrian
6.432222366333008 9.373255729675293 -1.4683130979537964 0 0 0 0 Pedestrian
-10.826900482177734 -1.9059765338897705 -2.310453414916992 0 0 0 0 Pedestrian
13.80556869506836 9.194448471069336 -1.4777742624282837 0 0 0 0 Pedestrian
-26.38641357421875 1.0906566381454468 -1.3422154188156128 0 0 0 0 Pedestrian