2.951399087905884 3.8730385303497314 -1.5447213649749756 0 0 0 0 Pedestrian
5.180166721343994 -0.8392858505249023 -1.5655478239059448 0 0 0 0 Pedestrian
3.143909215927124 4.517788887023926 -1.652764916419983 0 0 0 0 Pedestrian
8.491893768310547 -5.681147575378418 -1.3343291282653809 0 0 0 0 Pedestrian
2.8182077407836914 10.070074081420898 -2.060253143310547 0 0 0 0 Pedestrian
10.290789604187012 4.061938762664795 -1.439483642578125 0 0 0 0 Pedestrian
9.752348899841309 5.996947765350342 -2.563051223754883 0 0 0 0 Pedestrian
0.2664265036582947 12.730490684509277 -2.2746760845184326 0 0 0 0 Pedestrian
-11.6229887008667 4.657685279846191 -1.8908417224884033 0 0 0 0 Pedestrian
13.769969940185547 9.200193405151367 -1.5255601406097412 0 0 0 0 Pedestrian
16.156206130981445 -7.584270000457764 -1.3636504411697388 0 0 0 0 Pedestrian