-5.026824951171875 1.9299798011779785 -1.3201611042022705 0 0 0 0 Pedestrian
-8.637635231018066 3.012281894683838 -1.8267138004302979 0 0 0 0 Pedestrian
9.715693473815918 -6.007275581359863 -1.3275030851364136 0 0 0 0 Pedestrian
10.2924165725708 4.03696346282959 -1.4966418743133545 0 0 0 0 Pedestrian
9.760272026062012 6.0065717697143555 -2.59501576423645 0 0 0 0 Pedestrian
0.2125546783208847 12.740571022033691 -2.2245473861694336 0 0 0 0 Pedestrian
0.009456677362322807 11.30998706817627 -2.3447508811950684 0 0 0 0 Pedestrian
-11.597665786743164 4.721116542816162 -1.930330753326416 0 0 0 0 Pedestrian
13.795915603637695 9.246602058410645 -1.4276896715164185 0 0 0 0 Pedestrian
-14.078801155090332 4.749937057495117 -2.01334810256958 0 0 0 0 Pedestrian
-26.436243057250977 1.1388533115386963 -1.2985881567001343 0 0 0 0 Pedestrian