5.181400775909424 -0.847102701663971 -1.5786666870117188 0 0 0 0 Pedestrian
-5.0544891357421875 1.9164965152740479 -1.3193377256393433 0 0 0 0 Pedestrian
6.1517229080200195 -4.382422924041748 -1.1988534927368164 0 0 0 0 Pedestrian
8.571685791015625 -5.754008769989014 -1.2555593252182007 0 0 0 0 Pedestrian
2.8223981857299805 10.085312843322754 -2.0634799003601074 0 0 0 0 Pedestrian
10.30875301361084 4.0517706871032715 -1.5255836248397827 0 0 0 0 Pedestrian
0.24489319324493408 12.747358322143555 -2.2628214359283447 0 0 0 0 Pedestrian
9.721600532531738 5.982384204864502 -2.584611177444458 0 0 0 0 Pedestrian
-11.609773635864258 4.662158489227295 -1.9372931718826294 0 0 0 0 Pedestrian
0.05445261672139168 11.279851913452148 -2.2987568378448486 0 0 0 0 Pedestrian
16.11176300048828 -7.579467296600342 -1.3886463642120361 0 0 0 0 Pedestrian
-21.63246726989746 9.431413650512695 -2.293552875518799 0 0 0 0 Pedestrian
-26.41448974609375 1.0915629863739014 -1.3438796997070312 0 0 0 0 Pedestrian