5.181515216827393 -0.8412929773330688 -1.5830528736114502 0 0 0 0 Pedestrian
-6.037980556488037 3.090632915496826 -1.535971999168396 0 0 0 0 Pedestrian
2.8167524337768555 10.065450668334961 -2.0589964389801025 0 0 0 0 Pedestrian
10.337089538574219 4.011171340942383 -1.457237720489502 0 0 0 0 Pedestrian
9.759234428405762 5.93540620803833 -2.571359395980835 0 0 0 0 Pedestrian
0.05471762642264366 11.274639129638672 -2.2974495887756348 0 0 0 0 Pedestrian
-11.614753723144531 4.63535213470459 -1.927971363067627 0 0 0 0 Pedestrian
13.69882869720459 9.189591407775879 -1.4751733541488647 0 0 0 0 Pedestrian
-14.061541557312012 4.743896007537842 -2.0117552280426025 0 0 0 0 Pedestrian
16.116579055786133 -7.581629753112793 -1.388748049736023 0 0 0 0 Pedestrian
-26.43159294128418 1.1386693716049194 -1.298289179801941 0 0 0 0 Pedestrian