-6.0370097160339355 3.0731377601623535 -1.5888309478759766 0 0 0 0 Pedestrian
-3.475998878479004 -6.931052207946777 -1.2305117845535278 0 0 0 0 Pedestrian
7.224628448486328 -5.771104335784912 -1.2699869871139526 0 0 0 0 Pedestrian
8.807843208312988 6.08104944229126 -1.3974250555038452 0 0 0 0 Pedestrian
10.300939559936523 4.004027843475342 -1.4537174701690674 0 0 0 0 Pedestrian
9.739331245422363 5.993558406829834 -2.589533567428589 0 0 0 0 Pedestrian
-0.005203321576118469 11.287213325500488 -2.2297608852386475 0 0 0 0 Pedestrian
-11.598089218139648 4.60324239730835 -1.9123032093048096 0 0 0 0 Pedestrian
-14.071277618408203 4.747457027435303 -2.0122528076171875 0 0 0 0 Pedestrian
-22.049516677856445 9.179106712341309 -2.31192946434021 0 0 0 0 Pedestrian
-26.39809226989746 1.0910700559616089 -1.3430052995681763 0 0 0 0 Pedestrian