-5.657062530517578 3.104468822479248 -1.7653567790985107 0 0 0 0 Pedestrian
5.169711112976074 -0.8453679084777832 -1.5811370611190796 0 0 0 0 Pedestrian
-5.0570502281188965 1.9281609058380127 -1.3232625722885132 0 0 0 0 Pedestrian
-6.727113723754883 4.437417507171631 -2.0905773639678955 0 0 0 0 Pedestrian
-8.319210052490234 -2.6902828216552734 -1.1374528408050537 0 0 0 0 Pedestrian
2.822599411010742 10.086145401000977 -2.0636656284332275 0 0 0 0 Pedestrian
5.821447372436523 -5.621413707733154 -1.4264863729476929 0 0 0 0 Pedestrian
10.348798751831055 4.048718452453613 -1.4542335271835327 0 0 0 0 Pedestrian
9.717269897460938 5.975433826446533 -2.554133653640747 0 0 0 0 Pedestrian
-11.707454681396484 4.597559452056885 -1.9232937097549438 0 0 0 0 Pedestrian
16.130773544311523 -7.57245397567749 -1.3899143934249878 0 0 0 0 Pedestrian
-26.383270263671875 1.0904933214187622 -1.342231035232544 0 0 0 0 Pedestrian