-4.4646100997924805 1.7932429313659668 -1.1938972473144531 0 0 0 0 Pedestrian
-5.0650715827941895 3.030809164047241 -1.7330316305160522 0 0 0 0 Pedestrian
5.176355838775635 -0.8449676036834717 -1.5668094158172607 0 0 0 0 Pedestrian
-5.2487897872924805 1.7487354278564453 -1.463939905166626 0 0 0 0 Pedestrian
2.8234477043151855 10.088651657104492 -2.0644867420196533 0 0 0 0 Pedestrian
10.358269691467285 4.017847061157227 -1.444870948791504 0 0 0 0 Pedestrian
9.758511543273926 5.972809791564941 -2.553257465362549 0 0 0 0 Pedestrian
0.23001375794410706 12.747791290283203 -2.234797239303589 0 0 0 0 Pedestrian
0.05465990677475929 11.27668285369873 -2.298035144805908 0 0 0 0 Pedestrian
13.7052001953125 9.211182594299316 -1.4769738912582397 0 0 0 0 Pedestrian
16.146726608276367 -7.567276477813721 -1.3801246881484985 0 0 0 0 Pedestrian
-26.434247970581055 1.1388193368911743 -1.2985478639602661 0 0 0 0 Pedestrian