5.182818412780762 -0.8289445638656616 -1.5698938369750977 0 0 0 0 Pedestrian
-5.059438228607178 1.9127533435821533 -1.3310741186141968 0 0 0 0 Pedestrian
-6.228874683380127 3.628263473510742 -1.7855356931686401 0 0 0 0 Pedestrian
7.273523330688477 -5.779781341552734 -1.2774306535720825 0 0 0 0 Pedestrian
-8.30108642578125 -2.68998646736145 -1.1176183223724365 0 0 0 0 Pedestrian
10.294000625610352 4.0249810218811035 -1.4795632362365723 0 0 0 0 Pedestrian
9.735604286193848 5.98687744140625 -2.5585150718688965 0 0 0 0 Pedestrian
0.2302984744310379 12.754426002502441 -2.236297369003296 0 0 0 0 Pedestrian
11.790474891662598 1.8658170700073242 -1.3466148376464844 0 0 0 0 Pedestrian
-11.583600997924805 4.691598415374756 -1.9155069589614868 0 0 0 0 Pedestrian
-10.835234642028809 -1.8920092582702637 -2.266371965408325 0 0 0 0 Pedestrian
16.1263427734375 -7.596134185791016 -1.3994603157043457 0 0 0 0 Pedestrian
-24.182077407836914 6.5779924392700195 -1.629525899887085 0 0 0 0 Pedestrian