-5.060376167297363 1.9097057580947876 -1.314597249031067 0 0 0 0 Pedestrian
5.1620564460754395 -0.8432458639144897 -1.5874766111373901 0 0 0 0 Pedestrian
-8.645263671875 3.0149242877960205 -1.8285787105560303 0 0 0 0 Pedestrian
5.794651508331299 -5.622996807098389 -1.4887388944625854 0 0 0 0 Pedestrian
10.300464630126953 4.05051851272583 -1.4575752019882202 0 0 0 0 Pedestrian
9.740278244018555 5.989800930023193 -2.5599308013916016 0 0 0 0 Pedestrian
-11.596190452575684 4.720310211181641 -1.92970609664917 0 0 0 0 Pedestrian
13.772411346435547 9.201703071594238 -1.5257829427719116 0 0 0 0 Pedestrian
16.153350830078125 -7.609582424163818 -1.402516484260559 0 0 0 0 Pedestrian
-26.426942825317383 1.1383945941925049 -1.29800283908844 0 0 0 0 Pedestrian
-24.6627140045166 9.442212104797363 -2.149068593978882 0 0 0 0 Pedestrian