-4.464507579803467 1.787575364112854 -1.2085891962051392 0 0 0 0 Pedestrian
5.181231498718262 -0.8409222364425659 -1.5660816431045532 0 0 0 0 Pedestrian
-5.802258014678955 3.080880880355835 -1.6083645820617676 0 0 0 0 Pedestrian
-6.695501804351807 4.472209453582764 -1.9565362930297852 0 0 0 0 Pedestrian
10.303556442260742 4.027032852172852 -1.5246490240097046 0 0 0 0 Pedestrian
9.762470245361328 5.975075721740723 -2.5532803535461426 0 0 0 0 Pedestrian
0.05448637157678604 11.279155731201172 -2.2983977794647217 0 0 0 0 Pedestrian
-11.58884048461914 4.617225170135498 -1.8760106563568115 0 0 0 0 Pedestrian
16.166549682617188 -7.589547157287598 -1.3932732343673706 0 0 0 0 Pedestrian
-21.97528076171875 8.477997779846191 -2.321291446685791 0 0 0 0 Pedestrian
-26.434919357299805 1.1388134956359863 -1.2984567880630493 0 0 0 0 Pedestrian