-5.207279205322266 3.0614025592803955 -1.7553426027297974 0 0 0 0 Pedestrian
5.183040142059326 -0.8472410440444946 -1.5751972198486328 0 0 0 0 Pedestrian
-5.973979949951172 3.0893819332122803 -1.6351014375686646 0 0 0 0 Pedestrian
10.320707321166992 4.025797367095947 -1.4683747291564941 0 0 0 0 Pedestrian
-10.028775215148926 5.997676849365234 -2.125697135925293 0 0 0 0 Pedestrian
9.719314575195312 5.976675510406494 -2.5545804500579834 0 0 0 0 Pedestrian
-0.00533048203215003 11.302895545959473 -2.232836961746216 0 0 0 0 Pedestrian
-11.574566841125488 4.640202522277832 -1.8842777013778687 0 0 0 0 Pedestrian
13.676850318908691 9.118066787719727 -1.5490766763687134 0 0 0 0 Pedestrian
16.139589309692383 -7.563949108123779 -1.3792182207107544 0 0 0 0 Pedestrian
-26.37486457824707 1.0901429653167725 -1.3416815996170044 0 0 0 0 Pedestrian