5.171750068664551 -0.8477494716644287 -1.5767576694488525 0 0 0 0 Pedestrian
-6.102685928344727 3.5463171005249023 -1.7850940227508545 0 0 0 0 Pedestrian
-3.485888719558716 -6.931229591369629 -1.2044265270233154 0 0 0 0 Pedestrian
10.35123062133789 4.068472862243652 -1.362727165222168 0 0 0 0 Pedestrian
0.24495573341846466 12.747209548950195 -2.2629477977752686 0 0 0 0 Pedestrian
9.770262718200684 5.942226886749268 -2.5747132301330566 0 0 0 0 Pedestrian
0.009346594102680683 11.295764923095703 -2.341691732406616 0 0 0 0 Pedestrian
-11.607050895690918 4.701058387756348 -1.9192754030227661 0 0 0 0 Pedestrian
-10.79222297668457 -1.9007604122161865 -2.3042521476745605 0 0 0 0 Pedestrian
16.139780044555664 -7.592782974243164 -1.39119553565979 0 0 0 0 Pedestrian
-26.38741111755371 1.0906102657318115 -1.342315673828125 0 0 0 0 Pedestrian