-5.177873134613037 2.979508638381958 -1.757084846496582 0 0 0 0 Pedestrian
-5.051879405975342 1.9154932498931885 -1.3142178058624268 0 0 0 0 Pedestrian
2.8200643062591553 10.077040672302246 -2.061861991882324 0 0 0 0 Pedestrian
5.818542957305908 -5.618771076202393 -1.4257450103759766 0 0 0 0 Pedestrian
10.296060562133789 4.027322292327881 -1.4618747234344482 0 0 0 0 Pedestrian
9.749327659606934 5.999880790710449 -2.5925416946411133 0 0 0 0 Pedestrian
0.23022522032260895 12.754596710205078 -2.236097812652588 0 0 0 0 Pedestrian
-11.704218864440918 4.596558094024658 -1.9228837490081787 0 0 0 0 Pedestrian
13.742263793945312 9.163723945617676 -1.5953445434570312 0 0 0 0 Pedestrian
16.1289119720459 -7.5765275955200195 -1.3789225816726685 0 0 0 0 Pedestrian
-26.381717681884766 1.0902189016342163 -1.3419790267944336 0 0 0 0 Pedestrian