5.180737495422363 -0.8481699824333191 -1.5785653591156006 0 0 0 0 Pedestrian
-5.072326183319092 1.9190078973770142 -1.3214941024780273 0 0 0 0 Pedestrian
8.514215469360352 -5.696381568908691 -1.3374038934707642 0 0 0 0 Pedestrian
5.831837177276611 -5.63146448135376 -1.4289404153823853 0 0 0 0 Pedestrian
10.336640357971191 4.049399375915527 -1.432275414466858 0 0 0 0 Pedestrian
9.767861366271973 5.978311538696289 -2.5548064708709717 0 0 0 0 Pedestrian
-11.604471206665039 4.60585355758667 -1.9134775400161743 0 0 0 0 Pedestrian
-13.39041519165039 -1.7072811126708984 -1.3852232694625854 0 0 0 0 Pedestrian
-10.830442428588867 -1.9068580865859985 -2.3116064071655273 0 0 0 0 Pedestrian
16.159818649291992 -7.5859761238098145 -1.3922780752182007 0 0 0 0 Pedestrian
-22.14019203186035 9.492101669311523 -2.3739898204803467 0 0 0 0 Pedestrian
-26.371448516845703 1.0899906158447266 -1.3414323329925537 0 0 0 0 Pedestrian