5.175530910491943 -0.8449902534484863 -1.5803077220916748 0 0 0 0 Pedestrian
-6.040326118469238 3.0697648525238037 -1.5718804597854614 0 0 0 0 Pedestrian
2.824657917022705 10.09305191040039 -2.065216064453125 0 0 0 0 Pedestrian
10.298830032348633 4.046963691711426 -1.4798376560211182 0 0 0 0 Pedestrian
9.782451629638672 5.949668884277344 -2.5777931213378906 0 0 0 0 Pedestrian
0.009902977384626865 11.299068450927734 -2.342184066772461 0 0 0 0 Pedestrian
-11.600993156433105 4.658413410186768 -1.9357446432113647 0 0 0 0 Pedestrian
-14.087451934814453 4.752601146697998 -2.0148394107818604 0 0 0 0 Pedestrian
16.122669219970703 -7.584826469421387 -1.3897253274917603 0 0 0 0 Pedestrian
-21.915224075317383 9.157598495483398 -2.340424060821533 0 0 0 0 Pedestrian
-26.39354133605957 1.0908234119415283 -1.342604398727417 0 0 0 0 Pedestrian