-3.849217176437378 -1.4763238430023193 -1.3721774816513062 0 0 0 0 Pedestrian
5.1820454597473145 -0.836414635181427 -1.5685616731643677 0 0 0 0 Pedestrian
-5.03893518447876 1.925133228302002 -1.309218406677246 0 0 0 0 Pedestrian
5.828952312469482 -5.633419036865234 -1.495295524597168 0 0 0 0 Pedestrian
9.145748138427734 -5.166493892669678 -1.1119928359985352 0 0 0 0 Pedestrian
10.296059608459473 4.029443264007568 -1.4604767560958862 0 0 0 0 Pedestrian
9.740466117858887 5.961695194244385 -2.5484859943389893 0 0 0 0 Pedestrian
-11.609757423400879 4.607879161834717 -1.9142423868179321 0 0 0 0 Pedestrian
13.759993553161621 9.208550453186035 -1.5142062902450562 0 0 0 0 Pedestrian
16.142070770263672 -7.603708267211914 -1.4006739854812622 0 0 0 0 Pedestrian
-26.378572463989258 1.0902482271194458 -1.3418604135513306 0 0 0 0 Pedestrian