5.174771785736084 -0.845104992389679 -1.5612913370132446 0 0 0 0 Pedestrian
-6.054908752441406 3.290105104446411 -1.5975273847579956 0 0 0 0 Pedestrian
5.834205627441406 -5.633738994598389 -1.4295357465744019 0 0 0 0 Pedestrian
10.28639030456543 4.037128448486328 -1.4954403638839722 0 0 0 0 Pedestrian
9.71687126159668 5.979658603668213 -2.583669424057007 0 0 0 0 Pedestrian
-11.624747276306152 4.632540225982666 -1.9132120609283447 0 0 0 0 Pedestrian
0.05435563996434212 11.26626205444336 -2.295987367630005 0 0 0 0 Pedestrian
-13.309417724609375 -1.7098406553268433 -1.3783591985702515 0 0 0 0 Pedestrian
-10.835023880004883 -1.9082279205322266 -2.313324213027954 0 0 0 0 Pedestrian
16.135643005371094 -7.590725421905518 -1.3904551267623901 0 0 0 0 Pedestrian
-21.368488311767578 9.473708152770996 -2.303415298461914 0 0 0 0 Pedestrian
-26.422454833984375 1.1382392644882202 -1.297705888748169 0 0 0 0 Pedestrian