5.187450885772705 -0.841050386428833 -1.578518271446228 0 0 0 0 Pedestrian
-5.056280136108398 1.9308247566223145 -1.3188230991363525 0 0 0 0 Pedestrian
-6.3865180015563965 3.6916065216064453 -1.580916166305542 0 0 0 0 Pedestrian
-8.337820053100586 -2.691659450531006 -1.2678648233413696 0 0 0 0 Pedestrian
10.30677604675293 4.014308452606201 -1.4770431518554688 0 0 0 0 Pedestrian
9.800393104553223 -5.9633259773254395 -1.1367703676223755 0 0 0 0 Pedestrian
9.73811149597168 5.9884033203125 -2.559422016143799 0 0 0 0 Pedestrian
-0.06343549489974976 11.33355712890625 -2.262868881225586 0 0 0 0 Pedestrian
11.656277656555176 2.0019912719726562 -1.3627724647521973 0 0 0 0 Pedestrian
-11.625090599060059 4.612366676330566 -1.901793122291565 0 0 0 0 Pedestrian
-14.064460754394531 4.744894981384277 -2.0113518238067627 0 0 0 0 Pedestrian
16.114124298095703 -7.596983432769775 -1.3895840644836426 0 0 0 0 Pedestrian
-26.373449325561523 1.090002417564392 -1.3414738178253174 0 0 0 0 Pedestrian