-5.178305625915527 3.089641809463501 -1.7545157670974731 0 0 0 0 Pedestrian
5.172176837921143 -0.8474669456481934 -1.5907313823699951 0 0 0 0 Pedestrian
-5.930298328399658 3.0945775508880615 -1.662439227104187 0 0 0 0 Pedestrian
-5.254932880401611 1.7769992351531982 -1.4826388359069824 0 0 0 0 Pedestrian
-6.679580211639404 4.448455810546875 -2.016205072402954 0 0 0 0 Pedestrian
2.819365978240967 10.074195861816406 -2.0611798763275146 0 0 0 0 Pedestrian
10.352251052856445 4.020528316497803 -1.385875940322876 0 0 0 0 Pedestrian
9.751463890075684 5.996004104614258 -2.5623104572296143 0 0 0 0 Pedestrian
13.660425186157227 9.109424591064453 -1.5855140686035156 0 0 0 0 Pedestrian
16.157703399658203 -7.585294723510742 -1.3923085927963257 0 0 0 0 Pedestrian
-26.37815284729004 1.0903071165084839 -1.3417279720306396 0 0 0 0 Pedestrian