-5.1282758712768555 3.077927827835083 -1.7526615858078003 0 0 0 0 Pedestrian
5.176092624664307 -0.8348907232284546 -1.5714470148086548 0 0 0 0 Pedestrian
-5.832627296447754 3.0908761024475098 -1.6449040174484253 0 0 0 0 Pedestrian
-3.484241008758545 -6.915043830871582 -1.2295805215835571 0 0 0 0 Pedestrian
-5.282840251922607 1.7445263862609863 -1.4700381755828857 0 0 0 0 Pedestrian
-6.697826385498047 4.457225799560547 -1.9994025230407715 0 0 0 0 Pedestrian
10.313254356384277 4.040360450744629 -1.490364909172058 0 0 0 0 Pedestrian
0.2452978640794754 12.757091522216797 -2.2647833824157715 0 0 0 0 Pedestrian
9.734309196472168 5.990103244781494 -2.5883753299713135 0 0 0 0 Pedestrian
-11.705848693847656 4.597535610198975 -1.9232139587402344 0 0 0 0 Pedestrian
-10.854667663574219 -1.9114080667495728 -2.3168540000915527 0 0 0 0 Pedestrian
16.1348876953125 -7.600494384765625 -1.400301218032837 0 0 0 0 Pedestrian
-22.227018356323242 8.496973037719727 -2.3445987701416016 0 0 0 0 Pedestrian
-26.395954132080078 1.0909448862075806 -1.3429162502288818 0 0 0 0 Pedestrian