5.1728515625 -0.8502993583679199 -1.5817002058029175 0 0 0 0 Pedestrian
-5.975531101226807 3.134733200073242 -1.5393179655075073 0 0 0 0 Pedestrian
6.390758514404297 -5.258279800415039 -1.820444941520691 0 0 0 0 Pedestrian
8.52901840209961 -5.7268290519714355 -1.2982523441314697 0 0 0 0 Pedestrian
10.319988250732422 4.048676013946533 -1.4098618030548096 0 0 0 0 Pedestrian
9.731334686279297 5.983921051025391 -2.557663679122925 0 0 0 0 Pedestrian
0.054483700543642044 11.27219009399414 -2.2969281673431396 0 0 0 0 Pedestrian
-11.614113807678223 4.6353044509887695 -1.9278663396835327 0 0 0 0 Pedestrian
16.137107849121094 -7.5754780769348145 -1.3907369375228882 0 0 0 0 Pedestrian
-22.292884826660156 9.476692199707031 -2.3874075412750244 0 0 0 0 Pedestrian
-26.38399887084961 1.090283751487732 -1.342140555381775 0 0 0 0 Pedestrian