5.173312187194824 -0.8401944041252136 -1.563768744468689 0 0 0 0 Pedestrian
-5.065341472625732 1.9076288938522339 -1.307860255241394 0 0 0 0 Pedestrian
-4.486280918121338 2.090045690536499 -1.7800933122634888 0 0 0 0 Pedestrian
-6.0564727783203125 3.5198490619659424 -1.6090552806854248 0 0 0 0 Pedestrian
-3.4847686290740967 -6.909706115722656 -1.228758454322815 0 0 0 0 Pedestrian
2.8233981132507324 10.088837623596191 -2.064270496368408 0 0 0 0 Pedestrian
5.764565467834473 -5.606359958648682 -1.4589762687683105 0 0 0 0 Pedestrian
10.285693168640137 4.044916152954102 -1.4748079776763916 0 0 0 0 Pedestrian
0.22998692095279694 12.748074531555176 -2.2351083755493164 0 0 0 0 Pedestrian
9.755002975463867 5.973716735839844 -2.5838255882263184 0 0 0 0 Pedestrian
-11.596674919128418 4.6790008544921875 -1.901879906654358 0 0 0 0 Pedestrian
16.124935150146484 -7.58561897277832 -1.389936923980713 0 0 0 0 Pedestrian
19.53431510925293 2.775369882583618 -1.6216968297958374 0 0 0 0 Pedestrian
-26.396963119506836 1.0908427238464355 -1.3429104089736938 0 0 0 0 Pedestrian