5.170896530151367 -0.8533173203468323 -1.5877679586410522 0 0 0 0 Pedestrian
-5.090241432189941 3.1618051528930664 -1.7113559246063232 0 0 0 0 Pedestrian
-5.266866207122803 1.7516567707061768 -1.4593788385391235 0 0 0 0 Pedestrian
-6.639843463897705 4.515407085418701 -1.6854133605957031 0 0 0 0 Pedestrian
8.622912406921387 -5.801468849182129 -1.2532200813293457 0 0 0 0 Pedestrian
2.8214163780212402 10.081764221191406 -2.062788248062134 0 0 0 0 Pedestrian
9.737932205200195 -6.0198655128479 -1.3011205196380615 0 0 0 0 Pedestrian
10.318490028381348 4.036169052124023 -1.449273705482483 0 0 0 0 Pedestrian
9.761483192443848 5.9773945808410645 -2.5851833820343018 0 0 0 0 Pedestrian
0.009520884603261948 11.296038627624512 -2.3414382934570312 0 0 0 0 Pedestrian
-11.586206436157227 4.716516017913818 -1.9284127950668335 0 0 0 0 Pedestrian
-24.216238021850586 6.587094306945801 -1.6317470073699951 0 0 0 0 Pedestrian