-4.462345123291016 1.7887890338897705 -1.2093892097473145 0 0 0 0 Pedestrian
-4.739676475524902 3.1298024654388428 -1.7276530265808105 0 0 0 0 Pedestrian
5.1662211418151855 -0.8476174473762512 -1.5703860521316528 0 0 0 0 Pedestrian
-5.273583889007568 1.7696613073349 -1.4732046127319336 0 0 0 0 Pedestrian
-9.983867645263672 2.9543275833129883 -1.923802375793457 0 0 0 0 Pedestrian
10.295831680297852 4.0270795822143555 -1.5055369138717651 0 0 0 0 Pedestrian
9.73779010772705 5.988234996795654 -2.5590317249298096 0 0 0 0 Pedestrian
0.009461389854550362 11.294496536254883 -2.341240644454956 0 0 0 0 Pedestrian
-11.616510391235352 4.636101722717285 -1.92793607711792 0 0 0 0 Pedestrian
-10.832428932189941 -1.90751051902771 -2.312469005584717 0 0 0 0 Pedestrian
13.695749282836914 9.103108406066895 -1.4961146116256714 0 0 0 0 Pedestrian