5.172327995300293 -0.844874918460846 -1.5755174160003662 0 0 0 0 Pedestrian
-4.484107494354248 1.940902829170227 -1.5627681016921997 0 0 0 0 Pedestrian
-5.249988079071045 1.7627403736114502 -1.4770854711532593 0 0 0 0 Pedestrian
0.9938783049583435 7.449288845062256 -2.4257771968841553 0 0 0 0 Pedestrian
-6.730388164520264 4.443399429321289 -2.0920605659484863 0 0 0 0 Pedestrian
2.823960781097412 10.090561866760254 -2.064783811569214 0 0 0 0 Pedestrian
10.311946868896484 4.017956733703613 -1.49790358543396 0 0 0 0 Pedestrian
9.74087905883789 5.994397163391113 -2.5899198055267334 0 0 0 0 Pedestrian
0.054638028144836426 11.276841163635254 -2.2978689670562744 0 0 0 0 Pedestrian
6.355640411376953 9.367527961730957 -1.5329828262329102 0 0 0 0 Pedestrian
-11.593656539916992 4.695721626281738 -1.9171955585479736 0 0 0 0 Pedestrian
17.726696014404297 -7.828465461730957 -1.4799251556396484 0 0 0 0 Pedestrian
-26.393964767456055 1.0908267498016357 -1.342750906944275 0 0 0 0 Pedestrian