-4.928041458129883 3.0994558334350586 -1.7146834135055542 0 0 0 0 Pedestrian
5.174708366394043 -0.8399244546890259 -1.5688682794570923 0 0 0 0 Pedestrian
-5.260455131530762 1.7655624151229858 -1.4699175357818604 0 0 0 0 Pedestrian
9.725776672363281 -6.013544082641602 -1.3284852504730225 0 0 0 0 Pedestrian
10.313003540039062 4.024381160736084 -1.440040946006775 0 0 0 0 Pedestrian
11.482799530029297 -0.4292339086532593 -1.4174398183822632 0 0 0 0 Pedestrian
9.74643325805664 5.96508264541626 -2.5495545864105225 0 0 0 0 Pedestrian
0.23000189661979675 12.744930267333984 -2.255793571472168 0 0 0 0 Pedestrian
0.00959034077823162 11.30569076538086 -2.3435819149017334 0 0 0 0 Pedestrian
16.166709899902344 -7.589221477508545 -1.3647608757019043 0 0 0 0 Pedestrian
19.58148765563965 2.7820775508880615 -1.6237205266952515 0 0 0 0 Pedestrian
-26.43159294128418 1.1386306285858154 -1.298322319984436 0 0 0 0 Pedestrian