-4.997913360595703 3.099433422088623 -1.7396248579025269 0 0 0 0 Pedestrian
5.18176794052124 -0.8286228775978088 -1.5512659549713135 0 0 0 0 Pedestrian
9.730986595153809 -6.019636631011963 -1.31521737575531 0 0 0 0 Pedestrian
10.308256149291992 4.029557228088379 -1.4378056526184082 0 0 0 0 Pedestrian
0.2128286063671112 12.745414733886719 -2.225400447845459 0 0 0 0 Pedestrian
9.77273941040039 5.943775653839111 -2.5754024982452393 0 0 0 0 Pedestrian
-9.86502456665039 5.180272579193115 -1.9888718128204346 0 0 0 0 Pedestrian
0.05482647195458412 11.267093658447266 -2.2956831455230713 0 0 0 0 Pedestrian
-13.301671028137207 -1.7228965759277344 -1.3466912508010864 0 0 0 0 Pedestrian
-10.8367280960083 -1.9081318378448486 -2.3131825923919678 0 0 0 0 Pedestrian
13.686134338378906 9.124156951904297 -1.5502578020095825 0 0 0 0 Pedestrian
16.163755416870117 -7.5754170417785645 -1.3815385103225708 0 0 0 0 Pedestrian
-26.4216251373291 1.1381279230117798 -1.2976876497268677 0 0 0 0 Pedestrian