-4.46527099609375 1.786757469177246 -1.2078293561935425 0 0 0 0 Pedestrian
-5.127976894378662 3.168602705001831 -1.7131028175354004 0 0 0 0 Pedestrian
5.171206951141357 -0.8502722978591919 -1.5852258205413818 0 0 0 0 Pedestrian
-5.245942115783691 1.776641845703125 -1.4804505109786987 0 0 0 0 Pedestrian
8.62591552734375 -5.800044536590576 -1.2905570268630981 0 0 0 0 Pedestrian
9.726273536682129 -6.0166449546813965 -1.314763069152832 0 0 0 0 Pedestrian
10.315003395080566 4.012486934661865 -1.5076348781585693 0 0 0 0 Pedestrian
9.747847557067871 5.968932628631592 -2.581373929977417 0 0 0 0 Pedestrian
0.009732912294566631 11.301892280578613 -2.342771291732788 0 0 0 0 Pedestrian
6.449026584625244 9.291346549987793 -1.4976990222930908 0 0 0 0 Pedestrian
-11.601282119750977 4.698774814605713 -1.9182895421981812 0 0 0 0 Pedestrian
13.702901840209961 9.107799530029297 -1.4969781637191772 0 0 0 0 Pedestrian
-26.40379524230957 1.091194748878479 -1.3433631658554077 0 0 0 0 Pedestrian