-4.978529930114746 3.102632522583008 -1.7239357233047485 0 0 0 0 Pedestrian
5.185169696807861 -0.8366326689720154 -1.5710220336914062 0 0 0 0 Pedestrian
-5.650264739990234 3.085620641708374 -1.7503737211227417 0 0 0 0 Pedestrian
-6.650331020355225 4.491525650024414 -1.68415105342865 0 0 0 0 Pedestrian
10.289151191711426 4.052656650543213 -1.4262880086898804 0 0 0 0 Pedestrian
9.745424270629883 5.962002277374268 -2.5804495811462402 0 0 0 0 Pedestrian
-9.863370895385742 5.100727081298828 -1.9740558862686157 0 0 0 0 Pedestrian
0.05435106158256531 11.289374351501465 -2.300779104232788 0 0 0 0 Pedestrian
-10.82620906829834 -1.906659483909607 -2.3112292289733887 0 0 0 0 Pedestrian
16.172208786010742 -7.59213399887085 -1.3932743072509766 0 0 0 0 Pedestrian
-20.767654418945312 8.678373336791992 -2.21793532371521 0 0 0 0 Pedestrian