-5.326565265655518 3.0334861278533936 -1.7288604974746704 0 0 0 0 Pedestrian
5.1811347007751465 -0.8485515713691711 -1.5731761455535889 0 0 0 0 Pedestrian
-5.282757759094238 1.7581008672714233 -1.4252588748931885 0 0 0 0 Pedestrian
-9.737549781799316 2.8948028087615967 -2.0715365409851074 0 0 0 0 Pedestrian
-9.948463439941406 4.142264366149902 -1.6737844944000244 0 0 0 0 Pedestrian
10.305212020874023 4.025798797607422 -1.4578382968902588 0 0 0 0 Pedestrian
9.74719524383545 5.968758583068848 -2.5816617012023926 0 0 0 0 Pedestrian
0.25176823139190674 12.725799560546875 -2.244877576828003 0 0 0 0 Pedestrian
13.672321319580078 9.114989280700684 -1.5485767126083374 0 0 0 0 Pedestrian
16.163803100585938 -7.542507648468018 -1.335482120513916 0 0 0 0 Pedestrian
-26.364757537841797 1.0896438360214233 -1.3409918546676636 0 0 0 0 Pedestrian