5.179481029510498 -0.8437437415122986 -1.5720875263214111 0 0 0 0 Pedestrian
-4.6937575340271 3.0644147396087646 -1.6996469497680664 0 0 0 0 Pedestrian
-9.83393383026123 3.1507716178894043 -2.072065830230713 0 0 0 0 Pedestrian
-7.998868942260742 2.061518907546997 -2.3062918186187744 0 0 0 0 Pedestrian
10.302336692810059 4.024611949920654 -1.467143177986145 0 0 0 0 Pedestrian
9.729697227478027 5.987551212310791 -2.5868632793426514 0 0 0 0 Pedestrian
-9.98696231842041 4.507655620574951 -1.7880399227142334 0 0 0 0 Pedestrian
0.05485968664288521 11.276122093200684 -2.2976560592651367 0 0 0 0 Pedestrian
13.681157112121582 9.120861053466797 -1.5496668815612793 0 0 0 0 Pedestrian
16.179950714111328 -7.595297813415527 -1.3656994104385376 0 0 0 0 Pedestrian
-26.44144630432129 1.1849050521850586 -1.4408320188522339 0 0 0 0 Pedestrian