-4.835403919219971 3.0693955421447754 -1.708872675895691 0 0 0 0 Pedestrian
5.178546905517578 -0.8422968983650208 -1.5625666379928589 0 0 0 0 Pedestrian
-5.252134323120117 1.7401341199874878 -1.427619218826294 0 0 0 0 Pedestrian
7.233349800109863 -5.7782793045043945 -1.298973798751831 0 0 0 0 Pedestrian
-9.977072715759277 2.8113527297973633 -1.9197890758514404 0 0 0 0 Pedestrian
-6.641376495361328 4.5012335777282715 -1.6169263124465942 0 0 0 0 Pedestrian
9.724112510681152 -6.0153679847717285 -1.3138796091079712 0 0 0 0 Pedestrian
10.29958438873291 4.021756172180176 -1.4962761402130127 0 0 0 0 Pedestrian
0.2448069304227829 12.746384620666504 -2.262605667114258 0 0 0 0 Pedestrian
9.73583984375 5.991453647613525 -2.5888562202453613 0 0 0 0 Pedestrian
-11.594985961914062 4.69647216796875 -1.9176807403564453 0 0 0 0 Pedestrian
16.1771183013916 -7.5644073486328125 -1.3517462015151978 0 0 0 0 Pedestrian
-26.39253807067871 1.0908002853393555 -1.3426951169967651 0 0 0 0 Pedestrian