2.1925792694091797 4.0079026222229 -1.514876365661621 0 0 0 0 Pedestrian
5.174545764923096 -0.843733549118042 -1.5648194551467896 0 0 0 0 Pedestrian
-3.4916703701019287 -6.929118633270264 -1.207072377204895 0 0 0 0 Pedestrian
-5.261116027832031 1.7523971796035767 -1.466919183731079 0 0 0 0 Pedestrian
-6.6980061531066895 4.472524166107178 -2.0363152027130127 0 0 0 0 Pedestrian
7.189425945281982 -5.762163162231445 -1.1819149255752563 0 0 0 0 Pedestrian
10.335101127624512 4.0214009284973145 -1.4472019672393799 0 0 0 0 Pedestrian
9.747693061828613 5.999100685119629 -2.592033863067627 0 0 0 0 Pedestrian
0.009471689350903034 11.30935001373291 -2.3445377349853516 0 0 0 0 Pedestrian
-11.617217063903809 4.6360273361206055 -1.9279303550720215 0 0 0 0 Pedestrian
-26.391828536987305 1.0908082723617554 -1.3425521850585938 0 0 0 0 Pedestrian
-18.165531158447266 21.660905838012695 -1.831979513168335 0 0 0 0 Pedestrian