3.7638468742370605 3.6543407440185547 -1.6601248979568481 0 0 0 0 Pedestrian
5.169486045837402 -0.8497899174690247 -1.5847446918487549 0 0 0 0 Pedestrian
-4.478305339813232 1.9605520963668823 -1.5691031217575073 0 0 0 0 Pedestrian
-5.267535209655762 1.7541651725769043 -1.468894124031067 0 0 0 0 Pedestrian
-6.756779193878174 4.484555721282959 -2.014183759689331 0 0 0 0 Pedestrian
-8.304718971252441 -2.6930019855499268 -1.1551761627197266 0 0 0 0 Pedestrian
9.729382514953613 -6.011730194091797 -1.3153095245361328 0 0 0 0 Pedestrian
10.295042037963867 4.031485080718994 -1.4536854028701782 0 0 0 0 Pedestrian
9.730798721313477 5.983201026916504 -2.556805372238159 0 0 0 0 Pedestrian
-11.607486724853516 4.6610941886901855 -1.9368479251861572 0 0 0 0 Pedestrian
0.009720762260258198 11.29831314086914 -2.3420028686523438 0 0 0 0 Pedestrian
16.125112533569336 -7.595649242401123 -1.3995226621627808 0 0 0 0 Pedestrian
-26.392393112182617 1.0908727645874023 -1.3426969051361084 0 0 0 0 Pedestrian