-4.468596458435059 1.7841984033584595 -1.2045797109603882 0 0 0 0 Pedestrian
5.172619819641113 -0.8544393181800842 -1.5817949771881104 0 0 0 0 Pedestrian
-5.268408298492432 1.7521024942398071 -1.4778330326080322 0 0 0 0 Pedestrian
-6.62862491607666 4.439103603363037 -2.0415990352630615 0 0 0 0 Pedestrian
-9.914813995361328 2.774176836013794 -2.0084424018859863 0 0 0 0 Pedestrian
10.316449165344238 4.0261640548706055 -1.4695098400115967 0 0 0 0 Pedestrian
9.737326622009277 5.992162704467773 -2.58947491645813 0 0 0 0 Pedestrian
-11.602641105651855 4.699482440948486 -1.9187066555023193 0 0 0 0 Pedestrian
16.180097579956055 -7.568850517272949 -1.3375589847564697 0 0 0 0 Pedestrian
-26.447038650512695 1.1389117240905762 -1.4644771814346313 0 0 0 0 Pedestrian
-24.220548629760742 6.587497711181641 -1.7231006622314453 0 0 0 0 Pedestrian