5.177217483520508 -0.8399417400360107 -1.5825603008270264 0 0 0 0 Pedestrian
-5.2748637199401855 1.735292911529541 -1.4783899784088135 0 0 0 0 Pedestrian
10.31446361541748 4.046136856079102 -1.47324538230896 0 0 0 0 Pedestrian
0.22464017570018768 12.749850273132324 -2.2567667961120605 0 0 0 0 Pedestrian
9.7554292678833 5.968136787414551 -2.5829265117645264 0 0 0 0 Pedestrian
6.3171305656433105 9.34338665008545 -1.49198317527771 0 0 0 0 Pedestrian
-11.616427421569824 4.610592842102051 -1.9153460264205933 0 0 0 0 Pedestrian
-14.05059814453125 4.795490264892578 -1.9590957164764404 0 0 0 0 Pedestrian
-22.27864646911621 9.114602088928223 -2.3306236267089844 0 0 0 0 Pedestrian
-26.39752197265625 1.0910202264785767 -1.3430126905441284 0 0 0 0 Pedestrian
-24.21793556213379 6.586768627166748 -1.7229975461959839 0 0 0 0 Pedestrian