3.3547098636627197 3.7618613243103027 -1.5979236364364624 0 0 0 0 Pedestrian
5.169436931610107 -0.8490937352180481 -1.5842458009719849 0 0 0 0 Pedestrian
-5.226184368133545 1.7891443967819214 -1.5035136938095093 0 0 0 0 Pedestrian
7.901596546173096 -2.0067222118377686 -1.033538579940796 0 0 0 0 Pedestrian
10.301515579223633 4.045533180236816 -1.414613127708435 0 0 0 0 Pedestrian
9.752902030944824 5.969465255737305 -2.5516152381896973 0 0 0 0 Pedestrian
0.2299487143754959 12.744670867919922 -2.234462261199951 0 0 0 0 Pedestrian
-11.614989280700684 4.681962966918945 -1.9046579599380493 0 0 0 0 Pedestrian
16.13776397705078 -7.563397407531738 -1.3794480562210083 0 0 0 0 Pedestrian
-24.606416702270508 9.247129440307617 -2.139647960662842 0 0 0 0 Pedestrian
-18.186180114746094 21.614023208618164 -1.8682658672332764 0 0 0 0 Pedestrian