2.4015142917633057 3.9460620880126953 -1.4963231086730957 0 0 0 0 Pedestrian
-4.457423210144043 1.79022216796875 -1.2172473669052124 0 0 0 0 Pedestrian
5.167087554931641 -0.850938618183136 -1.5841625928878784 0 0 0 0 Pedestrian
-7.992888450622559 2.0599191188812256 -2.3045053482055664 0 0 0 0 Pedestrian
10.303470611572266 4.034365177154541 -1.4708362817764282 0 0 0 0 Pedestrian
9.744311332702637 5.996584892272949 -2.590640068054199 0 0 0 0 Pedestrian
0.2298782616853714 12.748254776000977 -2.235245943069458 0 0 0 0 Pedestrian
-11.628496170043945 4.660128593444824 -1.8919529914855957 0 0 0 0 Pedestrian
16.17109489440918 -7.5457329750061035 -1.3361653089523315 0 0 0 0 Pedestrian
17.797420501708984 -7.756788730621338 -1.3857866525650024 0 0 0 0 Pedestrian
-26.426773071289062 1.1383863687515259 -1.2980502843856812 0 0 0 0 Pedestrian