-4.467967510223389 1.7762792110443115 -1.2060933113098145 0 0 0 0 Pedestrian
-5.2057576179504395 3.1389052867889404 -1.755333662033081 0 0 0 0 Pedestrian
-5.2769975662231445 1.7837331295013428 -1.4771748781204224 0 0 0 0 Pedestrian
-6.718605041503906 4.494211196899414 -1.786965250968933 0 0 0 0 Pedestrian
-8.301579475402832 -2.69004225730896 -1.236153244972229 0 0 0 0 Pedestrian
-10.070981979370117 3.8604953289031982 -1.6991938352584839 0 0 0 0 Pedestrian
9.719135284423828 -6.009304523468018 -1.3272955417633057 0 0 0 0 Pedestrian
10.299311637878418 4.050710678100586 -1.4556084871292114 0 0 0 0 Pedestrian
9.739469528198242 5.993377685546875 -2.5900864601135254 0 0 0 0 Pedestrian
13.67955493927002 9.119706153869629 -1.5492839813232422 0 0 0 0 Pedestrian
-26.424108505249023 1.1383013725280762 -1.2979484796524048 0 0 0 0 Pedestrian