-4.79174280166626 3.0946192741394043 -1.721268653869629 0 0 0 0 Pedestrian
5.190483093261719 -0.8354114294052124 -1.5641610622406006 0 0 0 0 Pedestrian
-5.266064643859863 1.7643321752548218 -1.4710044860839844 0 0 0 0 Pedestrian
-9.97369384765625 2.9693453311920166 -1.9909995794296265 0 0 0 0 Pedestrian
-8.000943183898926 2.0621204376220703 -2.3068251609802246 0 0 0 0 Pedestrian
10.329976081848145 4.0234293937683105 -1.4378101825714111 0 0 0 0 Pedestrian
9.743817329406738 5.99638557434082 -2.590886354446411 0 0 0 0 Pedestrian
0.00974996853619814 11.295175552368164 -2.3412716388702393 0 0 0 0 Pedestrian
-11.607876777648926 4.607204914093018 -1.9140863418579102 0 0 0 0 Pedestrian
-10.840015411376953 -1.9086726903915405 -2.313859224319458 0 0 0 0 Pedestrian
-14.167706489562988 4.930665016174316 -1.9797719717025757 0 0 0 0 Pedestrian
-26.38184928894043 1.0903656482696533 -1.3421045541763306 0 0 0 0 Pedestrian