5.179381847381592 -0.8422572016716003 -1.5748484134674072 0 0 0 0 Pedestrian
-5.278777122497559 1.7713173627853394 -1.47463059425354 0 0 0 0 Pedestrian
-10.183780670166016 -1.0090855360031128 -2.0248796939849854 0 0 0 0 Pedestrian
9.723882675170898 -6.0153422355651855 -1.3141776323318481 0 0 0 0 Pedestrian
10.327540397644043 4.0434041023254395 -1.4624252319335938 0 0 0 0 Pedestrian
-11.759099006652832 -1.6586475372314453 -1.7050492763519287 0 0 0 0 Pedestrian
0.23000694811344147 12.749929428100586 -2.235326051712036 0 0 0 0 Pedestrian
9.752304077148438 5.944060802459717 -2.5714049339294434 0 0 0 0 Pedestrian
-10.812814712524414 -1.9039771556854248 -2.308143377304077 0 0 0 0 Pedestrian
-14.095221519470215 4.810469627380371 -1.9659528732299805 0 0 0 0 Pedestrian
16.120418548583984 -7.583785533905029 -1.389793038368225 0 0 0 0 Pedestrian
17.107295989990234 2.5432662963867188 -1.955045223236084 0 0 0 0 Pedestrian
-26.399585723876953 1.1369595527648926 -1.461089849472046 0 0 0 0 Pedestrian