5.4193034172058105 3.268911123275757 -1.7017697095870972 0 0 0 0 Pedestrian
5.183005332946777 -0.8431386351585388 -1.56714928150177 0 0 0 0 Pedestrian
-5.249632835388184 1.7621400356292725 -1.4575116634368896 0 0 0 0 Pedestrian
-6.71565580368042 4.450399875640869 -2.0648112297058105 0 0 0 0 Pedestrian
-8.363363265991211 -2.687558650970459 -1.1689717769622803 0 0 0 0 Pedestrian
10.295358657836914 4.014829158782959 -1.4860552549362183 0 0 0 0 Pedestrian
0.2399209588766098 12.743441581726074 -2.2622032165527344 0 0 0 0 Pedestrian
-11.609760284423828 4.661935329437256 -1.9371768236160278 0 0 0 0 Pedestrian
0.05451216548681259 11.274697303771973 -2.297783851623535 0 0 0 0 Pedestrian
16.142345428466797 -7.604037761688232 -1.4013105630874634 0 0 0 0 Pedestrian
-26.433591842651367 1.1387442350387573 -1.2983088493347168 0 0 0 0 Pedestrian