-4.464451789855957 1.7761849164962769 -1.2205339670181274 0 0 0 0 Pedestrian
5.17744779586792 -0.8434998989105225 -1.5655149221420288 0 0 0 0 Pedestrian
-10.012484550476074 -0.9836626052856445 -1.9252631664276123 0 0 0 0 Pedestrian
7.146222114562988 -5.765350818634033 -1.1469688415527344 0 0 0 0 Pedestrian
10.370457649230957 4.0597357749938965 -1.3113274574279785 0 0 0 0 Pedestrian
0.22986763715744019 12.743282318115234 -2.2342703342437744 0 0 0 0 Pedestrian
9.763311386108398 5.972671985626221 -2.585170030593872 0 0 0 0 Pedestrian
-0.005527430679649115 11.290933609008789 -2.287005662918091 0 0 0 0 Pedestrian
-11.692638397216797 4.564034461975098 -1.9089529514312744 0 0 0 0 Pedestrian
-10.815150260925293 -1.9043285846710205 -2.3085618019104004 0 0 0 0 Pedestrian
16.15876007080078 -7.585694313049316 -1.3640066385269165 0 0 0 0 Pedestrian
17.103300094604492 2.588416814804077 -1.9225972890853882 0 0 0 0 Pedestrian
-19.15137481689453 8.327967643737793 -2.1419827938079834 0 0 0 0 Pedestrian
-26.380563735961914 1.0904128551483154 -1.3419866561889648 0 0 0 0 Pedestrian