-4.463982105255127 1.795763611793518 -1.1976243257522583 0 0 0 0 Pedestrian
5.1822710037231445 -0.8414071798324585 -1.5757486820220947 0 0 0 0 Pedestrian
-5.250466346740723 1.7367534637451172 -1.4444540739059448 0 0 0 0 Pedestrian
-10.191301345825195 -1.0099046230316162 -2.0262844562530518 0 0 0 0 Pedestrian
10.33024787902832 4.0110368728637695 -1.4991157054901123 0 0 0 0 Pedestrian
-11.755025863647461 -1.6697183847427368 -1.6513038873672485 0 0 0 0 Pedestrian
9.758591651916504 5.948022842407227 -2.5730671882629395 0 0 0 0 Pedestrian
-0.03649232164025307 11.306462287902832 -2.2723474502563477 0 0 0 0 Pedestrian
16.14962387084961 -7.568769931793213 -1.3805583715438843 0 0 0 0 Pedestrian
17.137710571289062 2.5162065029144287 -1.986493706703186 0 0 0 0 Pedestrian
-26.387691497802734 1.0906907320022583 -1.3423545360565186 0 0 0 0 Pedestrian