-4.469091415405273 1.7853237390518188 -1.1934460401535034 0 0 0 0 Pedestrian
-9.521717071533203 -0.9311121702194214 -1.8930764198303223 0 0 0 0 Pedestrian
-8.34473991394043 -2.6727824211120605 -1.1403474807739258 0 0 0 0 Pedestrian
2.8224267959594727 10.085420608520508 -2.063579797744751 0 0 0 0 Pedestrian
10.296998023986816 4.0290350914001465 -1.505797028541565 0 0 0 0 Pedestrian
-11.589128494262695 4.600001335144043 -1.9112516641616821 0 0 0 0 Pedestrian
-10.815142631530762 -1.9047693014144897 -2.3092169761657715 0 0 0 0 Pedestrian
14.348637580871582 1.9209409952163696 -1.675819754600525 0 0 0 0 Pedestrian
16.144752502441406 -7.605309963226318 -1.4017537832260132 0 0 0 0 Pedestrian
17.043174743652344 2.6441612243652344 -1.830845594406128 0 0 0 0 Pedestrian
-26.407649993896484 1.091199278831482 -1.3436106443405151 0 0 0 0 Pedestrian
-18.24288558959961 21.574426651000977 -1.8308062553405762 0 0 0 0 Pedestrian