-4.45786714553833 1.7989575862884521 -1.2157032489776611 0 0 0 0 Pedestrian
5.173830986022949 -0.839342474937439 -1.5663176774978638 0 0 0 0 Pedestrian
-10.071484565734863 -0.997143030166626 -1.963688611984253 0 0 0 0 Pedestrian
7.895900249481201 -2.016578435897827 -1.0135774612426758 0 0 0 0 Pedestrian
10.344346046447754 4.024101257324219 -1.3454025983810425 0 0 0 0 Pedestrian
0.22970646619796753 12.74209213256836 -2.234135389328003 0 0 0 0 Pedestrian
9.71798038482666 5.998016834259033 -2.6199328899383545 0 0 0 0 Pedestrian
0.05462277680635452 11.280350685119629 -2.298804998397827 0 0 0 0 Pedestrian
-11.602173805236816 4.699189186096191 -1.9184824228286743 0 0 0 0 Pedestrian
-10.847321510314941 -1.8940852880477905 -2.2687768936157227 0 0 0 0 Pedestrian
16.14153480529785 -7.577361583709717 -1.3908625841140747 0 0 0 0 Pedestrian
17.073917388916016 2.583925485610962 -1.9192804098129272 0 0 0 0 Pedestrian
-19.018455505371094 8.377752304077148 -2.198965549468994 0 0 0 0 Pedestrian
-26.406497955322266 1.0913994312286377 -1.3435475826263428 0 0 0 0 Pedestrian