-4.589006423950195 2.9725418090820312 -1.668678879737854 0 0 0 0 Pedestrian
5.179574012756348 -0.8432047367095947 -1.5847810506820679 0 0 0 0 Pedestrian
-3.4966015815734863 -6.927364826202393 -1.2094308137893677 0 0 0 0 Pedestrian
10.05079460144043 2.950977325439453 -1.9855735301971436 0 0 0 0 Pedestrian
-7.978248596191406 2.05618953704834 -2.3003697395324707 0 0 0 0 Pedestrian
10.321288108825684 4.020107746124268 -1.4720475673675537 0 0 0 0 Pedestrian
9.74488639831543 5.996973991394043 -2.5909011363983154 0 0 0 0 Pedestrian
0.05448058992624283 11.269094467163086 -2.2964911460876465 0 0 0 0 Pedestrian
-10.8577299118042 -1.9119590520858765 -2.317595958709717 0 0 0 0 Pedestrian
17.113624572753906 2.544034481048584 -1.9561972618103027 0 0 0 0 Pedestrian
-26.381282806396484 1.0903489589691162 -1.3420093059539795 0 0 0 0 Pedestrian