5.170015811920166 -0.839303195476532 -1.5714207887649536 0 0 0 0 Pedestrian
-10.096880912780762 -1.0367487668991089 -1.9125603437423706 0 0 0 0 Pedestrian
-10.618759155273438 -0.8267646431922913 -1.5962942838668823 0 0 0 0 Pedestrian
7.898535251617432 -1.9596223831176758 -1.0577423572540283 0 0 0 0 Pedestrian
10.32209300994873 4.05163049697876 -1.4200645685195923 0 0 0 0 Pedestrian
9.730432510375977 5.983786106109619 -2.5571155548095703 0 0 0 0 Pedestrian
-11.97391128540039 3.4885103702545166 -2.082679033279419 0 0 0 0 Pedestrian
-11.613197326660156 4.609513282775879 -1.9149154424667358 0 0 0 0 Pedestrian
16.16187286376953 -7.586925029754639 -1.3640371561050415 0 0 0 0 Pedestrian
17.131006240844727 2.538455009460449 -1.961424708366394 0 0 0 0 Pedestrian
-26.41221046447754 1.09134042263031 -1.3438984155654907 0 0 0 0 Pedestrian