5.176043510437012 -0.8474417328834534 -1.5926443338394165 0 0 0 0 Pedestrian
6.522087097167969 3.143667697906494 -1.7322300672531128 0 0 0 0 Pedestrian
-5.26585054397583 1.7674570083618164 -1.471494436264038 0 0 0 0 Pedestrian
-6.716803550720215 4.439780235290527 -2.101273536682129 0 0 0 0 Pedestrian
-10.146806716918945 -0.9586591720581055 -1.9891679286956787 0 0 0 0 Pedestrian
10.326386451721191 4.012241363525391 -1.4981204271316528 0 0 0 0 Pedestrian
9.733628273010254 5.990277290344238 -2.5881121158599854 0 0 0 0 Pedestrian
-11.596833229064941 4.628098011016846 -1.9246453046798706 0 0 0 0 Pedestrian
16.199731826782227 -7.575028896331787 -1.3537847995758057 0 0 0 0 Pedestrian
17.080888748168945 2.619249105453491 -1.8819687366485596 0 0 0 0 Pedestrian
-21.883745193481445 9.620586395263672 -2.0606932640075684 0 0 0 0 Pedestrian
-26.411483764648438 1.1376630067825317 -1.2971335649490356 0 0 0 0 Pedestrian