-4.464409828186035 1.7865617275238037 -1.2286930084228516 0 0 0 0 Pedestrian
-4.673737049102783 2.779358148574829 -1.632263422012329 0 0 0 0 Pedestrian
5.183177471160889 -0.8382018208503723 -1.5618791580200195 0 0 0 0 Pedestrian
-6.615512371063232 4.437365531921387 -2.0079495906829834 0 0 0 0 Pedestrian
2.8262691497802734 10.098655700683594 -2.0666725635528564 0 0 0 0 Pedestrian
10.303901672363281 4.054092884063721 -1.4454766511917114 0 0 0 0 Pedestrian
9.776932716369629 5.9459686279296875 -2.5431716442108154 0 0 0 0 Pedestrian
0.21241284906864166 12.727763175964355 -2.222346544265747 0 0 0 0 Pedestrian
6.2748026847839355 9.096824645996094 -1.4704746007919312 0 0 0 0 Pedestrian
0.009893953800201416 11.295186042785645 -2.3412017822265625 0 0 0 0 Pedestrian
16.15375518798828 -7.539060592651367 -1.3171793222427368 0 0 0 0 Pedestrian
17.117300033569336 2.5454986095428467 -1.9594377279281616 0 0 0 0 Pedestrian
-26.481578826904297 1.186926007270813 -1.4435521364212036 0 0 0 0 Pedestrian