-4.465507984161377 1.7756922245025635 -1.2448698282241821 0 0 0 0 Pedestrian
5.172873020172119 -0.8456132411956787 -1.5785056352615356 0 0 0 0 Pedestrian
-3.494149923324585 -6.929040908813477 -1.2112914323806763 0 0 0 0 Pedestrian
-5.275705814361572 1.7565308809280396 -1.4708830118179321 0 0 0 0 Pedestrian
2.822619676589966 10.085716247558594 -2.0638062953948975 0 0 0 0 Pedestrian
-7.995565891265869 2.05493426322937 -2.3251290321350098 0 0 0 0 Pedestrian
10.311250686645508 4.02012825012207 -1.437683343887329 0 0 0 0 Pedestrian
0.2521544396877289 12.734837532043457 -2.2466442584991455 0 0 0 0 Pedestrian
-0.06320220977067947 11.329322814941406 -2.2619736194610596 0 0 0 0 Pedestrian
-11.608478546142578 4.661489486694336 -1.9372022151947021 0 0 0 0 Pedestrian
-10.836381912231445 -1.9080702066421509 -2.3129310607910156 0 0 0 0 Pedestrian
14.12334156036377 1.9615134000778198 -1.6100387573242188 0 0 0 0 Pedestrian
16.130891799926758 -7.59879732131958 -1.4004250764846802 0 0 0 0 Pedestrian
17.048242568969727 2.5980117321014404 -1.8224701881408691 0 0 0 0 Pedestrian
-26.378292083740234 1.0902817249298096 -1.3417614698410034 0 0 0 0 Pedestrian