-4.685405254364014 2.6936516761779785 -1.641015648841858 0 0 0 0 Pedestrian
5.1732892990112305 -0.8497126698493958 -1.562461256980896 0 0 0 0 Pedestrian
-6.700674057006836 4.461068630218506 -2.004424571990967 0 0 0 0 Pedestrian
-10.015268325805664 -1.025192379951477 -1.847766637802124 0 0 0 0 Pedestrian
2.8220040798187256 10.083907127380371 -2.0631284713745117 0 0 0 0 Pedestrian
10.32823371887207 4.062386512756348 -1.4505254030227661 0 0 0 0 Pedestrian
-12.217489242553711 3.7877705097198486 -1.901869773864746 0 0 0 0 Pedestrian
9.744738578796387 5.997037410736084 -2.5913472175598145 0 0 0 0 Pedestrian
6.215482234954834 9.073467254638672 -1.4907996654510498 0 0 0 0 Pedestrian
0.05458321422338486 11.28144645690918 -2.299046039581299 0 0 0 0 Pedestrian
-11.614689826965332 4.704329490661621 -1.9207003116607666 0 0 0 0 Pedestrian
-14.13450813293457 4.9233551025390625 -1.9521324634552002 0 0 0 0 Pedestrian
16.168025970458984 -7.577431678771973 -1.3511648178100586 0 0 0 0 Pedestrian
17.15685272216797 2.518707513809204 -1.9892984628677368 0 0 0 0 Pedestrian