-4.462339878082275 1.7884365320205688 -1.2181830406188965 0 0 0 0 Pedestrian
-5.26577091217041 1.7533365488052368 -1.468381643295288 0 0 0 0 Pedestrian
8.14661693572998 3.0051660537719727 -1.5626684427261353 0 0 0 0 Pedestrian
-9.933706283569336 -1.0341343879699707 -1.8332737684249878 0 0 0 0 Pedestrian
9.737957954406738 5.9928436279296875 -2.5894391536712646 0 0 0 0 Pedestrian
10.326272010803223 4.149481773376465 -1.1915216445922852 0 0 0 0 Pedestrian
-11.593783378601074 4.677873134613037 -1.9012547731399536 0 0 0 0 Pedestrian
-13.111458778381348 6.222962379455566 -2.1246845722198486 0 0 0 0 Pedestrian
17.090715408325195 2.5862677097320557 -1.9212665557861328 0 0 0 0 Pedestrian
-19.861984252929688 8.459955215454102 -2.284304618835449 0 0 0 0 Pedestrian
23.98944664001465 -9.222369194030762 -1.072238564491272 0 0 0 0 Pedestrian