-4.387982368469238 3.019770622253418 -1.660105586051941 0 0 0 0 Pedestrian
5.17911958694458 -0.8301311731338501 -1.568867802619934 0 0 0 0 Pedestrian
-5.244589328765869 1.7472548484802246 -1.4627928733825684 0 0 0 0 Pedestrian
9.841142654418945 2.9425506591796875 -1.9037542343139648 0 0 0 0 Pedestrian
-7.996042728424072 2.0608575344085693 -2.3055310249328613 0 0 0 0 Pedestrian
9.723101615905762 -6.011908054351807 -1.3285279273986816 0 0 0 0 Pedestrian
10.33450984954834 4.051290512084961 -1.4321413040161133 0 0 0 0 Pedestrian
9.745528221130371 5.997610092163086 -2.591254472732544 0 0 0 0 Pedestrian
0.21289153397083282 12.747335433959961 -2.2256271839141846 0 0 0 0 Pedestrian
0.05442424863576889 11.2669095993042 -2.295956611633301 0 0 0 0 Pedestrian
-11.588473320007324 4.635012149810791 -1.957509994506836 0 0 0 0 Pedestrian
17.12321662902832 2.5139901638031006 -1.984562873840332 0 0 0 0 Pedestrian
-26.459537506103516 1.1857528686523438 -1.441800832748413 0 0 0 0 Pedestrian