5.172715663909912 -0.8467571139335632 -1.5857932567596436 0 0 0 0 Pedestrian
7.022151947021484 3.051740884780884 -1.427213191986084 0 0 0 0 Pedestrian
-10.091402053833008 -0.968307375907898 -1.9853395223617554 0 0 0 0 Pedestrian
9.70995044708252 -6.003612995147705 -1.3268462419509888 0 0 0 0 Pedestrian
10.341856002807617 4.048426151275635 -1.356367588043213 0 0 0 0 Pedestrian
9.768569946289062 5.978935241699219 -2.555553436279297 0 0 0 0 Pedestrian
-11.682515144348145 4.662350654602051 -1.9235451221466064 0 0 0 0 Pedestrian
16.16126823425293 -7.586556911468506 -1.3920310735702515 0 0 0 0 Pedestrian
17.101490020751953 2.5881223678588867 -1.9224618673324585 0 0 0 0 Pedestrian
-18.659509658813477 8.387675285339355 -2.098151922225952 0 0 0 0 Pedestrian
-22.441619873046875 9.639432907104492 -2.030759334564209 0 0 0 0 Pedestrian