-4.467251777648926 1.7791690826416016 -1.220469355583191 0 0 0 0 Pedestrian
4.585281848907471 3.431870222091675 -1.6506469249725342 0 0 0 0 Pedestrian
-3.488487958908081 -6.915258407592773 -1.2025519609451294 0 0 0 0 Pedestrian
5.353521823883057 2.1464080810546875 -1.1022181510925293 0 0 0 0 Pedestrian
-8.383264541625977 -2.6882548332214355 -1.1488759517669678 0 0 0 0 Pedestrian
10.349488258361816 4.041322231292725 -1.4395077228546143 0 0 0 0 Pedestrian
9.737671852111816 5.987865447998047 -2.5586349964141846 0 0 0 0 Pedestrian
0.22975319623947144 12.741653442382812 -2.2339231967926025 0 0 0 0 Pedestrian
-11.655048370361328 4.644597053527832 -1.9181684255599976 0 0 0 0 Pedestrian
0.054736796766519547 11.268800735473633 -2.2960445880889893 0 0 0 0 Pedestrian
16.123554229736328 -7.59527587890625 -1.3995639085769653 0 0 0 0 Pedestrian
-26.407320022583008 1.1375633478164673 -1.2970056533813477 0 0 0 0 Pedestrian