5.175585746765137 -0.8394291400909424 -1.5590327978134155 0 0 0 0 Pedestrian
6.43660831451416 3.1334681510925293 -1.7377033233642578 0 0 0 0 Pedestrian
-10.110966682434082 -0.9289533495903015 -1.9433751106262207 0 0 0 0 Pedestrian
10.39372730255127 4.032285213470459 -1.4143095016479492 0 0 0 0 Pedestrian
0.054241735488176346 11.278488159179688 -2.298546552658081 0 0 0 0 Pedestrian
-11.600225448608398 4.698339939117432 -1.9182010889053345 0 0 0 0 Pedestrian
16.130142211914062 -7.559132099151611 -1.3478096723556519 0 0 0 0 Pedestrian
17.079425811767578 2.617314100265503 -1.8784255981445312 0 0 0 0 Pedestrian
-21.736371994018555 9.602680206298828 -2.0493931770324707 0 0 0 0 Pedestrian
-26.365610122680664 1.0897375345230103 -1.341040849685669 0 0 0 0 Pedestrian
-24.20406150817871 6.582937717437744 -1.721988320350647 0 0 0 0 Pedestrian