-4.46775484085083 1.787087082862854 -1.2090904712677002 0 0 0 0 Pedestrian
5.179762840270996 -0.8437647819519043 -1.5734699964523315 0 0 0 0 Pedestrian
6.339418888092041 3.1520183086395264 -1.694820523262024 0 0 0 0 Pedestrian
7.191549777984619 -5.776290416717529 -1.169469952583313 0 0 0 0 Pedestrian
-10.165255546569824 -0.9340835213661194 -1.9544106721878052 0 0 0 0 Pedestrian
10.31482982635498 4.0250773429870605 -1.4889202117919922 0 0 0 0 Pedestrian
9.74986743927002 5.964632511138916 -2.5815930366516113 0 0 0 0 Pedestrian
-11.56353759765625 4.6835408210754395 -1.9123409986495972 0 0 0 0 Pedestrian
6.235810279846191 9.439435005187988 -1.491206169128418 0 0 0 0 Pedestrian
16.187944412231445 -7.5695085525512695 -1.3526723384857178 0 0 0 0 Pedestrian
17.075550079345703 2.6185011863708496 -1.881083369255066 0 0 0 0 Pedestrian
-26.417465209960938 1.1379867792129517 -1.2974566221237183 0 0 0 0 Pedestrian