5.1766743659973145 -0.847030520439148 -1.5661829710006714 0 0 0 0 Pedestrian
-5.268423557281494 1.7542164325714111 -1.468761920928955 0 0 0 0 Pedestrian
8.732074737548828 2.951005697250366 -1.7308918237686157 0 0 0 0 Pedestrian
10.290567398071289 4.087502479553223 -1.450179934501648 0 0 0 0 Pedestrian
9.755810737609863 5.971016883850098 -2.5521461963653564 0 0 0 0 Pedestrian
0.21296682953834534 12.747453689575195 -2.2257635593414307 0 0 0 0 Pedestrian
0.054912179708480835 11.270530700683594 -2.2963249683380127 0 0 0 0 Pedestrian
-11.65918254852295 4.649609565734863 -1.8785825967788696 0 0 0 0 Pedestrian
17.098068237304688 2.5502572059631348 -1.9540936946868896 0 0 0 0 Pedestrian
-26.409818649291992 1.1376380920410156 -1.297109603881836 0 0 0 0 Pedestrian
-18.192691802978516 21.58738899230957 -1.9553124904632568 0 0 0 0 Pedestrian