-4.462329387664795 1.7941001653671265 -1.2182961702346802 0 0 0 0 Pedestrian
5.173550605773926 -0.8432698845863342 -1.570016622543335 0 0 0 0 Pedestrian
-4.487755298614502 1.9687868356704712 -1.5737019777297974 0 0 0 0 Pedestrian
-5.276428699493408 1.7569118738174438 -1.4620640277862549 0 0 0 0 Pedestrian
-10.002922058105469 -1.017498254776001 -1.8890037536621094 0 0 0 0 Pedestrian
10.361970901489258 4.102608680725098 -1.2614787817001343 0 0 0 0 Pedestrian
0.009563310071825981 11.294468879699707 -2.3413937091827393 0 0 0 0 Pedestrian
-11.595656394958496 4.720177173614502 -1.929919958114624 0 0 0 0 Pedestrian
16.155536651611328 -7.539975643157959 -1.3172632455825806 0 0 0 0 Pedestrian
17.10312843322754 2.5882298946380615 -1.922865390777588 0 0 0 0 Pedestrian
-23.26304817199707 9.718003273010254 -1.9676355123519897 0 0 0 0 Pedestrian