-4.46390962600708 1.7907873392105103 -1.209275245666504 0 0 0 0 Pedestrian
5.17029333114624 -0.844059407711029 -1.5604753494262695 0 0 0 0 Pedestrian
-5.262576103210449 1.7502058744430542 -1.4768040180206299 0 0 0 0 Pedestrian
-9.7689847946167 -0.9494258761405945 -1.9753082990646362 0 0 0 0 Pedestrian
2.8236982822418213 10.089920997619629 -2.0643951892852783 0 0 0 0 Pedestrian
10.300004959106445 4.071282863616943 -1.4396722316741943 0 0 0 0 Pedestrian
-11.691335678100586 -1.6770668029785156 -1.6297537088394165 0 0 0 0 Pedestrian
10.61870002746582 6.048727989196777 -1.6782774925231934 0 0 0 0 Pedestrian
-0.03758207708597183 11.32558822631836 -2.2245328426361084 0 0 0 0 Pedestrian
9.442334175109863 8.348226547241211 -1.7591418027877808 0 0 0 0 Pedestrian
16.13809585571289 -7.56347131729126 -1.379743218421936 0 0 0 0 Pedestrian
-26.414480209350586 1.137810230255127 -1.297194004058838 0 0 0 0 Pedestrian