5.455688953399658 -4.874637126922607 -1.693014144897461 0 0 0 0 Pedestrian
5.184617519378662 -0.838953971862793 -1.5628716945648193 0 0 0 0 Pedestrian
-5.2767744064331055 1.7681533098220825 -1.463992714881897 0 0 0 0 Pedestrian
-10.20483112335205 -0.9943615794181824 -2.0151095390319824 0 0 0 0 Pedestrian
2.8214526176452637 10.081772804260254 -2.062664031982422 0 0 0 0 Pedestrian
10.300887107849121 4.055675029754639 -1.4418965578079224 0 0 0 0 Pedestrian
-11.758140563964844 -1.6470757722854614 -1.6838518381118774 0 0 0 0 Pedestrian
9.729960441589355 5.987893581390381 -2.587205648422241 0 0 0 0 Pedestrian
0.2297942191362381 12.747166633605957 -2.2348904609680176 0 0 0 0 Pedestrian
-11.602147102355957 4.6301069259643555 -1.9255146980285645 0 0 0 0 Pedestrian
-10.851027488708496 -1.8947416543960571 -2.26950740814209 0 0 0 0 Pedestrian
17.121252059936523 2.5135836601257324 -1.9845190048217773 0 0 0 0 Pedestrian
16.172433853149414 -7.548107147216797 -1.3189408779144287 0 0 0 0 Pedestrian
-26.382421493530273 1.0904496908187866 -1.3420475721359253 0 0 0 0 Pedestrian