-4.350488185882568 3.037271022796631 -1.670702576637268 0 0 0 0 Pedestrian
5.176490783691406 -0.8412730097770691 -1.5740736722946167 0 0 0 0 Pedestrian
9.696194648742676 2.955364227294922 -1.8635450601577759 0 0 0 0 Pedestrian
-9.911185264587402 -1.0098165273666382 -1.843944787979126 0 0 0 0 Pedestrian
10.347865104675293 4.053074359893799 -1.4924964904785156 0 0 0 0 Pedestrian
9.742778778076172 5.995695114135742 -2.5906260013580322 0 0 0 0 Pedestrian
0.009755694307386875 11.293794631958008 -2.3407983779907227 0 0 0 0 Pedestrian
-12.409818649291992 4.894460201263428 -1.8048337697982788 0 0 0 0 Pedestrian
7.054988861083984 10.34768009185791 -1.5393701791763306 0 0 0 0 Pedestrian
-11.597025871276855 4.63840913772583 -1.9587560892105103 0 0 0 0 Pedestrian
17.13127326965332 2.5056042671203613 -1.9904122352600098 0 0 0 0 Pedestrian
-26.401803970336914 1.0911482572555542 -1.34322988986969 0 0 0 0 Pedestrian
-25.696468353271484 9.514108657836914 -2.092984676361084 0 0 0 0 Pedestrian