-4.46566104888916 1.783538579940796 -1.219048261642456 0 0 0 0 Pedestrian
-4.436994552612305 3.0203425884246826 -1.6752468347549438 0 0 0 0 Pedestrian
5.171733856201172 -0.8490851521492004 -1.5828461647033691 0 0 0 0 Pedestrian
-4.465749263763428 1.9721928834915161 -1.5774461030960083 0 0 0 0 Pedestrian
-5.264315605163574 1.7527481317520142 -1.4677834510803223 0 0 0 0 Pedestrian
9.881577491760254 2.946988582611084 -1.8700852394104004 0 0 0 0 Pedestrian
9.726162910461426 -6.0168585777282715 -1.330993890762329 0 0 0 0 Pedestrian
10.339208602905273 3.991619825363159 -1.519802451133728 0 0 0 0 Pedestrian
9.736321449279785 5.961944103240967 -2.578143835067749 0 0 0 0 Pedestrian
-0.005532822106033564 11.299535751342773 -2.2604923248291016 0 0 0 0 Pedestrian
-11.608396530151367 4.632420539855957 -1.926593542098999 0 0 0 0 Pedestrian
-12.461377143859863 4.576038360595703 -1.6868906021118164 0 0 0 0 Pedestrian
-14.127509117126465 4.766695499420166 -2.0203359127044678 0 0 0 0 Pedestrian
17.13907241821289 2.5062150955200195 -1.991896152496338 0 0 0 0 Pedestrian
-26.417280197143555 1.1377482414245605 -1.4622197151184082 0 0 0 0 Pedestrian