5.177882671356201 -0.8376271724700928 -1.5630617141723633 0 0 0 0 Pedestrian
6.223764419555664 3.148503541946411 -1.7055517435073853 0 0 0 0 Pedestrian
-10.154887199401855 -0.9192735552787781 -1.9913984537124634 0 0 0 0 Pedestrian
10.34685230255127 3.9855709075927734 -1.4993818998336792 0 0 0 0 Pedestrian
9.725316047668457 5.985025405883789 -2.586291790008545 0 0 0 0 Pedestrian
0.22966381907463074 12.742040634155273 -2.234039306640625 0 0 0 0 Pedestrian
-11.611414909362793 4.6341471672058105 -1.927243947982788 0 0 0 0 Pedestrian
0.054379381239414215 11.284366607666016 -2.299724817276001 0 0 0 0 Pedestrian
-10.836132049560547 -1.8925031423568726 -2.2666594982147217 0 0 0 0 Pedestrian
6.277587890625 9.351811408996582 -1.5249358415603638 0 0 0 0 Pedestrian
16.122560501098633 -7.573093414306641 -1.348086953163147 0 0 0 0 Pedestrian
17.04892349243164 2.64498233795166 -1.8320074081420898 0 0 0 0 Pedestrian