5.182511329650879 -0.8452503681182861 -1.567639708518982 0 0 0 0 Pedestrian
7.138476848602295 3.051213264465332 -1.419466495513916 0 0 0 0 Pedestrian
-10.092329978942871 -0.9797824621200562 -1.9726386070251465 0 0 0 0 Pedestrian
7.1579813957214355 -5.7765583992004395 -1.1707682609558105 0 0 0 0 Pedestrian
10.359663963317871 4.039395809173584 -1.4180797338485718 0 0 0 0 Pedestrian
9.736099243164062 5.991537094116211 -2.588561534881592 0 0 0 0 Pedestrian
0.22983084619045258 12.742448806762695 -2.2340142726898193 0 0 0 0 Pedestrian
0.009854246862232685 11.290324211120605 -2.3400397300720215 0 0 0 0 Pedestrian
-11.622420310974121 4.638251304626465 -1.9289674758911133 0 0 0 0 Pedestrian
-10.833011627197266 -1.9071588516235352 -2.311955690383911 0 0 0 0 Pedestrian
16.150470733642578 -7.58193826675415 -1.3916646242141724 0 0 0 0 Pedestrian
17.125486373901367 2.5866482257843018 -1.9264659881591797 0 0 0 0 Pedestrian
-22.583236694335938 9.702295303344727 -1.9477403163909912 0 0 0 0 Pedestrian
-26.380279541015625 1.0903716087341309 -1.3420114517211914 0 0 0 0 Pedestrian