5.179499626159668 -0.8411247134208679 -1.572676658630371 0 0 0 0 Pedestrian
-5.278411865234375 1.7552273273468018 -1.4433995485305786 0 0 0 0 Pedestrian
6.6277079582214355 3.1272027492523193 -2.154644250869751 0 0 0 0 Pedestrian
-10.117680549621582 -0.9528486132621765 -1.990713357925415 0 0 0 0 Pedestrian
10.332887649536133 4.056239604949951 -1.4347198009490967 0 0 0 0 Pedestrian
9.744254112243652 5.9918293952941895 -2.5609354972839355 0 0 0 0 Pedestrian
0.009208298288285732 11.308218002319336 -2.3445208072662354 0 0 0 0 Pedestrian
-11.645617485046387 4.611127853393555 -1.9044824838638306 0 0 0 0 Pedestrian
16.17501449584961 -7.547571659088135 -1.3360832929611206 0 0 0 0 Pedestrian
17.090980529785156 2.6209800243377686 -1.8828166723251343 0 0 0 0 Pedestrian
-22.03668212890625 9.628345489501953 -2.146430492401123 0 0 0 0 Pedestrian
-26.424942016601562 1.1383503675460815 -1.297991394996643 0 0 0 0 Pedestrian