-4.45443058013916 1.7893948554992676 -1.2339211702346802 0 0 0 0 Pedestrian
5.173025608062744 -0.8426862955093384 -1.5735481977462769 0 0 0 0 Pedestrian
-5.273642063140869 1.7694846391677856 -1.483014464378357 0 0 0 0 Pedestrian
-10.109634399414062 -0.997302770614624 -1.9552421569824219 0 0 0 0 Pedestrian
2.823045253753662 10.087294578552246 -2.063875913619995 0 0 0 0 Pedestrian
9.716510772705078 -6.00784969329834 -1.3272967338562012 0 0 0 0 Pedestrian
10.345952033996582 4.023285865783691 -1.3725944757461548 0 0 0 0 Pedestrian
9.736144065856934 5.986989974975586 -2.5590901374816895 0 0 0 0 Pedestrian
0.05439659208059311 11.276165008544922 -2.29807186126709 0 0 0 0 Pedestrian
16.13576889038086 -7.5624165534973145 -1.3795125484466553 0 0 0 0 Pedestrian
17.102584838867188 2.588139772415161 -1.9224869012832642 0 0 0 0 Pedestrian
-26.435083389282227 1.138779878616333 -1.2984918355941772 0 0 0 0 Pedestrian