-4.465792179107666 1.7808144092559814 -1.225224256515503 0 0 0 0 Pedestrian
5.172345161437988 -0.8444142937660217 -1.576062798500061 0 0 0 0 Pedestrian
4.921885013580322 -5.42117977142334 -1.325824499130249 0 0 0 0 Pedestrian
2.822516679763794 10.085952758789062 -2.063413143157959 0 0 0 0 Pedestrian
6.118707180023193 8.878175735473633 -1.460351824760437 0 0 0 0 Pedestrian
9.72754955291748 -6.014697551727295 -1.3290293216705322 0 0 0 0 Pedestrian
10.33242416381836 4.0555901527404785 -1.366676926612854 0 0 0 0 Pedestrian
10.66430377960205 6.068116188049316 -1.5680029392242432 0 0 0 0 Pedestrian
0.2300036996603012 12.750097274780273 -2.235527753829956 0 0 0 0 Pedestrian
0.009781350381672382 11.295279502868652 -2.3413069248199463 0 0 0 0 Pedestrian
-11.61425495147705 4.635068416595459 -1.927575707435608 0 0 0 0 Pedestrian
9.437143325805664 8.358325004577637 -1.6640625 0 0 0 0 Pedestrian
-10.824872016906738 -1.9058837890625 -2.3103318214416504 0 0 0 0 Pedestrian
16.129899978637695 -7.598243236541748 -1.4005180597305298 0 0 0 0 Pedestrian
-21.854232788085938 9.821195602416992 -2.26399564743042 0 0 0 0 Pedestrian
-26.4022274017334 1.0910388231277466 -1.3433197736740112 0 0 0 0 Pedestrian