-4.465854167938232 1.7889610528945923 -1.2121883630752563 0 0 0 0 Pedestrian
4.1726555824279785 3.603621482849121 -1.6806390285491943 0 0 0 0 Pedestrian
-6.154343605041504 4.379352569580078 -1.7781552076339722 0 0 0 0 Pedestrian
2.826033592224121 10.098553657531738 -2.066211700439453 0 0 0 0 Pedestrian
9.717674255371094 -6.0115156173706055 -1.3135799169540405 0 0 0 0 Pedestrian
10.316381454467773 4.021071910858154 -1.487884283065796 0 0 0 0 Pedestrian
9.718998908996582 5.980529308319092 -2.584228992462158 0 0 0 0 Pedestrian
-11.651355743408203 4.6692352294921875 -1.8955718278884888 0 0 0 0 Pedestrian
0.05439110845327377 11.266904830932617 -2.2959671020507812 0 0 0 0 Pedestrian
16.14136505126953 -7.593190670013428 -1.3911460638046265 0 0 0 0 Pedestrian
-26.42976188659668 1.1385600566864014 -1.2982302904129028 0 0 0 0 Pedestrian