-4.46284818649292 1.782217264175415 -1.2099857330322266 0 0 0 0 Pedestrian
4.272140979766846 3.5622897148132324 -1.6861134767532349 0 0 0 0 Pedestrian
5.1691460609436035 -0.8400029540061951 -1.5653290748596191 0 0 0 0 Pedestrian
-6.136992931365967 4.353926181793213 -1.846258521080017 0 0 0 0 Pedestrian
-3.4880335330963135 -6.94969367980957 -1.233234167098999 0 0 0 0 Pedestrian
-5.25894021987915 1.76252019405365 -1.4692237377166748 0 0 0 0 Pedestrian
9.709047317504883 -6.005974292755127 -1.3124727010726929 0 0 0 0 Pedestrian
10.308587074279785 4.031521320343018 -1.455993413925171 0 0 0 0 Pedestrian
9.73073959350586 5.983434200286865 -2.5570578575134277 0 0 0 0 Pedestrian
-11.607994079589844 4.701403617858887 -1.9193414449691772 0 0 0 0 Pedestrian
16.153141021728516 -7.598946571350098 -1.3920435905456543 0 0 0 0 Pedestrian
-18.195053100585938 21.608251571655273 -1.90182626247406 0 0 0 0 Pedestrian