-4.463312149047852 1.7734025716781616 -1.2306867837905884 0 0 0 0 Pedestrian
5.178933620452881 -0.8435762524604797 -1.5752826929092407 0 0 0 0 Pedestrian
-10.1909761428833 -1.003686547279358 -1.9931520223617554 0 0 0 0 Pedestrian
10.349824905395508 4.0126953125 -1.4488838911056519 0 0 0 0 Pedestrian
9.73305606842041 5.989984512329102 -2.5882394313812256 0 0 0 0 Pedestrian
-11.47680377960205 3.201353073120117 -2.0577731132507324 0 0 0 0 Pedestrian
0.009646988473832607 11.29723834991455 -2.3416903018951416 0 0 0 0 Pedestrian
-11.607437133789062 4.632157802581787 -1.926450252532959 0 0 0 0 Pedestrian
16.156620025634766 -7.584447383880615 -1.3638899326324463 0 0 0 0 Pedestrian
17.14712905883789 2.5077641010284424 -1.9926682710647583 0 0 0 0 Pedestrian
-26.399381637573242 1.0909827947616577 -1.343091368675232 0 0 0 0 Pedestrian