-4.468888282775879 1.7893145084381104 -1.209394931793213 0 0 0 0 Pedestrian
5.188093185424805 -0.8355805277824402 -1.5541197061538696 0 0 0 0 Pedestrian
-9.542158126831055 -0.9084995985031128 -1.9037846326828003 0 0 0 0 Pedestrian
10.295340538024902 4.038573741912842 -1.5064207315444946 0 0 0 0 Pedestrian
-11.702829360961914 -1.7322664260864258 -1.629497766494751 0 0 0 0 Pedestrian
0.22967641055583954 12.736927032470703 -2.2540271282196045 0 0 0 0 Pedestrian
0.05448966100811958 11.280044555664062 -2.2983922958374023 0 0 0 0 Pedestrian
-11.606359481811523 4.700587272644043 -1.9189717769622803 0 0 0 0 Pedestrian
14.24955940246582 1.9523742198944092 -1.6303465366363525 0 0 0 0 Pedestrian
16.125656127929688 -7.596206188201904 -1.3998018503189087 0 0 0 0 Pedestrian
17.039161682128906 2.621917724609375 -1.8301827907562256 0 0 0 0 Pedestrian
-26.388830184936523 1.0905934572219849 -1.3425235748291016 0 0 0 0 Pedestrian