5.167547702789307 -0.8437981009483337 -1.5845738649368286 0 0 0 0 Pedestrian
-6.636398792266846 4.463757514953613 -1.9842945337295532 0 0 0 0 Pedestrian
-10.051426887512207 -1.0072097778320312 -1.903876543045044 0 0 0 0 Pedestrian
-10.605810165405273 -0.8240765929222107 -1.5647997856140137 0 0 0 0 Pedestrian
2.8228352069854736 10.087132453918457 -2.0636796951293945 0 0 0 0 Pedestrian
10.3238525390625 4.029335021972656 -1.440535545349121 0 0 0 0 Pedestrian
-12.053729057312012 3.589735746383667 -2.0727617740631104 0 0 0 0 Pedestrian
0.05457637459039688 11.274619102478027 -2.2975292205810547 0 0 0 0 Pedestrian
-11.57982063293457 4.689791679382324 -1.9145196676254272 0 0 0 0 Pedestrian
-14.162125587463379 4.8897385597229 -1.9677709341049194 0 0 0 0 Pedestrian
16.131303787231445 -7.55977201461792 -1.348239779472351 0 0 0 0 Pedestrian
17.137937545776367 2.506181478500366 -1.9916125535964966 0 0 0 0 Pedestrian
-26.434911727905273 1.138839840888977 -1.298564076423645 0 0 0 0 Pedestrian