5.177679061889648 -0.8415884375572205 -1.569200038909912 0 0 0 0 Pedestrian
-5.259648323059082 1.7785637378692627 -1.483997106552124 0 0 0 0 Pedestrian
8.817519187927246 2.9445900917053223 -1.7590683698654175 0 0 0 0 Pedestrian
10.328871726989746 4.039846897125244 -1.3965997695922852 0 0 0 0 Pedestrian
9.74912166595459 5.969440937042236 -2.581876516342163 0 0 0 0 Pedestrian
0.054715659469366074 11.27839469909668 -2.298387289047241 0 0 0 0 Pedestrian
-11.5916748046875 4.676941394805908 -1.9008846282958984 0 0 0 0 Pedestrian
17.108118057250977 2.58902645111084 -1.923377513885498 0 0 0 0 Pedestrian
17.820133209228516 -7.766634941101074 -1.387279748916626 0 0 0 0 Pedestrian
-20.73710060119629 8.548813819885254 -2.249206304550171 0 0 0 0 Pedestrian
-26.4104061126709 1.1374601125717163 -1.4620201587677002 0 0 0 0 Pedestrian