-4.462120532989502 1.7827024459838867 -1.227037787437439 0 0 0 0 Pedestrian
5.176875114440918 -0.843079149723053 -1.5696403980255127 0 0 0 0 Pedestrian
-3.4785170555114746 -6.909938812255859 -1.2284396886825562 0 0 0 0 Pedestrian
-9.422455787658691 -0.9086239337921143 -1.8720942735671997 0 0 0 0 Pedestrian
2.820344924926758 10.07784652709961 -2.062072277069092 0 0 0 0 Pedestrian
10.302498817443848 4.0162577629089355 -1.4412376880645752 0 0 0 0 Pedestrian
0.009302573278546333 11.300642013549805 -2.34279203414917 0 0 0 0 Pedestrian
-11.612655639648438 4.634613513946533 -1.9276328086853027 0 0 0 0 Pedestrian
-14.154609680175781 4.887027263641357 -1.967166543006897 0 0 0 0 Pedestrian
16.15538215637207 -7.553933143615723 -1.3498154878616333 0 0 0 0 Pedestrian
17.059541702270508 2.6160576343536377 -1.8795523643493652 0 0 0 0 Pedestrian
-26.390254974365234 1.0906862020492554 -1.3426430225372314 0 0 0 0 Pedestrian
23.98622703552246 -9.221246719360352 -1.0722872018814087 0 0 0 0 Pedestrian