-5.254396438598633 1.7502626180648804 -1.465484380722046 0 0 0 0 Pedestrian
-10.175093650817871 -1.0019599199295044 -1.989612340927124 0 0 0 0 Pedestrian
9.731339454650879 -6.015901565551758 -1.3000915050506592 0 0 0 0 Pedestrian
10.367371559143066 4.037774562835693 -1.4098716974258423 0 0 0 0 Pedestrian
-11.751582145690918 -1.6693072319030762 -1.6723310947418213 0 0 0 0 Pedestrian
0.25224098563194275 12.745306015014648 -2.2485337257385254 0 0 0 0 Pedestrian
9.768516540527344 5.9280171394348145 -2.564056158065796 0 0 0 0 Pedestrian
-11.609755516052246 4.702253818511963 -1.919798731803894 0 0 0 0 Pedestrian
16.143640518188477 -7.565821647644043 -1.379814863204956 0 0 0 0 Pedestrian
17.203384399414062 2.5071980953216553 -2.000173807144165 0 0 0 0 Pedestrian
-26.420616149902344 1.1381877660751343 -1.297762393951416 0 0 0 0 Pedestrian