-4.4640631675720215 1.7864748239517212 -1.2213587760925293 0 0 0 0 Pedestrian
5.177300453186035 -0.8451185822486877 -1.5713202953338623 0 0 0 0 Pedestrian
-5.268550395965576 1.7811720371246338 -1.4750765562057495 0 0 0 0 Pedestrian
-10.199642181396484 -1.014947772026062 -1.9858006238937378 0 0 0 0 Pedestrian
10.332610130310059 4.04329252243042 -1.520884394645691 0 0 0 0 Pedestrian
9.754545211791992 5.9729461669921875 -2.5830986499786377 0 0 0 0 Pedestrian
-11.629414558410645 4.605062007904053 -1.902213215827942 0 0 0 0 Pedestrian
0.05441891402006149 11.268233299255371 -2.296334981918335 0 0 0 0 Pedestrian
17.152387619018555 2.517939805984497 -1.9886046648025513 0 0 0 0 Pedestrian
16.1501522064209 -7.537721157073975 -1.317044734954834 0 0 0 0 Pedestrian
-18.19175910949707 21.58629608154297 -1.9552985429763794 0 0 0 0 Pedestrian