5.184537410736084 -0.8412308692932129 -1.5668076276779175 0 0 0 0 Pedestrian
8.271660804748535 2.987499713897705 -1.6000603437423706 0 0 0 0 Pedestrian
-9.90673828125 -1.0350128412246704 -1.8286166191101074 0 0 0 0 Pedestrian
9.731258392333984 -6.01279878616333 -1.3154945373535156 0 0 0 0 Pedestrian
10.32911491394043 4.112964153289795 -1.1650618314743042 0 0 0 0 Pedestrian
9.746659278869629 5.998371601104736 -2.5919013023376465 0 0 0 0 Pedestrian
0.054412711411714554 11.279092788696289 -2.2987136840820312 0 0 0 0 Pedestrian
-11.589632034301758 4.694052219390869 -1.9164255857467651 0 0 0 0 Pedestrian
-10.799860000610352 -1.9017969369888306 -2.305511951446533 0 0 0 0 Pedestrian
-12.980809211730957 6.163100242614746 -2.1686549186706543 0 0 0 0 Pedestrian
17.1042537689209 2.5884780883789062 -1.923094630241394 0 0 0 0 Pedestrian
17.827672958374023 -7.770195007324219 -1.388447880744934 0 0 0 0 Pedestrian
-26.421279907226562 1.1381621360778809 -1.2978817224502563 0 0 0 0 Pedestrian