-4.464595317840576 1.7779649496078491 -1.2128448486328125 0 0 0 0 Pedestrian
-5.255390644073486 1.7643252611160278 -1.4689310789108276 0 0 0 0 Pedestrian
-10.18256664276123 -1.0097050666809082 -1.9967585802078247 0 0 0 0 Pedestrian
9.719420433044434 -6.012512683868408 -1.313843846321106 0 0 0 0 Pedestrian
10.357635498046875 4.036600589752197 -1.4387239217758179 0 0 0 0 Pedestrian
-11.74380874633789 -1.6563514471054077 -1.702905535697937 0 0 0 0 Pedestrian
12.520615577697754 2.295928955078125 -1.5003092288970947 0 0 0 0 Pedestrian
9.802898406982422 5.896017551422119 -2.5552008152008057 0 0 0 0 Pedestrian
-11.66369915008545 4.618760108947754 -1.9076933860778809 0 0 0 0 Pedestrian
16.13165855407715 -7.588612079620361 -1.3899589776992798 0 0 0 0 Pedestrian
17.795574188232422 -7.755957126617432 -1.3860394954681396 0 0 0 0 Pedestrian