5.175727367401123 -0.8450255990028381 -1.5859490633010864 0 0 0 0 Pedestrian
-6.704099655151367 4.455944061279297 -1.9793845415115356 0 0 0 0 Pedestrian
2.823274612426758 10.088406562805176 -2.063955783843994 0 0 0 0 Pedestrian
9.724137306213379 -6.012662887573242 -1.328370213508606 0 0 0 0 Pedestrian
10.281658172607422 4.050494194030762 -1.468353033065796 0 0 0 0 Pedestrian
-11.740487098693848 -1.663659691810608 -1.6823962926864624 0 0 0 0 Pedestrian
9.736027717590332 5.987135410308838 -2.5588979721069336 0 0 0 0 Pedestrian
-10.833993911743164 -1.9072942733764648 -2.312101364135742 0 0 0 0 Pedestrian
-14.163093566894531 4.890172958374023 -1.9674431085586548 0 0 0 0 Pedestrian
16.140478134155273 -7.564045429229736 -1.3489383459091187 0 0 0 0 Pedestrian
17.13636589050293 2.5162241458892822 -1.9861619472503662 0 0 0 0 Pedestrian