-4.471398830413818 1.783678412437439 -1.2121729850769043 0 0 0 0 Pedestrian
5.189996719360352 -0.8390150666236877 -1.5622165203094482 0 0 0 0 Pedestrian
-5.283004283905029 1.7592970132827759 -1.4729450941085815 0 0 0 0 Pedestrian
-10.513428688049316 -0.8953127264976501 -1.5622363090515137 0 0 0 0 Pedestrian
6.0722455978393555 8.865372657775879 -1.4929097890853882 0 0 0 0 Pedestrian
10.343274116516113 4.031527042388916 -1.4057375192642212 0 0 0 0 Pedestrian
13.254661560058594 2.1164677143096924 -1.549389123916626 0 0 0 0 Pedestrian
0.22999697923660278 12.74852466583252 -2.2352449893951416 0 0 0 0 Pedestrian
-11.602179527282715 4.630273818969727 -1.925735592842102 0 0 0 0 Pedestrian
9.822571754455566 5.850532531738281 -2.5617706775665283 0 0 0 0 Pedestrian
-14.07594108581543 4.8037567138671875 -2.016120433807373 0 0 0 0 Pedestrian
16.137693405151367 -7.575937271118164 -1.3908666372299194 0 0 0 0 Pedestrian
-26.399518966674805 1.091135025024414 -1.343036413192749 0 0 0 0 Pedestrian