-4.4569411277771 1.7918907403945923 -1.222213864326477 0 0 0 0 Pedestrian
3.885974884033203 3.666806221008301 -1.645290732383728 0 0 0 0 Pedestrian
5.178415298461914 -0.8537424802780151 -1.5720226764678955 0 0 0 0 Pedestrian
-4.482627868652344 2.016857385635376 -1.6078945398330688 0 0 0 0 Pedestrian
-5.260613441467285 1.765816569328308 -1.4800031185150146 0 0 0 0 Pedestrian
9.717276573181152 -6.004110813140869 -1.3295915126800537 0 0 0 0 Pedestrian
10.298684120178223 4.051904678344727 -1.4350582361221313 0 0 0 0 Pedestrian
9.742233276367188 5.990715980529785 -2.5603549480438232 0 0 0 0 Pedestrian
0.21258793771266937 12.73396110534668 -2.2233903408050537 0 0 0 0 Pedestrian
-11.643011093139648 4.610739707946777 -1.9043680429458618 0 0 0 0 Pedestrian
0.05450332909822464 11.27299690246582 -2.297346591949463 0 0 0 0 Pedestrian
16.124191284179688 -7.585087776184082 -1.389487385749817 0 0 0 0 Pedestrian