-4.453177452087402 1.7947359085083008 -1.22959303855896 0 0 0 0 Pedestrian
5.759799957275391 3.1522181034088135 -1.6292253732681274 0 0 0 0 Pedestrian
5.173552513122559 -0.8479704856872559 -1.5833717584609985 0 0 0 0 Pedestrian
-5.269639015197754 1.7684152126312256 -1.4821776151657104 0 0 0 0 Pedestrian
-6.701848983764648 4.4604949951171875 -2.0520169734954834 0 0 0 0 Pedestrian
10.325413703918457 4.016215801239014 -1.499451756477356 0 0 0 0 Pedestrian
9.701998710632324 6.049782752990723 -2.5987019538879395 0 0 0 0 Pedestrian
-11.609200477600098 4.701836585998535 -1.9194698333740234 0 0 0 0 Pedestrian
-10.794398307800293 -1.9010047912597656 -2.304541826248169 0 0 0 0 Pedestrian
16.120397567749023 -7.583425998687744 -1.389424204826355 0 0 0 0 Pedestrian
-26.381704330444336 1.0903979539871216 -1.3421026468276978 0 0 0 0 Pedestrian