-4.437477111816406 -2.556148052215576 -1.3834195137023926 0 0 0 0 Pedestrian
5.175599098205566 -0.8407263159751892 -1.5653953552246094 0 0 0 0 Pedestrian
-5.878884792327881 2.7141854763031006 -1.7638599872589111 0 0 0 0 Pedestrian
9.738021850585938 -6.017083644866943 -1.3161512613296509 0 0 0 0 Pedestrian
10.306120872497559 4.063652515411377 -1.4983607530593872 0 0 0 0 Pedestrian
9.77053165435791 5.942314624786377 -2.5745441913604736 0 0 0 0 Pedestrian
-11.58403205871582 4.66078519821167 -2.0028600692749023 0 0 0 0 Pedestrian
0.054439786821603775 11.278120040893555 -2.298483371734619 0 0 0 0 Pedestrian
-10.81202507019043 -1.9044179916381836 -2.308589458465576 0 0 0 0 Pedestrian
16.154539108276367 -7.6096696853637695 -1.4018774032592773 0 0 0 0 Pedestrian
17.129934310913086 2.5546047687530518 -1.9585050344467163 0 0 0 0 Pedestrian
-26.399097442626953 1.0910371541976929 -1.3429853916168213 0 0 0 0 Pedestrian