5.179614067077637 -0.8442551493644714 -1.5719194412231445 0 0 0 0 Pedestrian
-3.470642328262329 -6.931278705596924 -1.2288368940353394 0 0 0 0 Pedestrian
-6.676294326782227 4.454498291015625 -2.032137393951416 0 0 0 0 Pedestrian
-9.329319953918457 -0.8329645395278931 -1.7014774084091187 0 0 0 0 Pedestrian
-8.012706756591797 -1.9188501834869385 -1.2113550901412964 0 0 0 0 Pedestrian
10.269413948059082 4.096565246582031 -1.2983518838882446 0 0 0 0 Pedestrian
9.737051963806152 5.992598533630371 -2.5891716480255127 0 0 0 0 Pedestrian
0.2125343531370163 12.738845825195312 -2.2470991611480713 0 0 0 0 Pedestrian
6.517520904541016 9.839764595031738 -1.5972293615341187 0 0 0 0 Pedestrian
17.083919525146484 2.5855143070220947 -1.9201663732528687 0 0 0 0 Pedestrian
-26.390275955200195 1.0904943943023682 -1.342427372932434 0 0 0 0 Pedestrian
-23.802410125732422 8.256324768066406 -1.9971290826797485 0 0 0 0 Pedestrian