5.180341720581055 -0.84124356508255 -1.5833790302276611 0 0 0 0 Pedestrian
-5.24131441116333 1.778293490409851 -1.4792211055755615 0 0 0 0 Pedestrian
-8.808919906616211 -1.0244410037994385 -1.620140790939331 0 0 0 0 Pedestrian
6.099307060241699 8.887797355651855 -1.4980634450912476 0 0 0 0 Pedestrian
10.307085990905762 4.021531105041504 -1.487038254737854 0 0 0 0 Pedestrian
0.2446148842573166 12.741087913513184 -2.261699676513672 0 0 0 0 Pedestrian
-11.786544799804688 -1.7418240308761597 -1.3447288274765015 0 0 0 0 Pedestrian
-11.59151840209961 4.676876544952393 -1.9009023904800415 0 0 0 0 Pedestrian
16.15033531188965 -7.569290637969971 -1.380537748336792 0 0 0 0 Pedestrian
17.14614486694336 2.5076794624328613 -1.9925086498260498 0 0 0 0 Pedestrian
-26.4239444732666 1.138311743736267 -1.2978557348251343 0 0 0 0 Pedestrian