-4.70031213760376 -2.7102432250976562 -1.29885995388031 0 0 0 0 Pedestrian
5.173066139221191 -0.8527746200561523 -1.5731574296951294 0 0 0 0 Pedestrian
-5.902060508728027 2.7419373989105225 -1.7659270763397217 0 0 0 0 Pedestrian
-0.5530133247375488 8.017278671264648 -2.075951099395752 0 0 0 0 Pedestrian
8.621912002563477 -5.800843715667725 -1.2530033588409424 0 0 0 0 Pedestrian
-7.982572078704834 2.057317018508911 -2.30171537399292 0 0 0 0 Pedestrian
9.725643157958984 -6.013372421264648 -1.3287708759307861 0 0 0 0 Pedestrian
10.32900333404541 4.037484169006348 -1.4481862783432007 0 0 0 0 Pedestrian
9.808110237121582 5.877353191375732 -2.5884904861450195 0 0 0 0 Pedestrian
-11.618828773498535 4.666101932525635 -1.9388724565505981 0 0 0 0 Pedestrian
0.05458030104637146 11.274741172790527 -2.2975523471832275 0 0 0 0 Pedestrian
17.110334396362305 2.5518012046813965 -1.955656886100769 0 0 0 0 Pedestrian