5.883651256561279 3.1920175552368164 -1.7125662565231323 0 0 0 0 Pedestrian
-4.743569374084473 -2.1502091884613037 -1.4796417951583862 0 0 0 0 Pedestrian
-3.49579119682312 -6.923409938812256 -1.2043389081954956 0 0 0 0 Pedestrian
10.305813789367676 4.076314449310303 -1.4413013458251953 0 0 0 0 Pedestrian
0.24511131644248962 12.752752304077148 -2.2638680934906006 0 0 0 0 Pedestrian
9.739084243774414 6.074441432952881 -2.5758864879608154 0 0 0 0 Pedestrian
0.05461253225803375 11.275457382202148 -2.297807455062866 0 0 0 0 Pedestrian
-11.616246223449707 4.636021614074707 -1.928058385848999 0 0 0 0 Pedestrian
-10.799180030822754 -1.9015153646469116 -2.3050413131713867 0 0 0 0 Pedestrian
12.531570434570312 -6.8253326416015625 -1.5312753915786743 0 0 0 0 Pedestrian
17.131242752075195 2.5548157691955566 -1.9584300518035889 0 0 0 0 Pedestrian