5.175490379333496 -0.8372369408607483 -1.564345359802246 0 0 0 0 Pedestrian
-6.725787162780762 4.442466735839844 -2.0845530033111572 0 0 0 0 Pedestrian
7.900569438934326 -1.9809244871139526 -1.0316942930221558 0 0 0 0 Pedestrian
10.327062606811523 4.056201934814453 -1.4622728824615479 0 0 0 0 Pedestrian
0.24020928144454956 12.75216293334961 -2.263826608657837 0 0 0 0 Pedestrian
9.779701232910156 5.948050498962402 -2.577282190322876 0 0 0 0 Pedestrian
-11.608400344848633 4.632681369781494 -1.9267631769180298 0 0 0 0 Pedestrian
-10.820284843444824 -1.9054248332977295 -2.3098549842834473 0 0 0 0 Pedestrian
12.52808952331543 -6.808000087738037 -1.5359630584716797 0 0 0 0 Pedestrian
-14.044571876525879 4.793184757232666 -1.9588543176651 0 0 0 0 Pedestrian
17.12488555908203 2.5539729595184326 -1.9576327800750732 0 0 0 0 Pedestrian