5.180883884429932 -0.8350487947463989 -1.557651162147522 0 0 0 0 Pedestrian
-5.257648944854736 1.7624807357788086 -1.4789597988128662 0 0 0 0 Pedestrian
-9.630840301513672 -0.880698561668396 -1.6927651166915894 0 0 0 0 Pedestrian
10.308629989624023 4.049450397491455 -1.357275366783142 0 0 0 0 Pedestrian
9.737528800964355 5.99232816696167 -2.589550018310547 0 0 0 0 Pedestrian
-11.638306617736816 4.6086344718933105 -1.903505802154541 0 0 0 0 Pedestrian
0.05449257045984268 11.27438735961914 -2.2974047660827637 0 0 0 0 Pedestrian
6.515899181365967 9.80578899383545 -1.5514799356460571 0 0 0 0 Pedestrian
16.14443016052246 -7.583653450012207 -1.3499253988265991 0 0 0 0 Pedestrian
17.085952758789062 2.5856449604034424 -1.9207366704940796 0 0 0 0 Pedestrian
-26.41206169128418 1.09149968624115 -1.3438541889190674 0 0 0 0 Pedestrian