-3.828495740890503 -1.4928067922592163 -1.3967552185058594 0 0 0 0 Pedestrian
5.180715084075928 -0.8437889218330383 -1.581851601600647 0 0 0 0 Pedestrian
5.787613868713379 5.167837619781494 -1.576615333557129 0 0 0 0 Pedestrian
8.013057708740234 3.4295010566711426 -1.5462231636047363 0 0 0 0 Pedestrian
10.34350872039795 4.036672592163086 -1.3933063745498657 0 0 0 0 Pedestrian
9.738312721252441 5.988760471343994 -2.5595455169677734 0 0 0 0 Pedestrian
0.24503093957901 12.752421379089355 -2.2639577388763428 0 0 0 0 Pedestrian
0.05466815084218979 11.276087760925293 -2.2978153228759766 0 0 0 0 Pedestrian
-11.629509925842285 4.660561561584473 -1.8922004699707031 0 0 0 0 Pedestrian
12.52580451965332 -6.806726455688477 -1.535754680633545 0 0 0 0 Pedestrian
17.138708114624023 2.5482254028320312 -2.032953977584839 0 0 0 0 Pedestrian
-26.37217140197754 1.089827299118042 -1.3414585590362549 0 0 0 0 Pedestrian