5.17890739440918 -0.835554838180542 -1.5688624382019043 0 0 0 0 Pedestrian
5.782431602478027 5.0615057945251465 -1.640084147453308 0 0 0 0 Pedestrian
-5.2560272216796875 1.75087308883667 -1.465652585029602 0 0 0 0 Pedestrian
-6.788180351257324 4.4579267501831055 -2.0545644760131836 0 0 0 0 Pedestrian
2.8239710330963135 10.090446472167969 -2.064664363861084 0 0 0 0 Pedestrian
10.341286659240723 4.049522399902344 -1.4056042432785034 0 0 0 0 Pedestrian
9.757636070251465 6.000155925750732 -2.5637173652648926 0 0 0 0 Pedestrian
0.22993318736553192 12.745245933532715 -2.2346549034118652 0 0 0 0 Pedestrian
0.054470524191856384 11.285406112670898 -2.2996268272399902 0 0 0 0 Pedestrian
-11.592439651489258 4.695326805114746 -1.9170362949371338 0 0 0 0 Pedestrian
-10.803647994995117 -1.9026820659637451 -2.306485414505005 0 0 0 0 Pedestrian
12.52309799194336 -6.8052239418029785 -1.5353273153305054 0 0 0 0 Pedestrian
17.121997833251953 2.5535879135131836 -1.957406997680664 0 0 0 0 Pedestrian
-26.42328453063965 1.1383107900619507 -1.2977899312973022 0 0 0 0 Pedestrian