-4.458923816680908 1.789681077003479 -1.214436411857605 0 0 0 0 Pedestrian
-3.8451685905456543 -1.4736864566802979 -1.3259495496749878 0 0 0 0 Pedestrian
5.165207386016846 -0.8566346764564514 -1.5904330015182495 0 0 0 0 Pedestrian
-5.26130485534668 1.7792742252349854 -1.4844286441802979 0 0 0 0 Pedestrian
-6.640833377838135 4.443425178527832 -1.957076072692871 0 0 0 0 Pedestrian
2.824047565460205 10.09077262878418 -2.0649256706237793 0 0 0 0 Pedestrian
10.341084480285645 4.062021255493164 -1.2433393001556396 0 0 0 0 Pedestrian
9.766351699829102 5.977719783782959 -2.554931640625 0 0 0 0 Pedestrian
6.547317028045654 9.639636039733887 -1.5463635921478271 0 0 0 0 Pedestrian
-11.609026908874512 4.701878547668457 -1.9194852113723755 0 0 0 0 Pedestrian
12.524494171142578 -6.806026458740234 -1.5355439186096191 0 0 0 0 Pedestrian
17.114404678344727 2.545109987258911 -1.9593125581741333 0 0 0 0 Pedestrian
-26.387842178344727 1.0906236171722412 -1.3422819375991821 0 0 0 0 Pedestrian