-4.461266994476318 1.7890254259109497 -1.2181663513183594 0 0 0 0 Pedestrian
-5.244478702545166 1.7761346101760864 -1.4796924591064453 0 0 0 0 Pedestrian
8.221800804138184 3.41055965423584 -1.5715612173080444 0 0 0 0 Pedestrian
-6.692154407501221 4.454100131988525 -2.0383338928222656 0 0 0 0 Pedestrian
9.72862434387207 -6.01539421081543 -1.3295081853866577 0 0 0 0 Pedestrian
10.383810043334961 4.027884006500244 -1.3427401781082153 0 0 0 0 Pedestrian
9.756775856018066 5.999593734741211 -2.5637264251708984 0 0 0 0 Pedestrian
0.00974289607256651 11.302406311035156 -2.343040943145752 0 0 0 0 Pedestrian
-11.604084014892578 4.595634460449219 -1.8982067108154297 0 0 0 0 Pedestrian
6.577003002166748 9.487354278564453 -1.5003681182861328 0 0 0 0 Pedestrian
12.524386405944824 -6.805961608886719 -1.535536527633667 0 0 0 0 Pedestrian
17.14571762084961 2.54012393951416 -2.005444288253784 0 0 0 0 Pedestrian