5.176080703735352 -0.8530518412590027 -1.5778393745422363 0 0 0 0 Pedestrian
-5.288261413574219 1.7481633424758911 -1.4281036853790283 0 0 0 0 Pedestrian
0.23004929721355438 12.74715518951416 -2.2349421977996826 0 0 0 0 Pedestrian
-11.813896179199219 -1.6722750663757324 -1.518078327178955 0 0 0 0 Pedestrian
0.009802352637052536 11.289645195007324 -2.3400561809539795 0 0 0 0 Pedestrian
9.856415748596191 5.845300197601318 -2.5112500190734863 0 0 0 0 Pedestrian
-11.603559494018555 4.630840301513672 -1.9259161949157715 0 0 0 0 Pedestrian
-14.066508293151855 4.8010687828063965 -1.9602253437042236 0 0 0 0 Pedestrian
16.137615203857422 -7.591644287109375 -1.3908456563949585 0 0 0 0 Pedestrian
17.142446517944336 2.549053430557251 -1.9631911516189575 0 0 0 0 Pedestrian
-26.38199806213379 1.0902475118637085 -1.3421272039413452 0 0 0 0 Pedestrian
-23.784147262573242 8.250375747680664 -1.995344877243042 0 0 0 0 Pedestrian