-4.123686790466309 -2.120366334915161 -1.4102286100387573 0 0 0 0 Pedestrian
-4.557380199432373 2.0059914588928223 -1.493612289428711 0 0 0 0 Pedestrian
5.179665565490723 -0.85145103931427 -1.5728065967559814 0 0 0 0 Pedestrian
-5.271182060241699 1.7340078353881836 -1.4151116609573364 0 0 0 0 Pedestrian
2.821232318878174 10.08079719543457 -2.06256103515625 0 0 0 0 Pedestrian
10.317347526550293 4.052520751953125 -1.4163511991500854 0 0 0 0 Pedestrian
0.2296450138092041 12.742691993713379 -2.2341837882995605 0 0 0 0 Pedestrian
-11.621246337890625 4.637828826904297 -1.9288592338562012 0 0 0 0 Pedestrian
-10.801724433898926 -1.9022560119628906 -2.3061137199401855 0 0 0 0 Pedestrian
17.138437271118164 2.548626184463501 -1.9625234603881836 0 0 0 0 Pedestrian
-26.387269973754883 1.0905096530914307 -1.3423564434051514 0 0 0 0 Pedestrian