-4.46051549911499 1.7907553911209106 -1.2243032455444336 0 0 0 0 Pedestrian
5.179732322692871 -0.8411011695861816 -1.5656869411468506 0 0 0 0 Pedestrian
-5.2796630859375 1.7375080585479736 -1.417526125907898 0 0 0 0 Pedestrian
10.344155311584473 4.054157733917236 -1.367819905281067 0 0 0 0 Pedestrian
11.345132827758789 3.635209321975708 -2.295427083969116 0 0 0 0 Pedestrian
0.054395586252212524 11.268819808959961 -2.296621561050415 0 0 0 0 Pedestrian
9.852952003479004 5.823344707489014 -2.482267379760742 0 0 0 0 Pedestrian
-11.609513282775879 4.702150821685791 -1.9196269512176514 0 0 0 0 Pedestrian
16.12137794494629 -7.583995342254639 -1.389508605003357 0 0 0 0 Pedestrian
17.146860122680664 2.5499045848846436 -1.9635319709777832 0 0 0 0 Pedestrian
-26.396671295166016 1.0908854007720947 -1.3429635763168335 0 0 0 0 Pedestrian