-3.839329957962036 -1.4901851415634155 -1.383713960647583 0 0 0 0 Pedestrian
5.178663730621338 -0.8376914262771606 -1.5666784048080444 0 0 0 0 Pedestrian
-7.077330112457275 -1.5501635074615479 -1.502724051475525 0 0 0 0 Pedestrian
-5.285353183746338 1.745147705078125 -1.4707725048065186 0 0 0 0 Pedestrian
-6.594412326812744 4.472454071044922 -1.9286946058273315 0 0 0 0 Pedestrian
-8.944275856018066 -0.707686722278595 -1.5105540752410889 0 0 0 0 Pedestrian
9.744108200073242 5.966952800750732 -2.5809719562530518 0 0 0 0 Pedestrian
10.3633451461792 4.144828796386719 -1.117423415184021 0 0 0 0 Pedestrian
6.426497459411621 9.840475082397461 -1.5186182260513306 0 0 0 0 Pedestrian
-11.607969284057617 4.607344627380371 -1.9141194820404053 0 0 0 0 Pedestrian
-10.808103561401367 -1.848524808883667 -2.195117473602295 0 0 0 0 Pedestrian
12.526113510131836 -6.822333335876465 -1.5303995609283447 0 0 0 0 Pedestrian
17.131620407104492 2.5875399112701416 -2.0039377212524414 0 0 0 0 Pedestrian
17.81308937072754 -7.7637619972229 -1.387040376663208 0 0 0 0 Pedestrian
-26.4124698638916 1.1377829313278198 -1.2973723411560059 0 0 0 0 Pedestrian