-4.4783406257629395 1.764241337776184 -1.213260531425476 0 0 0 0 Pedestrian
5.1770172119140625 -0.8387964963912964 -1.565492868423462 0 0 0 0 Pedestrian
6.249697208404541 3.2919044494628906 -1.7148609161376953 0 0 0 0 Pedestrian
-5.272060871124268 1.7800506353378296 -1.5016779899597168 0 0 0 0 Pedestrian
10.324117660522461 4.016552925109863 -1.469200849533081 0 0 0 0 Pedestrian
9.741720199584961 5.965229034423828 -2.5800225734710693 0 0 0 0 Pedestrian
0.05477256700396538 11.273270606994629 -2.2972731590270996 0 0 0 0 Pedestrian
-11.60340690612793 4.6305623054504395 -1.9258437156677246 0 0 0 0 Pedestrian
-10.830047607421875 -1.9072239398956299 -2.3121886253356934 0 0 0 0 Pedestrian
12.524839401245117 -6.821653842926025 -1.5304797887802124 0 0 0 0 Pedestrian
17.068941116333008 2.5832133293151855 -1.9185171127319336 0 0 0 0 Pedestrian
-23.089778900146484 7.4736480712890625 -2.5702691078186035 0 0 0 0 Pedestrian