6.064040660858154 3.2742457389831543 -1.698552131652832 0 0 0 0 Pedestrian
5.179443836212158 -0.8491035103797913 -1.5774478912353516 0 0 0 0 Pedestrian
-4.8576765060424805 -2.1411805152893066 -1.4820114374160767 0 0 0 0 Pedestrian
-5.266400337219238 1.7538429498672485 -1.4683799743652344 0 0 0 0 Pedestrian
10.333072662353516 4.041074752807617 -1.4548107385635376 0 0 0 0 Pedestrian
0.22996729612350464 12.743362426757812 -2.2341983318328857 0 0 0 0 Pedestrian
9.717984199523926 6.060638904571533 -2.5694632530212402 0 0 0 0 Pedestrian
-11.612760543823242 4.609400749206543 -1.9149982929229736 0 0 0 0 Pedestrian
-10.803985595703125 -1.8361711502075195 -2.109480619430542 0 0 0 0 Pedestrian
12.519118309020996 -6.818527698516846 -1.5296554565429688 0 0 0 0 Pedestrian
17.120820999145508 2.5855469703674316 -1.9638969898223877 0 0 0 0 Pedestrian
-26.369028091430664 1.0898898839950562 -1.3412761688232422 0 0 0 0 Pedestrian