-4.746956825256348 -2.752455711364746 -1.311037302017212 0 0 0 0 Pedestrian
5.178425312042236 -0.8408450484275818 -1.5622221231460571 0 0 0 0 Pedestrian
8.637828826904297 -5.811689376831055 -1.2552921772003174 0 0 0 0 Pedestrian
2.824188709259033 10.091531753540039 -2.064894676208496 0 0 0 0 Pedestrian
10.31925106048584 4.044836521148682 -1.4898878335952759 0 0 0 0 Pedestrian
0.23013201355934143 12.75108814239502 -2.235659599304199 0 0 0 0 Pedestrian
-11.628533363342285 4.57834529876709 -1.8874657154083252 0 0 0 0 Pedestrian
9.866227149963379 5.850932598114014 -2.513920783996582 0 0 0 0 Pedestrian
-10.797127723693848 -1.9014793634414673 -2.3049843311309814 0 0 0 0 Pedestrian
17.12571144104004 2.5537848472595215 -1.9581999778747559 0 0 0 0 Pedestrian
-26.435583114624023 1.1388126611709595 -1.2985142469406128 0 0 0 0 Pedestrian