-3.8688204288482666 -1.4955434799194336 -1.3915947675704956 0 0 0 0 Pedestrian
5.178797245025635 -0.8512283563613892 -1.5833827257156372 0 0 0 0 Pedestrian
8.300274848937988 3.398533821105957 -1.5888041257858276 0 0 0 0 Pedestrian
10.377368927001953 4.061488628387451 -1.3165446519851685 0 0 0 0 Pedestrian
9.737489700317383 5.9881672859191895 -2.5594875812530518 0 0 0 0 Pedestrian
0.24521693587303162 12.754022598266602 -2.2642133235931396 0 0 0 0 Pedestrian
6.5913190841674805 9.507869720458984 -1.503570318222046 0 0 0 0 Pedestrian
-11.592790603637695 4.695281505584717 -1.9169243574142456 0 0 0 0 Pedestrian
12.530058860778809 -6.809056758880615 -1.536228895187378 0 0 0 0 Pedestrian
17.108497619628906 2.551694631576538 -1.9554533958435059 0 0 0 0 Pedestrian
-26.415475845336914 1.1378531455993652 -1.2973049879074097 0 0 0 0 Pedestrian