-5.148803234100342 -2.077054500579834 -1.6078852415084839 0 0 0 0 Pedestrian
6.359235763549805 3.304327964782715 -1.7483457326889038 0 0 0 0 Pedestrian
-5.260869979858398 1.7516334056854248 -1.4485737085342407 0 0 0 0 Pedestrian
-6.739647388458252 4.447798252105713 -2.054447889328003 0 0 0 0 Pedestrian
10.310036659240723 4.036435127258301 -1.4587345123291016 0 0 0 0 Pedestrian
0.24483415484428406 12.745516777038574 -2.2624778747558594 0 0 0 0 Pedestrian
9.738157272338867 5.993046283721924 -2.589437246322632 0 0 0 0 Pedestrian
-11.642040252685547 4.609945774078369 -1.9040701389312744 0 0 0 0 Pedestrian
0.05436278134584427 11.281445503234863 -2.2990529537200928 0 0 0 0 Pedestrian
12.53110408782959 -6.825041770935059 -1.5310395956039429 0 0 0 0 Pedestrian
-26.403799057006836 1.0911921262741089 -1.3433208465576172 0 0 0 0 Pedestrian