-4.256996154785156 -2.5076165199279785 -1.4301999807357788 0 0 0 0 Pedestrian
5.179166793823242 -0.8376933336257935 -1.5760234594345093 0 0 0 0 Pedestrian
-5.872781276702881 2.7007462978363037 -1.755792498588562 0 0 0 0 Pedestrian
-5.281825065612793 1.754793405532837 -1.444038987159729 0 0 0 0 Pedestrian
-6.704277992248535 4.459286212921143 -2.0297067165374756 0 0 0 0 Pedestrian
2.8193247318267822 10.074516296386719 -2.0609748363494873 0 0 0 0 Pedestrian
10.33910846710205 4.02274227142334 -1.4633595943450928 0 0 0 0 Pedestrian
9.72862434387207 5.98764705657959 -2.5877175331115723 0 0 0 0 Pedestrian
0.22996096312999725 12.74886703491211 -2.2352209091186523 0 0 0 0 Pedestrian
-11.69686508178711 4.593659400939941 -1.9216760396957397 0 0 0 0 Pedestrian
0.05439501628279686 11.277276039123535 -2.2982332706451416 0 0 0 0 Pedestrian
16.14087677001953 -7.593557834625244 -1.3913792371749878 0 0 0 0 Pedestrian
17.143251419067383 2.5564661026000977 -1.9600424766540527 0 0 0 0 Pedestrian