5.177769660949707 -0.8401886820793152 -1.5672732591629028 0 0 0 0 Pedestrian
-6.977602005004883 -1.5702390670776367 -1.5133908987045288 0 0 0 0 Pedestrian
-7.481163501739502 -2.636211633682251 -1.573676347732544 0 0 0 0 Pedestrian
-6.625003337860107 4.441755771636963 -1.921027660369873 0 0 0 0 Pedestrian
-8.88774585723877 -0.641467809677124 -1.4435068368911743 0 0 0 0 Pedestrian
10.304903030395508 4.157259464263916 -1.1611813306808472 0 0 0 0 Pedestrian
9.74413013458252 5.996661186218262 -2.591510534286499 0 0 0 0 Pedestrian
0.23001107573509216 12.750993728637695 -2.235814094543457 0 0 0 0 Pedestrian
6.421630382537842 9.833574295043945 -1.517583966255188 0 0 0 0 Pedestrian
-11.597457885742188 4.602886199951172 -1.912251353263855 0 0 0 0 Pedestrian
12.525444984436035 -6.822001934051514 -1.5306422710418701 0 0 0 0 Pedestrian
17.121055603027344 2.5535664558410645 -1.9567615985870361 0 0 0 0 Pedestrian
-26.38008689880371 1.0554500818252563 -1.2953139543533325 0 0 0 0 Pedestrian