5.174479961395264 -0.8468542695045471 -1.5856250524520874 0 0 0 0 Pedestrian
-5.27370023727417 1.767020583152771 -1.473140001296997 0 0 0 0 Pedestrian
-10.49023723602295 -0.841219425201416 -1.6964861154556274 0 0 0 0 Pedestrian
-8.24661636352539 -1.0254991054534912 -1.5385581254959106 0 0 0 0 Pedestrian
2.822007656097412 10.083907127380371 -2.0631134510040283 0 0 0 0 Pedestrian
9.725021362304688 -6.016055107116699 -1.3144443035125732 0 0 0 0 Pedestrian
0.23003925383090973 12.747359275817871 -2.2562100887298584 0 0 0 0 Pedestrian
6.4549880027771 9.283888816833496 -1.461205005645752 0 0 0 0 Pedestrian
-11.601053237915039 4.629698276519775 -1.9256840944290161 0 0 0 0 Pedestrian
16.15212059020996 -7.608413219451904 -1.4014623165130615 0 0 0 0 Pedestrian
17.078750610351562 2.584851026535034 -1.919556975364685 0 0 0 0 Pedestrian