-4.509746074676514 -2.585941791534424 -1.3499201536178589 0 0 0 0 Pedestrian
5.17826509475708 -0.8371975421905518 -1.5534273386001587 0 0 0 0 Pedestrian
-5.888824939727783 2.724792242050171 -1.766210675239563 0 0 0 0 Pedestrian
2.81754732131958 10.067843437194824 -2.0598113536834717 0 0 0 0 Pedestrian
10.28765869140625 4.0498480796813965 -1.4703762531280518 0 0 0 0 Pedestrian
0.2665141522884369 12.727726936340332 -2.2527196407318115 0 0 0 0 Pedestrian
9.749173164367676 5.929409503936768 -2.5691494941711426 0 0 0 0 Pedestrian
-0.03677644208073616 11.315985679626465 -2.3003625869750977 0 0 0 0 Pedestrian
-11.599051475524902 4.666875839233398 -2.0055363178253174 0 0 0 0 Pedestrian
16.161027908325195 -7.5740251541137695 -1.3812388181686401 0 0 0 0 Pedestrian
17.11951446533203 2.553025960922241 -1.9572800397872925 0 0 0 0 Pedestrian
-26.39253807067871 1.0907801389694214 -1.3426525592803955 0 0 0 0 Pedestrian