-4.6508708000183105 -2.66444993019104 -1.3040777444839478 0 0 0 0 Pedestrian
5.175967693328857 -0.849419891834259 -1.5919523239135742 0 0 0 0 Pedestrian
-5.8838019371032715 2.7217864990234375 -1.758453369140625 0 0 0 0 Pedestrian
10.33290958404541 4.050654411315918 -1.4922665357589722 0 0 0 0 Pedestrian
0.24500402808189392 12.74940299987793 -2.263094663619995 0 0 0 0 Pedestrian
9.796854972839355 5.8926286697387695 -2.553682565689087 0 0 0 0 Pedestrian
-11.579459190368652 4.641563415527344 -2.0006377696990967 0 0 0 0 Pedestrian
16.165224075317383 -7.558608055114746 -1.350600004196167 0 0 0 0 Pedestrian
17.124462127685547 2.5539209842681885 -1.9580477476119995 0 0 0 0 Pedestrian
-26.428266525268555 1.1385077238082886 -1.2981340885162354 0 0 0 0 Pedestrian
-18.19183349609375 21.604366302490234 -1.901513934135437 0 0 0 0 Pedestrian