-5.273783206939697 1.7558213472366333 -1.414377212524414 0 0 0 0 Pedestrian
-7.473862171173096 -2.6827142238616943 -2.020188570022583 0 0 0 0 Pedestrian
-9.833738327026367 -0.8862314820289612 -1.7141568660736084 0 0 0 0 Pedestrian
10.333450317382812 4.087406635284424 -1.1848340034484863 0 0 0 0 Pedestrian
9.74327564239502 5.996266841888428 -2.5907676219940186 0 0 0 0 Pedestrian
0.05454112961888313 11.26691722869873 -2.2959208488464355 0 0 0 0 Pedestrian
-11.633316040039062 4.662081241607666 -1.8926715850830078 0 0 0 0 Pedestrian
6.5341291427612305 9.684906005859375 -1.5817042589187622 0 0 0 0 Pedestrian
16.124649047851562 -7.595548629760742 -1.3998050689697266 0 0 0 0 Pedestrian
17.10264015197754 2.5833356380462646 -2.0000314712524414 0 0 0 0 Pedestrian
17.791767120361328 -7.754244804382324 -1.3855345249176025 0 0 0 0 Pedestrian
-26.410633087158203 1.0915204286575317 -1.343777060508728 0 0 0 0 Pedestrian