-5.281661033630371 1.7484790086746216 -1.4346188306808472 0 0 0 0 Pedestrian
-7.469706058502197 -2.599179744720459 -1.726243019104004 0 0 0 0 Pedestrian
-6.63164758682251 4.449441432952881 -1.902362585067749 0 0 0 0 Pedestrian
2.8243017196655273 10.092020988464355 -2.064943313598633 0 0 0 0 Pedestrian
9.757678031921387 5.975050926208496 -2.5842342376708984 0 0 0 0 Pedestrian
-11.704450607299805 4.596591472625732 -1.9227502346038818 0 0 0 0 Pedestrian
6.42224645614624 9.82339859008789 -1.4920763969421387 0 0 0 0 Pedestrian
0.05460739508271217 11.27890396118164 -2.298367977142334 0 0 0 0 Pedestrian
12.532567024230957 -6.825874328613281 -1.531418800354004 0 0 0 0 Pedestrian
17.117958068847656 2.5531363487243652 -1.9563534259796143 0 0 0 0 Pedestrian
-26.463069915771484 1.1860225200653076 -1.4423980712890625 0 0 0 0 Pedestrian
-23.738908767700195 8.352032661437988 -1.9051634073257446 0 0 0 0 Pedestrian