-4.46038818359375 1.7878001928329468 -1.2179065942764282 0 0 0 0 Pedestrian
5.166321754455566 -0.852253258228302 -1.596479892730713 0 0 0 0 Pedestrian
-3.499340295791626 -6.9238386154174805 -1.233272910118103 0 0 0 0 Pedestrian
-9.34870433807373 -0.9704761505126953 -1.7962523698806763 0 0 0 0 Pedestrian
10.303336143493652 4.040926456451416 -1.468002438545227 0 0 0 0 Pedestrian
-11.693145751953125 4.592497825622559 -1.921293020248413 0 0 0 0 Pedestrian
-14.065751075744629 4.841811180114746 -1.969620943069458 0 0 0 0 Pedestrian
16.131603240966797 -7.598587512969971 -1.399783730506897 0 0 0 0 Pedestrian
17.13010597229004 2.5875518321990967 -1.9269638061523438 0 0 0 0 Pedestrian
19.533557891845703 2.726795196533203 -1.5076273679733276 0 0 0 0 Pedestrian
-26.393537521362305 1.09073805809021 -1.3428343534469604 0 0 0 0 Pedestrian