5.111587047576904 3.8583314418792725 -1.7984168529510498 0 0 0 0 Pedestrian
5.178529262542725 -0.8473806381225586 -1.5844017267227173 0 0 0 0 Pedestrian
-4.432280540466309 -2.168307065963745 -1.514697551727295 0 0 0 0 Pedestrian
-5.2390642166137695 1.7656264305114746 -1.4537289142608643 0 0 0 0 Pedestrian
2.822788715362549 10.086461067199707 -2.0638046264648438 0 0 0 0 Pedestrian
10.312529563903809 4.064417839050293 -1.4468615055084229 0 0 0 0 Pedestrian
0.22953684628009796 12.737228393554688 -2.275752305984497 0 0 0 0 Pedestrian
9.70278549194336 6.057931900024414 -2.5268256664276123 0 0 0 0 Pedestrian
0.05440668761730194 11.267802238464355 -2.2959327697753906 0 0 0 0 Pedestrian
-11.625306129455566 4.658817768096924 -1.8913685083389282 0 0 0 0 Pedestrian
-13.288673400878906 -1.721105933189392 -1.3458002805709839 0 0 0 0 Pedestrian
12.480924606323242 -6.8187713623046875 -1.5754365921020508 0 0 0 0 Pedestrian
17.108238220214844 2.5888726711273193 -1.923247218132019 0 0 0 0 Pedestrian
-26.39139747619629 1.0908116102218628 -1.3425683975219727 0 0 0 0 Pedestrian