-3.977158784866333 -1.4621546268463135 -1.3541231155395508 0 0 0 0 Pedestrian
5.1686811447143555 -0.8449224233627319 -1.5665451288223267 0 0 0 0 Pedestrian
-3.487622022628784 -6.921947479248047 -1.2310171127319336 0 0 0 0 Pedestrian
-6.665553092956543 4.454548358917236 -1.9975807666778564 0 0 0 0 Pedestrian
10.34921646118164 4.0523362159729 -1.291224479675293 0 0 0 0 Pedestrian
9.72791862487793 5.986246585845947 -2.586315155029297 0 0 0 0 Pedestrian
0.26628419756889343 12.730188369750977 -2.274475574493408 0 0 0 0 Pedestrian
6.561661243438721 9.60436725616455 -1.5436354875564575 0 0 0 0 Pedestrian
-11.594000816345215 4.695713520050049 -1.9170390367507935 0 0 0 0 Pedestrian
12.527786254882812 -6.807772636413574 -1.5359658002853394 0 0 0 0 Pedestrian
17.142471313476562 2.548954963684082 -1.9630945920944214 0 0 0 0 Pedestrian
-26.39082908630371 1.0907635688781738 -1.3424978256225586 0 0 0 0 Pedestrian