-4.469165325164795 1.7759745121002197 -1.2350693941116333 0 0 0 0 Pedestrian
5.183420181274414 -0.8438946604728699 -1.5718414783477783 0 0 0 0 Pedestrian
-3.4775583744049072 -6.921784400939941 -1.202797532081604 0 0 0 0 Pedestrian
-5.2769927978515625 1.7707830667495728 -1.4741328954696655 0 0 0 0 Pedestrian
10.371940612792969 4.070687294006348 -1.343727469444275 0 0 0 0 Pedestrian
-11.792101860046387 -1.7015300989151 -1.4250552654266357 0 0 0 0 Pedestrian
-11.685798645019531 4.5895891189575195 -1.920080542564392 0 0 0 0 Pedestrian
0.054375872015953064 11.267284393310547 -2.2959790229797363 0 0 0 0 Pedestrian
16.14397430419922 -7.604718208312988 -1.401192545890808 0 0 0 0 Pedestrian
17.13484001159668 2.548022508621216 -1.962174415588379 0 0 0 0 Pedestrian
-26.386550903320312 1.0905661582946777 -1.3424080610275269 0 0 0 0 Pedestrian