5.166568756103516 -0.8398300409317017 -1.5688316822052002 0 0 0 0 Pedestrian
-7.245092391967773 -1.5027737617492676 -1.5535997152328491 0 0 0 0 Pedestrian
5.856199741363525 5.108922481536865 -1.5467067956924438 0 0 0 0 Pedestrian
-9.116576194763184 -0.808429479598999 -1.6555920839309692 0 0 0 0 Pedestrian
-7.840054988861084 -2.0285251140594482 -1.2466334104537964 0 0 0 0 Pedestrian
9.726052284240723 5.985245704650879 -2.5863258838653564 0 0 0 0 Pedestrian
0.22992925345897675 12.747274398803711 -2.235042095184326 0 0 0 0 Pedestrian
10.297296524047852 4.107766151428223 -1.129736065864563 0 0 0 0 Pedestrian
-11.59419059753418 4.627010345458984 -1.9243067502975464 0 0 0 0 Pedestrian
6.478105068206787 9.850691795349121 -1.5950050354003906 0 0 0 0 Pedestrian
12.524088859558105 -6.821254253387451 -1.5303611755371094 0 0 0 0 Pedestrian
17.13213348388672 2.555004119873047 -1.9586213827133179 0 0 0 0 Pedestrian