-3.8498620986938477 -1.4942172765731812 -1.3827663660049438 0 0 0 0 Pedestrian
5.168399333953857 -0.8451259136199951 -1.5782699584960938 0 0 0 0 Pedestrian
-5.132589817047119 -1.3284212350845337 -1.5928760766983032 0 0 0 0 Pedestrian
-5.277865886688232 1.7570782899856567 -1.471063256263733 0 0 0 0 Pedestrian
2.822242498397827 10.084969520568848 -2.0634446144104004 0 0 0 0 Pedestrian
10.33562183380127 4.055060386657715 -1.312551498413086 0 0 0 0 Pedestrian
9.75070858001709 5.971068382263184 -2.5824923515319824 0 0 0 0 Pedestrian
0.00984690897166729 11.294078826904297 -2.341099739074707 0 0 0 0 Pedestrian
-11.59892749786377 4.697768688201904 -1.91800856590271 0 0 0 0 Pedestrian
-10.819726943969727 -1.9048478603363037 -2.3090434074401855 0 0 0 0 Pedestrian
17.072710037231445 2.5838329792022705 -1.9188419580459595 0 0 0 0 Pedestrian
-26.390823364257812 1.0907701253890991 -1.342664122581482 0 0 0 0 Pedestrian