5.1735711097717285 -0.8428000807762146 -1.5807876586914062 0 0 0 0 Pedestrian
-5.261727333068848 1.752258539199829 -1.4672545194625854 0 0 0 0 Pedestrian
8.573966979980469 -5.771836280822754 -1.2598681449890137 0 0 0 0 Pedestrian
-7.981710433959961 2.0571868419647217 -2.3015098571777344 0 0 0 0 Pedestrian
10.330924987792969 4.1529011726379395 -1.1670652627944946 0 0 0 0 Pedestrian
9.732860565185547 5.989314556121826 -2.5877902507781982 0 0 0 0 Pedestrian
0.22998090088367462 12.748797416687012 -2.235234498977661 0 0 0 0 Pedestrian
6.434067726135254 9.782797813415527 -1.4888014793395996 0 0 0 0 Pedestrian
0.05443963408470154 11.27170181274414 -2.2968108654022217 0 0 0 0 Pedestrian
-11.589693069458008 4.693665981292725 -1.9160362482070923 0 0 0 0 Pedestrian
12.519559860229492 -6.803391456604004 -1.5349490642547607 0 0 0 0 Pedestrian
17.08130645751953 2.5849609375 -1.9199848175048828 0 0 0 0 Pedestrian
-26.36846351623535 1.0898830890655518 -1.341141939163208 0 0 0 0 Pedestrian