5.69927453994751 3.134148597717285 -1.7019644975662231 0 0 0 0 Pedestrian
-4.592339992523193 -2.151151180267334 -1.4869168996810913 0 0 0 0 Pedestrian
-3.497436285018921 -6.9287567138671875 -1.2326620817184448 0 0 0 0 Pedestrian
10.34635066986084 4.042887210845947 -1.4114480018615723 0 0 0 0 Pedestrian
0.2297469675540924 12.738237380981445 -2.2333498001098633 0 0 0 0 Pedestrian
9.708333015441895 6.062203884124756 -2.520665407180786 0 0 0 0 Pedestrian
-11.587178230285645 4.693274021148682 -1.9161962270736694 0 0 0 0 Pedestrian
12.526718139648438 -6.822678565979004 -1.5306061506271362 0 0 0 0 Pedestrian
17.125492095947266 2.5539956092834473 -1.9577664136886597 0 0 0 0 Pedestrian
-26.386125564575195 1.090569019317627 -1.3422898054122925 0 0 0 0 Pedestrian
-18.199295043945312 21.613265991210938 -1.9023526906967163 0 0 0 0 Pedestrian