-5.750971794128418 2.7048656940460205 -1.7524977922439575 0 0 0 0 Pedestrian
5.170871257781982 -0.8536913394927979 -1.5824415683746338 0 0 0 0 Pedestrian
6.756697654724121 3.376965045928955 -1.750626564025879 0 0 0 0 Pedestrian
-5.258859634399414 1.7519434690475464 -1.4667400121688843 0 0 0 0 Pedestrian
-8.328862190246582 -2.6882781982421875 -1.296210765838623 0 0 0 0 Pedestrian
10.327902793884277 4.043238162994385 -1.4600441455841064 0 0 0 0 Pedestrian
-11.650900840759277 4.613297462463379 -1.9053287506103516 0 0 0 0 Pedestrian
0.009753840044140816 11.29682731628418 -2.3414971828460693 0 0 0 0 Pedestrian
12.521728515625 -6.819949626922607 -1.5300623178482056 0 0 0 0 Pedestrian
17.096525192260742 2.587351083755493 -1.9216820001602173 0 0 0 0 Pedestrian
-26.42527198791504 1.1383382081985474 -1.2979952096939087 0 0 0 0 Pedestrian