5.170736789703369 -0.8366671800613403 -1.561144471168518 0 0 0 0 Pedestrian
-5.273789882659912 1.7560490369796753 -1.470516324043274 0 0 0 0 Pedestrian
-7.447187900543213 -2.703974962234497 -1.9898810386657715 0 0 0 0 Pedestrian
-9.723976135253906 -0.8909971714019775 -1.706302285194397 0 0 0 0 Pedestrian
10.30978775024414 4.061237812042236 -1.4226939678192139 0 0 0 0 Pedestrian
9.744820594787598 5.996978759765625 -2.5911762714385986 0 0 0 0 Pedestrian
0.25201207399368286 12.73483943939209 -2.2466354370117188 0 0 0 0 Pedestrian
-0.0056294710375368595 11.30137825012207 -2.2327816486358643 0 0 0 0 Pedestrian
-11.599535942077637 4.6041083335876465 -1.9127216339111328 0 0 0 0 Pedestrian
6.523470878601074 9.761054039001465 -1.5470342636108398 0 0 0 0 Pedestrian
16.13619613647461 -7.591027736663818 -1.390907645225525 0 0 0 0 Pedestrian
17.09160614013672 2.5865254402160645 -1.9213252067565918 0 0 0 0 Pedestrian