5.180274486541748 -0.8494212627410889 -1.5887469053268433 0 0 0 0 Pedestrian
5.8625030517578125 5.063003063201904 -1.6054378747940063 0 0 0 0 Pedestrian
-5.1156392097473145 -1.3153895139694214 -1.5960350036621094 0 0 0 0 Pedestrian
-5.268224716186523 1.751979112625122 -1.4687154293060303 0 0 0 0 Pedestrian
-7.449269771575928 -2.7139408588409424 -1.7923790216445923 0 0 0 0 Pedestrian
-9.2272367477417 -0.8211765885353088 -1.6658855676651 0 0 0 0 Pedestrian
-7.924770832061768 -1.9829543828964233 -1.275780200958252 0 0 0 0 Pedestrian
9.744627952575684 5.997213363647461 -2.5913422107696533 0 0 0 0 Pedestrian
10.300904273986816 4.160322666168213 -1.1699978113174438 0 0 0 0 Pedestrian
0.054231032729148865 11.275425910949707 -2.2979345321655273 0 0 0 0 Pedestrian
6.3835368156433105 9.851853370666504 -1.5409473180770874 0 0 0 0 Pedestrian
17.09418296813965 2.586939811706543 -1.9219841957092285 0 0 0 0 Pedestrian
-26.40151023864746 1.0911242961883545 -1.3433467149734497 0 0 0 0 Pedestrian