5.175957679748535 -0.8380352258682251 -1.566818356513977 0 0 0 0 Pedestrian
-7.1611762046813965 -1.5367658138275146 -1.5309638977050781 0 0 0 0 Pedestrian
-5.239914894104004 1.7619422674179077 -1.4748814105987549 0 0 0 0 Pedestrian
-9.0162992477417 -0.7649960517883301 -1.6202149391174316 0 0 0 0 Pedestrian
-6.638874053955078 4.44588565826416 -1.984415888786316 0 0 0 0 Pedestrian
9.743816375732422 5.996192455291748 -2.5904035568237305 0 0 0 0 Pedestrian
10.323823928833008 4.139415740966797 -1.0943642854690552 0 0 0 0 Pedestrian
-0.03669917210936546 11.315001487731934 -2.300191640853882 0 0 0 0 Pedestrian
-11.62840747833252 4.709949016571045 -1.922988772392273 0 0 0 0 Pedestrian
6.381657123565674 9.849349021911621 -1.5404051542282104 0 0 0 0 Pedestrian
17.123685836791992 2.553711414337158 -1.957538366317749 0 0 0 0 Pedestrian
-26.385128021240234 1.090582013130188 -1.3421965837478638 0 0 0 0 Pedestrian
-18.197425842285156 21.611083984375 -1.9021235704421997 0 0 0 0 Pedestrian