5.1831374168396 -0.8380669951438904 -1.569703221321106 0 0 0 0 Pedestrian
-5.2647223472595215 1.7772815227508545 -1.4847774505615234 0 0 0 0 Pedestrian
2.824659824371338 10.09277629852295 -2.0652644634246826 0 0 0 0 Pedestrian
6.106483459472656 8.883298873901367 -1.4596776962280273 0 0 0 0 Pedestrian
10.319942474365234 4.073800563812256 -1.4020428657531738 0 0 0 0 Pedestrian
-11.785502433776855 -1.754576325416565 -1.3190970420837402 0 0 0 0 Pedestrian
0.009824961423873901 11.293889045715332 -2.3408920764923096 0 0 0 0 Pedestrian
-11.645740509033203 4.610928535461426 -1.904223918914795 0 0 0 0 Pedestrian
16.165241241455078 -7.576130390167236 -1.3814719915390015 0 0 0 0 Pedestrian
17.12325096130371 2.5463123321533203 -1.960426926612854 0 0 0 0 Pedestrian
-26.432756423950195 1.1386805772781372 -1.2983897924423218 0 0 0 0 Pedestrian