5.177870273590088 -0.8369002938270569 -1.5691684484481812 0 0 0 0 Pedestrian
5.789234638214111 5.137563705444336 -1.6396127939224243 0 0 0 0 Pedestrian
-5.2603349685668945 1.7651798725128174 -1.4797688722610474 0 0 0 0 Pedestrian
7.925208568572998 3.404658317565918 -1.5060030221939087 0 0 0 0 Pedestrian
9.998282432556152 4.092682838439941 -1.343181848526001 0 0 0 0 Pedestrian
10.337884902954102 4.039215564727783 -1.361031174659729 0 0 0 0 Pedestrian
9.747239112854004 5.993902206420898 -2.5618844032287598 0 0 0 0 Pedestrian
0.22991567850112915 12.748355865478516 -2.2350547313690186 0 0 0 0 Pedestrian
0.05455874279141426 11.268261909484863 -2.296199321746826 0 0 0 0 Pedestrian
-11.609268188476562 4.607612133026123 -1.9141076803207397 0 0 0 0 Pedestrian
12.526328086853027 -6.807037830352783 -1.5359408855438232 0 0 0 0 Pedestrian
-14.089024543762207 4.753543853759766 -2.015205144882202 0 0 0 0 Pedestrian
17.120786666870117 2.553565740585327 -1.957078456878662 0 0 0 0 Pedestrian
-26.40707015991211 1.0913032293319702 -1.3436250686645508 0 0 0 0 Pedestrian