5.17173957824707 -0.8484772443771362 -1.586395025253296 0 0 0 0 Pedestrian
-5.844651699066162 2.676199436187744 -1.7714662551879883 0 0 0 0 Pedestrian
10.32068920135498 4.020199775695801 -1.5081151723861694 0 0 0 0 Pedestrian
9.696191787719727 -6.043217658996582 -1.1043411493301392 0 0 0 0 Pedestrian
9.713190078735352 5.977505207061768 -2.5829150676727295 0 0 0 0 Pedestrian
-11.667101860046387 4.592566967010498 -1.8931645154953003 0 0 0 0 Pedestrian
0.05446913465857506 11.26944351196289 -2.2966558933258057 0 0 0 0 Pedestrian
12.548104286193848 -6.795543193817139 -1.541826844215393 0 0 0 0 Pedestrian
16.130233764648438 -7.598252296447754 -1.3998829126358032 0 0 0 0 Pedestrian
17.13500213623047 2.5156586170196533 -1.9860683679580688 0 0 0 0 Pedestrian
-21.80314064025879 9.66585636138916 -2.350736379623413 0 0 0 0 Pedestrian
-26.417993545532227 1.1379296779632568 -1.4626551866531372 0 0 0 0 Pedestrian