5.179790019989014 -0.8412413001060486 -1.5753602981567383 0 0 0 0 Pedestrian
-5.875176906585693 2.6873691082000732 -1.7557282447814941 0 0 0 0 Pedestrian
-3.3217880725860596 -6.996016502380371 -1.2763774394989014 0 0 0 0 Pedestrian
10.321837425231934 4.069832801818848 -1.4720553159713745 0 0 0 0 Pedestrian
9.646632194519043 -6.07067346572876 -1.315614938735962 0 0 0 0 Pedestrian
9.748933792114258 5.969996929168701 -2.581932783126831 0 0 0 0 Pedestrian
0.23520813882350922 12.726487159729004 -2.236309289932251 0 0 0 0 Pedestrian
-0.005426636431366205 11.293919563293457 -2.2313456535339355 0 0 0 0 Pedestrian
-11.626705169677734 4.659825801849365 -1.8919904232025146 0 0 0 0 Pedestrian
16.148183822631836 -7.580750465393066 -1.3912264108657837 0 0 0 0 Pedestrian
-26.403793334960938 1.091283917427063 -1.3433138132095337 0 0 0 0 Pedestrian