2.2115845680236816 -3.7281272411346436 -1.3209550380706787 0 0 0 0 Pedestrian
5.184797763824463 -0.8377382159233093 -1.5633405447006226 0 0 0 0 Pedestrian
-5.88590669631958 2.697096824645996 -1.7541486024856567 0 0 0 0 Pedestrian
-3.3308470249176025 -6.978503227233887 -1.2462983131408691 0 0 0 0 Pedestrian
2.822693109512329 10.086243629455566 -2.06369948387146 0 0 0 0 Pedestrian
10.308703422546387 4.0561604499816895 -1.4293335676193237 0 0 0 0 Pedestrian
9.747820854187012 5.969013690948486 -2.581611156463623 0 0 0 0 Pedestrian
-11.6425199508667 4.609744071960449 -1.90385103225708 0 0 0 0 Pedestrian
0.05451260507106781 11.277861595153809 -2.298525333404541 0 0 0 0 Pedestrian
-14.068564414978027 4.801652431488037 -1.9614906311035156 0 0 0 0 Pedestrian
16.16810417175293 -7.589807033538818 -1.3927363157272339 0 0 0 0 Pedestrian