-2.6797754764556885 -2.7225863933563232 -1.2678154706954956 0 0 0 0 Pedestrian
5.1743550300598145 -0.850021243095398 -1.5921610593795776 0 0 0 0 Pedestrian
-5.873515605926514 2.679192543029785 -1.7633857727050781 0 0 0 0 Pedestrian
2.8220791816711426 10.084131240844727 -2.0632410049438477 0 0 0 0 Pedestrian
10.295456886291504 4.0737128257751465 -1.4971418380737305 0 0 0 0 Pedestrian
9.731731414794922 5.9888200759887695 -2.5874431133270264 0 0 0 0 Pedestrian
0.2300470769405365 12.75279712677002 -2.2359566688537598 0 0 0 0 Pedestrian
0.0545695535838604 11.268376350402832 -2.2962729930877686 0 0 0 0 Pedestrian
12.546979904174805 -6.79487419128418 -1.541520595550537 0 0 0 0 Pedestrian
16.145105361938477 -7.59494161605835 -1.391390323638916 0 0 0 0 Pedestrian
-26.40965461730957 1.1376036405563354 -1.2970086336135864 0 0 0 0 Pedestrian