-2.3490021228790283 -2.617233991622925 -1.1663161516189575 0 0 0 0 Pedestrian
5.175750255584717 -0.8516571521759033 -1.5790964365005493 0 0 0 0 Pedestrian
-5.871391296386719 2.6749863624572754 -1.7605024576187134 0 0 0 0 Pedestrian
10.333187103271484 4.042139530181885 -1.4564458131790161 0 0 0 0 Pedestrian
9.727631568908691 5.986579418182373 -2.5869550704956055 0 0 0 0 Pedestrian
-0.03680339828133583 11.319433212280273 -2.2751243114471436 0 0 0 0 Pedestrian
-11.63840389251709 4.5819621086120605 -1.88900887966156 0 0 0 0 Pedestrian
12.549766540527344 -6.796407222747803 -1.5420747995376587 0 0 0 0 Pedestrian
16.16205406188965 -7.587230205535889 -1.3929321765899658 0 0 0 0 Pedestrian
17.166093826293945 2.5101912021636963 -1.9954081773757935 0 0 0 0 Pedestrian
-24.21736717224121 6.586708068847656 -1.7228673696517944 0 0 0 0 Pedestrian
-26.4262638092041 1.1384155750274658 -1.298172116279602 0 0 0 0 Pedestrian