2.4460842609405518 -3.8029589653015137 -1.3519059419631958 0 0 0 0 Pedestrian
5.185038089752197 -0.840664267539978 -1.561264991760254 0 0 0 0 Pedestrian
-5.880789279937744 2.6947624683380127 -1.7524373531341553 0 0 0 0 Pedestrian
-3.3149971961975098 -6.9922051429748535 -1.2686247825622559 0 0 0 0 Pedestrian
9.687914848327637 -6.016854286193848 -1.308109998703003 0 0 0 0 Pedestrian
10.320841789245605 4.040981292724609 -1.4219560623168945 0 0 0 0 Pedestrian
0.24524228274822235 12.754279136657715 -2.264190912246704 0 0 0 0 Pedestrian
9.728033065795898 5.986922740936279 -2.5867388248443604 0 0 0 0 Pedestrian
-11.620344161987305 4.637440204620361 -1.928649663925171 0 0 0 0 Pedestrian
6.439011573791504 9.245019912719727 -1.4872989654541016 0 0 0 0 Pedestrian
16.160959243774414 -7.586514949798584 -1.3924287557601929 0 0 0 0 Pedestrian