-1.8992162942886353 -3.469313383102417 -1.2817792892456055 0 0 0 0 Pedestrian
5.174151420593262 -0.8460373878479004 -1.5768051147460938 0 0 0 0 Pedestrian
-5.80417537689209 2.7240424156188965 -1.7420375347137451 0 0 0 0 Pedestrian
-3.3347020149230957 -6.991823673248291 -1.270114779472351 0 0 0 0 Pedestrian
4.969937801361084 -5.383172035217285 -1.2003220319747925 0 0 0 0 Pedestrian
10.346587181091309 4.0294318199157715 -1.4122772216796875 0 0 0 0 Pedestrian
9.74932861328125 5.994938850402832 -2.5617823600769043 0 0 0 0 Pedestrian
0.009641074575483799 11.300151824951172 -2.3424131870269775 0 0 0 0 Pedestrian
-11.583514213562012 4.691276550292969 -1.9149657487869263 0 0 0 0 Pedestrian
16.120616912841797 -7.59391975402832 -1.399262547492981 0 0 0 0 Pedestrian
-26.449600219726562 1.1851749420166016 -1.4408265352249146 0 0 0 0 Pedestrian