4.226538181304932 1.6193958520889282 -1.4760574102401733 0 0 0 0 Pedestrian
5.178750038146973 -0.8329417705535889 -1.5583144426345825 0 0 0 0 Pedestrian
-5.882951736450195 2.695802688598633 -1.7531347274780273 0 0 0 0 Pedestrian
-3.3215301036834717 -6.996429443359375 -1.2585515975952148 0 0 0 0 Pedestrian
-5.254961013793945 1.749837040901184 -1.4652342796325684 0 0 0 0 Pedestrian
2.8207387924194336 10.078863143920898 -2.0623624324798584 0 0 0 0 Pedestrian
10.352852821350098 4.026252269744873 -1.4842798709869385 0 0 0 0 Pedestrian
0.24480019509792328 12.742775917053223 -2.2618532180786133 0 0 0 0 Pedestrian
9.729155540466309 5.9875264167785645 -2.5868520736694336 0 0 0 0 Pedestrian
-11.620645523071289 4.6373515129089355 -1.9286773204803467 0 0 0 0 Pedestrian
12.532559394836426 -6.810430526733398 -1.5365757942199707 0 0 0 0 Pedestrian
16.14778709411621 -7.5804972648620605 -1.3911724090576172 0 0 0 0 Pedestrian
-26.321163177490234 1.0334064960479736 -1.3732695579528809 0 0 0 0 Pedestrian