3.430157423019409 -4.252102851867676 -1.481461524963379 0 0 0 0 Pedestrian
5.178686618804932 -0.8453007936477661 -1.5709766149520874 0 0 0 0 Pedestrian
-5.815098285675049 2.7291979789733887 -1.756188154220581 0 0 0 0 Pedestrian
-3.3301682472229004 -6.979384899139404 -1.2679686546325684 0 0 0 0 Pedestrian
4.9397993087768555 -5.4277777671813965 -1.2339438199996948 0 0 0 0 Pedestrian
10.320111274719238 4.013548374176025 -1.4775805473327637 0 0 0 0 Pedestrian
9.751067161560059 5.996306419372559 -2.5625507831573486 0 0 0 0 Pedestrian
-11.6032133102417 4.630683898925781 -1.9258925914764404 0 0 0 0 Pedestrian
-10.792257308959961 -1.9007198810577393 -2.3041367530822754 0 0 0 0 Pedestrian
13.798784255981445 9.202461242675781 -1.4837653636932373 0 0 0 0 Pedestrian
16.112079620361328 -7.579719066619873 -1.388741135597229 0 0 0 0 Pedestrian
-26.413612365722656 1.1378947496414185 -1.4625471830368042 0 0 0 0 Pedestrian