3.3672571182250977 -4.219639301300049 -1.4709608554840088 0 0 0 0 Pedestrian
5.458738803863525 -4.876063346862793 -1.6656244993209839 0 0 0 0 Pedestrian
5.173949718475342 -0.8367577195167542 -1.571194052696228 0 0 0 0 Pedestrian
-5.832034111022949 2.7386226654052734 -1.754207968711853 0 0 0 0 Pedestrian
-3.326531410217285 -6.995832443237305 -1.2709672451019287 0 0 0 0 Pedestrian
10.296806335449219 4.0607500076293945 -1.419068694114685 0 0 0 0 Pedestrian
9.754719734191895 6.003007888793945 -2.5940098762512207 0 0 0 0 Pedestrian
0.21270807087421417 12.742851257324219 -2.2478184700012207 0 0 0 0 Pedestrian
-11.665979385375977 4.581384658813477 -1.9323813915252686 0 0 0 0 Pedestrian
16.140737533569336 -7.6033549308776855 -1.4011683464050293 0 0 0 0 Pedestrian
-26.419111251831055 1.137982964515686 -1.4627488851547241 0 0 0 0 Pedestrian