5.172789096832275 -0.8508893251419067 -1.5756263732910156 0 0 0 0 Pedestrian
-5.881811618804932 2.6952805519104004 -1.7528572082519531 0 0 0 0 Pedestrian
-3.3349828720092773 -6.988041400909424 -1.2687783241271973 0 0 0 0 Pedestrian
2.8235831260681152 10.089707374572754 -2.0643084049224854 0 0 0 0 Pedestrian
-7.998476505279541 2.055668354034424 -2.325993061065674 0 0 0 0 Pedestrian
10.328740119934082 4.02357292175293 -1.4519394636154175 0 0 0 0 Pedestrian
9.753267288208008 6.00208854675293 -2.593116044998169 0 0 0 0 Pedestrian
0.009791354648768902 11.30787467956543 -2.3440022468566895 0 0 0 0 Pedestrian
-11.654598236083984 4.614985466003418 -1.906004786491394 0 0 0 0 Pedestrian
-10.800189018249512 -1.9024779796600342 -2.306347608566284 0 0 0 0 Pedestrian
12.553838729858398 -6.784924030303955 -1.4929324388504028 0 0 0 0 Pedestrian
16.129409790039062 -7.597535133361816 -1.3996875286102295 0 0 0 0 Pedestrian
-26.380136489868164 1.0903059244155884 -1.3420486450195312 0 0 0 0 Pedestrian