5.179084300994873 -0.8467770218849182 -1.575208067893982 0 0 0 0 Pedestrian
-5.872622489929199 2.695619583129883 -1.7594902515411377 0 0 0 0 Pedestrian
-3.34358286857605 -7.002280235290527 -1.274434208869934 0 0 0 0 Pedestrian
-2.1964428424835205 -5.065992832183838 -1.6963913440704346 0 0 0 0 Pedestrian
-7.979384899139404 2.0507373809814453 -2.320399045944214 0 0 0 0 Pedestrian
10.310586929321289 4.0323405265808105 -1.4413838386535645 0 0 0 0 Pedestrian
9.62214469909668 -6.0742316246032715 -1.301745057106018 0 0 0 0 Pedestrian
9.723858833312988 5.9839019775390625 -2.585916757583618 0 0 0 0 Pedestrian
7.060301780700684 10.355501174926758 -1.5403488874435425 0 0 0 0 Pedestrian
-11.648957252502441 4.668235778808594 -1.8951950073242188 0 0 0 0 Pedestrian
16.172748565673828 -7.5921831130981445 -1.3935407400131226 0 0 0 0 Pedestrian
-26.43457794189453 1.1387988328933716 -1.29863440990448 0 0 0 0 Pedestrian