4.188165187835693 1.6404184103012085 -1.5034600496292114 0 0 0 0 Pedestrian
5.181502819061279 -0.8351654410362244 -1.5518803596496582 0 0 0 0 Pedestrian
-3.3209269046783447 -6.986073970794678 -1.2568598985671997 0 0 0 0 Pedestrian
10.342610359191895 4.026371955871582 -1.5571646690368652 0 0 0 0 Pedestrian
9.727978706359863 5.986933708190918 -2.586625337600708 0 0 0 0 Pedestrian
0.230033740401268 12.751038551330566 -2.2355637550354004 0 0 0 0 Pedestrian
-11.631669998168945 4.661500453948975 -1.8925137519836426 0 0 0 0 Pedestrian
-10.786806106567383 -1.899836540222168 -2.3031842708587646 0 0 0 0 Pedestrian
12.528005599975586 -6.807898998260498 -1.535945177078247 0 0 0 0 Pedestrian
16.10500144958496 -7.58206033706665 -1.3771198987960815 0 0 0 0 Pedestrian
-26.388248443603516 1.035489797592163 -1.3774540424346924 0 0 0 0 Pedestrian