5.175845146179199 -0.847019612789154 -1.5673714876174927 0 0 0 0 Pedestrian
-5.871649265289307 2.6784186363220215 -1.7626845836639404 0 0 0 0 Pedestrian
-3.429147720336914 -6.952919960021973 -1.2641226053237915 0 0 0 0 Pedestrian
2.8218939304351807 10.083379745483398 -2.063292980194092 0 0 0 0 Pedestrian
10.312155723571777 4.031619548797607 -1.4899299144744873 0 0 0 0 Pedestrian
9.734137535095215 5.9907307624816895 -2.588135242462158 0 0 0 0 Pedestrian
-11.606791496276855 4.632122993469238 -1.9263299703598022 0 0 0 0 Pedestrian
12.527552604675293 -6.807679653167725 -1.5359357595443726 0 0 0 0 Pedestrian
16.1199893951416 -7.583106517791748 -1.3890507221221924 0 0 0 0 Pedestrian
17.788921356201172 -7.753267765045166 -1.3853996992111206 0 0 0 0 Pedestrian
-26.406505584716797 1.0913898944854736 -1.3434627056121826 0 0 0 0 Pedestrian