5.168315887451172 -0.8388584852218628 -1.5809965133666992 0 0 0 0 Pedestrian
-5.858034133911133 2.7371561527252197 -1.7582345008850098 0 0 0 0 Pedestrian
-3.3183937072753906 -6.992225646972656 -1.2648677825927734 0 0 0 0 Pedestrian
8.617692947387695 -5.798049449920654 -1.2523595094680786 0 0 0 0 Pedestrian
10.311392784118652 4.044508934020996 -1.4363385438919067 0 0 0 0 Pedestrian
9.741327285766602 5.990571022033691 -2.560136079788208 0 0 0 0 Pedestrian
0.23503157496452332 12.72275161743164 -2.235811710357666 0 0 0 0 Pedestrian
-0.0053550987504422665 11.297098159790039 -2.2317779064178467 0 0 0 0 Pedestrian
-11.657575607299805 4.671411991119385 -1.8963160514831543 0 0 0 0 Pedestrian
16.176097869873047 -7.593797206878662 -1.3939017057418823 0 0 0 0 Pedestrian
-26.42835807800293 1.1382331848144531 -1.4630911350250244 0 0 0 0 Pedestrian
24.01144027709961 -9.230835914611816 -1.0733903646469116 0 0 0 0 Pedestrian