5.17783260345459 -0.8468974828720093 -1.5722274780273438 0 0 0 0 Pedestrian
-5.883095741271973 2.6959798336029053 -1.7532933950424194 0 0 0 0 Pedestrian
-3.3150200843811035 -6.997906684875488 -1.2635939121246338 0 0 0 0 Pedestrian
4.952950954437256 -5.411787986755371 -1.28935706615448 0 0 0 0 Pedestrian
7.2334442138671875 -5.782904148101807 -1.2752957344055176 0 0 0 0 Pedestrian
10.324260711669922 4.038629531860352 -1.3842113018035889 0 0 0 0 Pedestrian
0.2447240650653839 12.739791870117188 -2.2614893913269043 0 0 0 0 Pedestrian
9.764657974243164 5.976319789886475 -2.5542805194854736 0 0 0 0 Pedestrian
0.05447814241051674 11.271040916442871 -2.29697322845459 0 0 0 0 Pedestrian
-11.614580154418945 4.635221004486084 -1.9277164936065674 0 0 0 0 Pedestrian
16.1445369720459 -7.605134963989258 -1.401248812675476 0 0 0 0 Pedestrian
-26.448375701904297 1.139346957206726 -1.4648551940917969 0 0 0 0 Pedestrian