5.177248954772949 -0.837879478931427 -1.569668173789978 0 0 0 0 Pedestrian
-5.870018005371094 2.6831672191619873 -1.756851077079773 0 0 0 0 Pedestrian
-3.3470544815063477 -6.978880882263184 -1.2533533573150635 0 0 0 0 Pedestrian
7.184244155883789 -5.814493179321289 -1.2279964685440063 0 0 0 0 Pedestrian
10.307809829711914 4.063488006591797 -1.4334965944290161 0 0 0 0 Pedestrian
9.734539031982422 5.990574836730957 -2.588230609893799 0 0 0 0 Pedestrian
0.19270332157611847 12.73563289642334 -2.2377512454986572 0 0 0 0 Pedestrian
-11.58901596069336 4.6460089683532715 -1.8866000175476074 0 0 0 0 Pedestrian
0.0543932169675827 11.2800874710083 -2.2988474369049072 0 0 0 0 Pedestrian
7.063198089599609 10.359417915344238 -1.5407092571258545 0 0 0 0 Pedestrian
12.545670509338379 -6.794214725494385 -1.5416333675384521 0 0 0 0 Pedestrian
16.172807693481445 -7.592372417449951 -1.3935754299163818 0 0 0 0 Pedestrian