5.470773220062256 -4.87322473526001 -1.6537401676177979 0 0 0 0 Pedestrian
5.167917251586914 -0.8529856204986572 -1.5675828456878662 0 0 0 0 Pedestrian
-5.884195327758789 2.6963155269622803 -1.7536377906799316 0 0 0 0 Pedestrian
-3.3034465312957764 -6.989923000335693 -1.2519068717956543 0 0 0 0 Pedestrian
-2.212808847427368 -5.083000659942627 -1.6636238098144531 0 0 0 0 Pedestrian
2.8234524726867676 10.088818550109863 -2.064291000366211 0 0 0 0 Pedestrian
10.33356761932373 4.027937412261963 -1.4619005918502808 0 0 0 0 Pedestrian
0.00968126580119133 11.285065650939941 -2.339182138442993 0 0 0 0 Pedestrian
-11.594714164733887 4.695883274078369 -1.9170290231704712 0 0 0 0 Pedestrian
-10.808271408081055 -1.903520941734314 -2.307464122772217 0 0 0 0 Pedestrian
-14.1001558303833 4.75705099105835 -2.0172159671783447 0 0 0 0 Pedestrian
16.16697120666504 -7.589361190795898 -1.3928571939468384 0 0 0 0 Pedestrian
-26.456674575805664 1.1856822967529297 -1.441801905632019 0 0 0 0 Pedestrian