5.174544811248779 -0.833380401134491 -1.5679351091384888 0 0 0 0 Pedestrian
-5.878859996795654 2.693965196609497 -1.7519514560699463 0 0 0 0 Pedestrian
-3.3439793586730957 -6.9798583984375 -1.2521930932998657 0 0 0 0 Pedestrian
-5.242665767669678 1.7568517923355103 -1.4651557207107544 0 0 0 0 Pedestrian
10.328943252563477 4.031169414520264 -1.441933274269104 0 0 0 0 Pedestrian
9.667563438415527 -6.092380523681641 -1.2991355657577515 0 0 0 0 Pedestrian
9.74337387084961 5.991490840911865 -2.5607874393463135 0 0 0 0 Pedestrian
0.22950705885887146 12.736395835876465 -2.233058214187622 0 0 0 0 Pedestrian
16.141368865966797 -7.603381156921387 -1.4009350538253784 0 0 0 0 Pedestrian
-24.222196578979492 6.587926387786865 -1.7233296632766724 0 0 0 0 Pedestrian
-26.424942016601562 1.1383637189865112 -1.297950029373169 0 0 0 0 Pedestrian