-5.88294792175293 2.6957497596740723 -1.7533292770385742 0 0 0 0 Pedestrian
-3.298588752746582 -6.9997124671936035 -1.2648645639419556 0 0 0 0 Pedestrian
-2.2032055854797363 -5.075821876525879 -1.6997100114822388 0 0 0 0 Pedestrian
7.260273456573486 -5.78525972366333 -1.1588170528411865 0 0 0 0 Pedestrian
10.308167457580566 4.053937911987305 -1.5073071718215942 0 0 0 0 Pedestrian
9.73987102508545 5.989398956298828 -2.559835433959961 0 0 0 0 Pedestrian
9.713130950927734 -6.107162952423096 -1.1320589780807495 0 0 0 0 Pedestrian
-11.69278335571289 4.592137813568115 -1.9210554361343384 0 0 0 0 Pedestrian
12.508709907531738 -6.794788360595703 -1.5766152143478394 0 0 0 0 Pedestrian
16.138944625854492 -7.602444648742676 -1.4012315273284912 0 0 0 0 Pedestrian
-26.397382736206055 1.0910141468048096 -1.3429402112960815 0 0 0 0 Pedestrian