-2.6173205375671387 -2.6854403018951416 -1.2464563846588135 0 0 0 0 Pedestrian
-1.8013266324996948 -3.1059958934783936 -1.23178231716156 0 0 0 0 Pedestrian
-5.876976490020752 2.688190460205078 -1.7564347982406616 0 0 0 0 Pedestrian
10.304802894592285 4.045058727264404 -1.406402349472046 0 0 0 0 Pedestrian
9.741910934448242 5.994675159454346 -2.589923143386841 0 0 0 0 Pedestrian
0.251885324716568 12.733138084411621 -2.246419668197632 0 0 0 0 Pedestrian
-11.618910789489746 4.5747575759887695 -1.886004090309143 0 0 0 0 Pedestrian
12.542613983154297 -6.79268741607666 -1.5411689281463623 0 0 0 0 Pedestrian
16.142810821533203 -7.604250907897949 -1.401178002357483 0 0 0 0 Pedestrian
17.114561080932617 2.544253349304199 -1.9559077024459839 0 0 0 0 Pedestrian
-22.170194625854492 9.66628646850586 -2.383762836456299 0 0 0 0 Pedestrian
-26.4171199798584 1.1379401683807373 -1.462530255317688 0 0 0 0 Pedestrian