-2.9630119800567627 -2.737968683242798 -1.2996010780334473 0 0 0 0 Pedestrian
-5.855493068695068 2.693277359008789 -1.7634632587432861 0 0 0 0 Pedestrian
-3.3175628185272217 -3.6394476890563965 -1.170731544494629 0 0 0 0 Pedestrian
10.343276023864746 4.053647518157959 -1.299369215965271 0 0 0 0 Pedestrian
9.752984046936035 5.972263813018799 -2.583132266998291 0 0 0 0 Pedestrian
0.05447138100862503 11.279146194458008 -2.2984321117401123 0 0 0 0 Pedestrian
-11.600001335144043 4.629129409790039 -1.9252042770385742 0 0 0 0 Pedestrian
12.529613494873047 -6.808798789978027 -1.5363342761993408 0 0 0 0 Pedestrian
16.133594512939453 -7.589876651763916 -1.3905400037765503 0 0 0 0 Pedestrian
17.110294342041016 2.552035093307495 -1.9557348489761353 0 0 0 0 Pedestrian
-26.388410568237305 1.090710997581482 -1.3423240184783936 0 0 0 0 Pedestrian
-23.79226303100586 8.253023147583008 -1.996139407157898 0 0 0 0 Pedestrian