2.365778923034668 -3.7739336490631104 -1.332438588142395 0 0 0 0 Pedestrian
4.129956245422363 0.9016817808151245 -1.1000285148620605 0 0 0 0 Pedestrian
5.183623790740967 -0.8302655816078186 -1.5632176399230957 0 0 0 0 Pedestrian
-5.884923458099365 2.7018773555755615 -1.748931884765625 0 0 0 0 Pedestrian
-3.311462640762329 -6.996827602386475 -1.2826707363128662 0 0 0 0 Pedestrian
9.694121360778809 -6.025650978088379 -1.3237115144729614 0 0 0 0 Pedestrian
10.28372859954834 4.031228542327881 -1.4289953708648682 0 0 0 0 Pedestrian
9.744664192199707 5.9671149253845215 -2.5810751914978027 0 0 0 0 Pedestrian
-11.60548210144043 4.631132125854492 -1.9259345531463623 0 0 0 0 Pedestrian
6.4374518394470215 9.24265193939209 -1.4869496822357178 0 0 0 0 Pedestrian
16.173542022705078 -7.592921257019043 -1.393974781036377 0 0 0 0 Pedestrian
-26.432567596435547 1.1385414600372314 -1.4636828899383545 0 0 0 0 Pedestrian