3.0421361923217773 3.0363850593566895 -1.4867316484451294 0 0 0 0 Pedestrian
5.174449443817139 -0.8403206467628479 -1.573521614074707 0 0 0 0 Pedestrian
-5.878448486328125 2.68605375289917 -1.7598495483398438 0 0 0 0 Pedestrian
5.110252857208252 2.067322015762329 -1.5254534482955933 0 0 0 0 Pedestrian
10.324189186096191 4.020525932312012 -1.5419437885284424 0 0 0 0 Pedestrian
9.7383394241333 5.988783359527588 -2.559678792953491 0 0 0 0 Pedestrian
0.009469449520111084 11.295327186584473 -2.3416433334350586 0 0 0 0 Pedestrian
-11.654065132141113 4.604608535766602 -1.9405149221420288 0 0 0 0 Pedestrian
16.12240982055664 -7.584505081176758 -1.3893884420394897 0 0 0 0 Pedestrian
17.13783073425293 2.5557825565338135 -1.9590550661087036 0 0 0 0 Pedestrian
-26.4073543548584 1.091187596321106 -1.3437345027923584 0 0 0 0 Pedestrian