1.4593350887298584 -3.465543031692505 -1.216251254081726 0 0 0 0 Pedestrian
-5.883841037750244 2.696244716644287 -1.7534806728363037 0 0 0 0 Pedestrian
-2.201990842819214 -5.045902729034424 -1.6360186338424683 0 0 0 0 Pedestrian
10.312068939208984 4.032824993133545 -1.4599627256393433 0 0 0 0 Pedestrian
9.695165634155273 -6.072091102600098 -1.2771836519241333 0 0 0 0 Pedestrian
9.757537841796875 5.972472667694092 -2.552217960357666 0 0 0 0 Pedestrian
0.05457278713583946 11.278258323669434 -2.298445224761963 0 0 0 0 Pedestrian
-11.638328552246094 4.641551494598389 -1.87548828125 0 0 0 0 Pedestrian
-10.818613052368164 -1.9049654006958008 -2.309311628341675 0 0 0 0 Pedestrian
16.152584075927734 -7.609050750732422 -1.4022259712219238 0 0 0 0 Pedestrian
-26.385128021240234 1.0905847549438477 -1.3422107696533203 0 0 0 0 Pedestrian