4.195065021514893 1.5216307640075684 -1.4659744501113892 0 0 0 0 Pedestrian
5.465991973876953 -4.872501850128174 -1.6517120599746704 0 0 0 0 Pedestrian
-5.881733417510986 2.6952319145202637 -1.752829909324646 0 0 0 0 Pedestrian
-3.3227550983428955 -6.995177745819092 -1.2643364667892456 0 0 0 0 Pedestrian
10.320036888122559 4.009617328643799 -1.5078895092010498 0 0 0 0 Pedestrian
9.739278793334961 5.993974685668945 -2.5896811485290527 0 0 0 0 Pedestrian
9.748739242553711 -6.077414035797119 -1.112872838973999 0 0 0 0 Pedestrian
-11.598217010498047 4.628549575805664 -1.9250478744506836 0 0 0 0 Pedestrian
12.53395938873291 -6.788031578063965 -1.540087342262268 0 0 0 0 Pedestrian
16.152212142944336 -7.58284330368042 -1.3921754360198975 0 0 0 0 Pedestrian
-26.404647827148438 1.0913610458374023 -1.343338131904602 0 0 0 0 Pedestrian