5.1788859367370605 -0.837046205997467 -1.5673882961273193 0 0 0 0 Pedestrian
-5.876196384429932 2.7216269969940186 -1.7522157430648804 0 0 0 0 Pedestrian
-3.308222532272339 -6.985926151275635 -1.2398735284805298 0 0 0 0 Pedestrian
2.823967933654785 10.090411186218262 -2.064847469329834 0 0 0 0 Pedestrian
10.335563659667969 4.05087947845459 -1.4368969202041626 0 0 0 0 Pedestrian
9.738056182861328 5.9880523681640625 -2.5593082904815674 0 0 0 0 Pedestrian
0.24458108842372894 12.737939834594727 -2.260878324508667 0 0 0 0 Pedestrian
0.05422861874103546 11.276299476623535 -2.2980151176452637 0 0 0 0 Pedestrian
-11.612936019897461 4.634387016296387 -1.9273231029510498 0 0 0 0 Pedestrian
6.3969035148620605 9.184420585632324 -1.4776901006698608 0 0 0 0 Pedestrian
16.1478328704834 -7.606472492218018 -1.4014649391174316 0 0 0 0 Pedestrian
-26.444311141967773 1.1849809885025024 -1.4407528638839722 0 0 0 0 Pedestrian
-18.191390991210938 21.603878021240234 -1.901673674583435 0 0 0 0 Pedestrian