5.176209449768066 -0.8571044206619263 -1.5721513032913208 0 0 0 0 Pedestrian
-5.884135723114014 2.6964633464813232 -1.753517746925354 0 0 0 0 Pedestrian
-3.3348066806793213 -6.983386516571045 -1.2466782331466675 0 0 0 0 Pedestrian
-2.2141642570495605 -5.049071311950684 -1.6723777055740356 0 0 0 0 Pedestrian
2.8214335441589355 10.081744194030762 -2.062851667404175 0 0 0 0 Pedestrian
10.337769508361816 4.013190746307373 -1.4273816347122192 0 0 0 0 Pedestrian
9.745179176330566 5.992669582366943 -2.5611495971679688 0 0 0 0 Pedestrian
0.24511103332042694 12.74765682220459 -2.262909173965454 0 0 0 0 Pedestrian
-11.617578506469727 4.636420249938965 -1.9281024932861328 0 0 0 0 Pedestrian
16.103422164916992 -7.57570219039917 -1.388474702835083 0 0 0 0 Pedestrian
-26.454561233520508 1.1855491399765015 -1.4414197206497192 0 0 0 0 Pedestrian