3.1815474033355713 3.053919553756714 -1.4993175268173218 0 0 0 0 Pedestrian
-3.425947666168213 -2.578986167907715 -1.3628184795379639 0 0 0 0 Pedestrian
5.183403491973877 -0.8371901512145996 -1.5768945217132568 0 0 0 0 Pedestrian
-5.8780951499938965 2.693695545196533 -1.7518341541290283 0 0 0 0 Pedestrian
9.689506530761719 -6.045015811920166 -1.2989017963409424 0 0 0 0 Pedestrian
10.309077262878418 4.049190044403076 -1.4290571212768555 0 0 0 0 Pedestrian
9.726879119873047 5.9856719970703125 -2.586134910583496 0 0 0 0 Pedestrian
-11.633024215698242 4.606195449829102 -1.9025187492370605 0 0 0 0 Pedestrian
16.13227653503418 -7.589231491088867 -1.3905220031738281 0 0 0 0 Pedestrian
17.116928100585938 2.5529589653015137 -1.9567677974700928 0 0 0 0 Pedestrian
-26.43375587463379 1.138710379600525 -1.2983852624893188 0 0 0 0 Pedestrian