5.171164035797119 -0.8329968452453613 -1.572011947631836 0 0 0 0 Pedestrian
2.825019121170044 10.09417724609375 -2.065694570541382 0 0 0 0 Pedestrian
10.337240219116211 4.030524253845215 -1.5126579999923706 0 0 0 0 Pedestrian
9.730740547180176 5.988448619842529 -2.5875117778778076 0 0 0 0 Pedestrian
0.2124684602022171 12.730137825012207 -2.222865343093872 0 0 0 0 Pedestrian
0.05444173887372017 11.274003028869629 -2.2973997592926025 0 0 0 0 Pedestrian
-11.593653678894043 4.695720195770264 -1.9172230958938599 0 0 0 0 Pedestrian
-10.833513259887695 -1.9079151153564453 -2.312894582748413 0 0 0 0 Pedestrian
12.521646499633789 -6.804525852203369 -1.5350744724273682 0 0 0 0 Pedestrian
16.145191192626953 -7.584305286407471 -1.38079833984375 0 0 0 0 Pedestrian
17.109010696411133 2.5517613887786865 -1.9556933641433716 0 0 0 0 Pedestrian