2.02885103225708 -3.6536364555358887 -1.320433497428894 0 0 0 0 Pedestrian
5.173022747039795 -0.8505364060401917 -1.5836509466171265 0 0 0 0 Pedestrian
-5.886564254760742 2.6942355632781982 -1.75177001953125 0 0 0 0 Pedestrian
-3.3253297805786133 -6.991517066955566 -1.280416488647461 0 0 0 0 Pedestrian
9.704389572143555 -6.0321526527404785 -1.325134038925171 0 0 0 0 Pedestrian
10.341370582580566 4.028378963470459 -1.4290236234664917 0 0 0 0 Pedestrian
9.740518569946289 5.964267253875732 -2.5796563625335693 0 0 0 0 Pedestrian
0.21287646889686584 12.7459077835083 -2.2254819869995117 0 0 0 0 Pedestrian
-11.615519523620605 4.629324436187744 -1.9122416973114014 0 0 0 0 Pedestrian
0.05443330481648445 11.27558422088623 -2.297762870788574 0 0 0 0 Pedestrian
-14.06836986541748 4.801098346710205 -1.9620882272720337 0 0 0 0 Pedestrian
16.127016067504883 -7.604119300842285 -1.399956464767456 0 0 0 0 Pedestrian
17.803054809570312 -7.759355068206787 -1.3861178159713745 0 0 0 0 Pedestrian