2.7257001399993896 -3.843118190765381 -1.2376593351364136 0 0 0 0 Pedestrian
5.174769878387451 -0.8390697836875916 -1.571528434753418 0 0 0 0 Pedestrian
-5.894216537475586 2.704883098602295 -1.7421191930770874 0 0 0 0 Pedestrian
-3.3305580615997314 -6.977833271026611 -1.25179922580719 0 0 0 0 Pedestrian
2.778021812438965 -3.971547842025757 -1.6920675039291382 0 0 0 0 Pedestrian
10.320348739624023 4.04374885559082 -1.4255294799804688 0 0 0 0 Pedestrian
9.738314628601074 5.963260173797607 -2.579280138015747 0 0 0 0 Pedestrian
-0.06328117102384567 11.328696250915527 -2.262131929397583 0 0 0 0 Pedestrian
-11.615949630737305 4.635747909545898 -1.9280225038528442 0 0 0 0 Pedestrian
6.407089710235596 9.23608112335205 -1.4774459600448608 0 0 0 0 Pedestrian
16.148494720458984 -7.580943584442139 -1.391672968864441 0 0 0 0 Pedestrian
-26.440458297729492 1.1848214864730835 -1.4406397342681885 0 0 0 0 Pedestrian
-23.794132232666016 8.253732681274414 -1.9961844682693481 0 0 0 0 Pedestrian