2.972790479660034 -3.9784367084503174 -1.3721723556518555 0 0 0 0 Pedestrian
5.167753219604492 -0.8515350818634033 -1.5868198871612549 0 0 0 0 Pedestrian
-5.890777587890625 2.723644971847534 -1.7472100257873535 0 0 0 0 Pedestrian
-3.3189103603363037 -6.988354682922363 -1.2590916156768799 0 0 0 0 Pedestrian
10.326980590820312 4.027966499328613 -1.4996291399002075 0 0 0 0 Pedestrian
9.759943008422852 5.976276397705078 -2.5848357677459717 0 0 0 0 Pedestrian
0.009654896333813667 11.30404281616211 -2.343343496322632 0 0 0 0 Pedestrian
6.388036251068115 9.188590049743652 -1.4475966691970825 0 0 0 0 Pedestrian
-11.601496696472168 4.604504108428955 -1.9130594730377197 0 0 0 0 Pedestrian
13.772662162780762 9.245471954345703 -1.4259623289108276 0 0 0 0 Pedestrian
16.168315887451172 -7.590479373931885 -1.3934440612792969 0 0 0 0 Pedestrian