-3.057447910308838 -2.6576404571533203 -1.2937027215957642 0 0 0 0 Pedestrian
5.177471160888672 -0.8400499820709229 -1.5777760744094849 0 0 0 0 Pedestrian
-5.879238128662109 2.6940410137176514 -1.7522023916244507 0 0 0 0 Pedestrian
10.320868492126465 4.039946556091309 -1.478966474533081 0 0 0 0 Pedestrian
9.744185447692871 5.964009761810303 -2.549030303955078 0 0 0 0 Pedestrian
-11.588830947875977 4.624707221984863 -1.923567295074463 0 0 0 0 Pedestrian
0.05481148511171341 11.272184371948242 -2.2970008850097656 0 0 0 0 Pedestrian
12.556930541992188 -6.7864885330200195 -1.4934585094451904 0 0 0 0 Pedestrian
16.14698600769043 -7.58516263961792 -1.3809839487075806 0 0 0 0 Pedestrian
17.143661499023438 2.5569000244140625 -1.9600510597229004 0 0 0 0 Pedestrian
-26.38983154296875 1.090682864189148 -1.3424930572509766 0 0 0 0 Pedestrian
-24.20966911315918 6.584610462188721 -1.722291350364685 0 0 0 0 Pedestrian