-3.007671594619751 -2.703923225402832 -1.2918621301651 0 0 0 0 Pedestrian
-5.876517295837402 2.6928632259368896 -1.751225233078003 0 0 0 0 Pedestrian
-5.268857479095459 1.7704252004623413 -1.4620765447616577 0 0 0 0 Pedestrian
10.31755542755127 4.0550456047058105 -1.4715441465377808 0 0 0 0 Pedestrian
9.621846199035645 -6.076117038726807 -1.2498059272766113 0 0 0 0 Pedestrian
9.747965812683105 5.994181156158447 -2.5609867572784424 0 0 0 0 Pedestrian
0.05497458949685097 11.272848129272461 -2.296839714050293 0 0 0 0 Pedestrian
-11.577675819396973 4.6711883544921875 -1.8984631299972534 0 0 0 0 Pedestrian
12.526684761047363 -6.8072309494018555 -1.53566575050354 0 0 0 0 Pedestrian
16.128938674926758 -7.5591864585876465 -1.3790050745010376 0 0 0 0 Pedestrian
17.136207580566406 2.5553815364837646 -1.959429383277893 0 0 0 0 Pedestrian
-26.40379524230957 1.091269850730896 -1.3433562517166138 0 0 0 0 Pedestrian