5.176718711853027 -0.8418722748756409 -1.5743827819824219 0 0 0 0 Pedestrian
-5.874301433563232 2.696406126022339 -1.7600922584533691 0 0 0 0 Pedestrian
-3.3211231231689453 -6.994787693023682 -1.2820042371749878 0 0 0 0 Pedestrian
10.297415733337402 4.037184715270996 -1.496317744255066 0 0 0 0 Pedestrian
0.2299705445766449 12.745320320129395 -2.234607219696045 0 0 0 0 Pedestrian
9.746968269348145 5.968653202056885 -2.5814473628997803 0 0 0 0 Pedestrian
0.009487615898251534 11.30013370513916 -2.3424947261810303 0 0 0 0 Pedestrian
-11.656920433044434 4.589236259460449 -1.891991376876831 0 0 0 0 Pedestrian
-10.8152494430542 -1.8883424997329712 -2.261798143386841 0 0 0 0 Pedestrian
16.143266677856445 -7.578514575958252 -1.391102910041809 0 0 0 0 Pedestrian
-24.217111587524414 6.586551666259766 -1.722892165184021 0 0 0 0 Pedestrian