3.1094651222229004 3.041353225708008 -1.5001742839813232 0 0 0 0 Pedestrian
5.17396354675293 -0.8395959734916687 -1.5763099193572998 0 0 0 0 Pedestrian
-5.885427474975586 2.7009730339050293 -1.7524086236953735 0 0 0 0 Pedestrian
9.700106620788574 -6.029434680938721 -1.3242249488830566 0 0 0 0 Pedestrian
10.320405006408691 4.039885997772217 -1.5096027851104736 0 0 0 0 Pedestrian
9.744304656982422 5.9917168617248535 -2.5607128143310547 0 0 0 0 Pedestrian
0.2127469927072525 12.743392944335938 -2.2480313777923584 0 0 0 0 Pedestrian
-11.637006759643555 4.6370954513549805 -1.914994478225708 0 0 0 0 Pedestrian
16.121610641479492 -7.583989143371582 -1.389446496963501 0 0 0 0 Pedestrian
17.12837791442871 2.554393768310547 -1.9580308198928833 0 0 0 0 Pedestrian
-26.461788177490234 1.1859757900238037 -1.4423048496246338 0 0 0 0 Pedestrian