4.169951438903809 1.5029549598693848 -1.4875329732894897 0 0 0 0 Pedestrian
5.169248580932617 -0.8415867686271667 -1.5674107074737549 0 0 0 0 Pedestrian
-5.864120960235596 2.6844165325164795 -1.7645426988601685 0 0 0 0 Pedestrian
-3.3287863731384277 -6.995081901550293 -1.2844613790512085 0 0 0 0 Pedestrian
7.196032524108887 -5.737852096557617 -1.2307528257369995 0 0 0 0 Pedestrian
10.312257766723633 4.053022384643555 -1.43613862991333 0 0 0 0 Pedestrian
9.724014282226562 5.9836225509643555 -2.5853517055511475 0 0 0 0 Pedestrian
-11.60239315032959 4.630478858947754 -1.9256162643432617 0 0 0 0 Pedestrian
7.064128398895264 10.36114501953125 -1.5411690473556519 0 0 0 0 Pedestrian
12.54731559753418 -6.7951436042785645 -1.5417158603668213 0 0 0 0 Pedestrian
16.14052391052246 -7.603094100952148 -1.4010695219039917 0 0 0 0 Pedestrian
-26.39439582824707 1.0909117460250854 -1.342642903327942 0 0 0 0 Pedestrian