-4.179932594299316 -2.510448455810547 -1.4709662199020386 0 0 0 0 Pedestrian
5.447428226470947 -4.897886753082275 -1.708646535873413 0 0 0 0 Pedestrian
5.182482719421387 -0.841446042060852 -1.5661752223968506 0 0 0 0 Pedestrian
-5.875828266143799 2.7025296688079834 -1.7595564126968384 0 0 0 0 Pedestrian
4.951409339904785 -5.417648792266846 -1.287711262702942 0 0 0 0 Pedestrian
-3.4813106060028076 -6.920992374420166 -1.2307177782058716 0 0 0 0 Pedestrian
9.717618942260742 -6.0209431648254395 -1.3301746845245361 0 0 0 0 Pedestrian
10.325846672058105 4.049683570861816 -1.4659050703048706 0 0 0 0 Pedestrian
9.742778778076172 5.995772361755371 -2.590776205062866 0 0 0 0 Pedestrian
-11.608731269836426 4.661618232727051 -1.9368597269058228 0 0 0 0 Pedestrian
17.113927841186523 2.5527005195617676 -1.9559277296066284 0 0 0 0 Pedestrian
-26.443523406982422 1.1390975713729858 -1.4644477367401123 0 0 0 0 Pedestrian