5.174304962158203 -0.8440154194831848 -1.5704021453857422 0 0 0 0 Pedestrian
-5.869760036468506 2.6775524616241455 -1.7620151042938232 0 0 0 0 Pedestrian
-8.310256004333496 -2.6874966621398926 -1.1831746101379395 0 0 0 0 Pedestrian
10.318902969360352 4.055911064147949 -1.4239054918289185 0 0 0 0 Pedestrian
0.00933454092592001 11.306947708129883 -2.344081401824951 0 0 0 0 Pedestrian
-11.614889144897461 4.635458469390869 -1.927736520767212 0 0 0 0 Pedestrian
-10.832786560058594 -1.907274842262268 -2.311957597732544 0 0 0 0 Pedestrian
12.534204483032227 -6.788057327270508 -1.5400391817092896 0 0 0 0 Pedestrian
16.13423728942871 -7.600226879119873 -1.4004303216934204 0 0 0 0 Pedestrian
17.121206283569336 2.514143228530884 -1.9842376708984375 0 0 0 0 Pedestrian
-26.43042755126953 1.138620376586914 -1.2982341051101685 0 0 0 0 Pedestrian