-3.1886510848999023 -2.6008002758026123 -1.3065812587738037 0 0 0 0 Pedestrian
5.174471855163574 -0.8436208367347717 -1.5707060098648071 0 0 0 0 Pedestrian
-5.860267639160156 2.695408582687378 -1.764914631843567 0 0 0 0 Pedestrian
2.822087287902832 10.083986282348633 -2.0632715225219727 0 0 0 0 Pedestrian
10.302172660827637 4.03289794921875 -1.4973212480545044 0 0 0 0 Pedestrian
9.667282104492188 -6.036371231079102 -1.3093154430389404 0 0 0 0 Pedestrian
9.757984161376953 5.972400188446045 -2.5525336265563965 0 0 0 0 Pedestrian
-11.610878944396973 4.633871555328369 -1.9270401000976562 0 0 0 0 Pedestrian
0.05446077510714531 11.283867835998535 -2.299654960632324 0 0 0 0 Pedestrian
16.14718246459961 -7.567760944366455 -1.3804280757904053 0 0 0 0 Pedestrian
17.122995376586914 2.5535974502563477 -1.9576117992401123 0 0 0 0 Pedestrian
-26.394811630249023 1.0909427404403687 -1.3429025411605835 0 0 0 0 Pedestrian