5.176163673400879 -0.8445671796798706 -1.5748140811920166 0 0 0 0 Pedestrian
-5.874634265899658 2.679762125015259 -1.7633705139160156 0 0 0 0 Pedestrian
10.328462600708008 4.030049800872803 -1.4906073808670044 0 0 0 0 Pedestrian
9.6991548538208 -6.025308132171631 -1.1115673780441284 0 0 0 0 Pedestrian
9.757001876831055 5.971627235412598 -2.552609443664551 0 0 0 0 Pedestrian
0.2126062661409378 12.734848976135254 -2.223677635192871 0 0 0 0 Pedestrian
-11.591522216796875 4.625940322875977 -1.9240787029266357 0 0 0 0 Pedestrian
0.05472631752490997 11.26305103302002 -2.294881820678711 0 0 0 0 Pedestrian
12.535039901733398 -6.788611888885498 -1.5401118993759155 0 0 0 0 Pedestrian
16.129901885986328 -7.588009357452393 -1.3904262781143188 0 0 0 0 Pedestrian
17.102807998657227 2.588141918182373 -1.9227999448776245 0 0 0 0 Pedestrian
-26.421615600585938 1.1382073163986206 -1.2978113889694214 0 0 0 0 Pedestrian