2.805854320526123 -3.86212158203125 -1.1703826189041138 0 0 0 0 Pedestrian
5.176629543304443 -0.8415305614471436 -1.5797114372253418 0 0 0 0 Pedestrian
2.8294804096221924 -3.972196102142334 -1.5668765306472778 0 0 0 0 Pedestrian
-5.8915300369262695 2.7116339206695557 -1.746116280555725 0 0 0 0 Pedestrian
-3.312080144882202 -6.991338729858398 -1.2711856365203857 0 0 0 0 Pedestrian
10.351810455322266 4.021796703338623 -1.4618252515792847 0 0 0 0 Pedestrian
9.750242233276367 5.995743274688721 -2.562145471572876 0 0 0 0 Pedestrian
-0.06336010247468948 11.33402156829834 -2.3101718425750732 0 0 0 0 Pedestrian
-11.600321769714355 4.629290580749512 -1.9253414869308472 0 0 0 0 Pedestrian
6.39954137802124 9.188288688659668 -1.4782334566116333 0 0 0 0 Pedestrian
16.142356872558594 -7.603923320770264 -1.4010173082351685 0 0 0 0 Pedestrian