4.228238105773926 1.626703143119812 -1.4814772605895996 0 0 0 0 Pedestrian
5.174331188201904 -0.8475987315177917 -1.5736806392669678 0 0 0 0 Pedestrian
-3.3247735500335693 -6.98689603805542 -1.2409298419952393 0 0 0 0 Pedestrian
10.347970962524414 4.015416145324707 -1.4254586696624756 0 0 0 0 Pedestrian
9.73254108428955 5.989758491516113 -2.5879714488983154 0 0 0 0 Pedestrian
0.05474686250090599 11.277112007141113 -2.2978157997131348 0 0 0 0 Pedestrian
-11.596295356750488 4.69675874710083 -1.9175487756729126 0 0 0 0 Pedestrian
12.525270462036133 -6.8064165115356445 -1.5356460809707642 0 0 0 0 Pedestrian
16.152761459350586 -7.583104610443115 -1.3921304941177368 0 0 0 0 Pedestrian
17.16558265686035 2.504429340362549 -1.9901554584503174 0 0 0 0 Pedestrian
-26.417354583740234 1.138008952140808 -1.462687611579895 0 0 0 0 Pedestrian