5.176871299743652 -0.8363592624664307 -1.562707543373108 0 0 0 0 Pedestrian
-2.1330573558807373 -4.481304168701172 -1.3536041975021362 0 0 0 0 Pedestrian
-5.787420749664307 2.6543121337890625 -1.7552181482315063 0 0 0 0 Pedestrian
10.328286170959473 4.061946392059326 -1.4513753652572632 0 0 0 0 Pedestrian
9.752310752868652 5.997108459472656 -2.562819004058838 0 0 0 0 Pedestrian
0.24509453773498535 12.752544403076172 -2.26397705078125 0 0 0 0 Pedestrian
9.769719123840332 -5.9085893630981445 -1.1916755437850952 0 0 0 0 Pedestrian
-11.610542297363281 4.644410610198975 -1.961328387260437 0 0 0 0 Pedestrian
12.547815322875977 -6.795370578765869 -1.5418201684951782 0 0 0 0 Pedestrian
13.734591484069824 9.130814552307129 -1.5720312595367432 0 0 0 0 Pedestrian
16.151187896728516 -7.6082892417907715 -1.401676058769226 0 0 0 0 Pedestrian