5.176350116729736 -0.8502077460289001 -1.575189471244812 0 0 0 0 Pedestrian
-5.80518913269043 2.6711649894714355 -1.7410914897918701 0 0 0 0 Pedestrian
-3.312652587890625 -6.995786666870117 -1.2601789236068726 0 0 0 0 Pedestrian
2.819366455078125 10.074735641479492 -2.061156988143921 0 0 0 0 Pedestrian
10.332745552062988 4.0143046379089355 -1.5226669311523438 0 0 0 0 Pedestrian
0.24497592449188232 12.747394561767578 -2.2629852294921875 0 0 0 0 Pedestrian
-11.692839622497559 4.564321517944336 -1.9092347621917725 0 0 0 0 Pedestrian
-10.789326667785645 -1.9002583026885986 -2.303664445877075 0 0 0 0 Pedestrian
12.517733573913574 -6.802361011505127 -1.5345897674560547 0 0 0 0 Pedestrian
13.766218185424805 9.145790100097656 -1.539232611656189 0 0 0 0 Pedestrian
-14.076290130615234 4.74945592880249 -2.012157440185547 0 0 0 0 Pedestrian
16.139493942260742 -7.564046382904053 -1.379690408706665 0 0 0 0 Pedestrian
-18.18714714050293 21.59893226623535 -1.9013501405715942 0 0 0 0 Pedestrian