5.186315536499023 -0.8382604122161865 -1.5779931545257568 0 0 0 0 Pedestrian
-5.814518451690674 2.6708755493164062 -1.7335550785064697 0 0 0 0 Pedestrian
-3.3155782222747803 -7.000456809997559 -1.2678132057189941 0 0 0 0 Pedestrian
10.348699569702148 4.031104564666748 -1.4830785989761353 0 0 0 0 Pedestrian
-11.691939353942871 4.637091636657715 -1.9131965637207031 0 0 0 0 Pedestrian
-10.805848121643066 -1.9033801555633545 -2.3072869777679443 0 0 0 0 Pedestrian
13.780704498291016 9.180480003356934 -1.5144743919372559 0 0 0 0 Pedestrian
12.539652824401855 -6.7909722328186035 -1.5407803058624268 0 0 0 0 Pedestrian
-14.074807167053223 4.748779296875 -2.0129241943359375 0 0 0 0 Pedestrian
16.16494369506836 -7.588783264160156 -1.3929296731948853 0 0 0 0 Pedestrian
-26.376148223876953 1.0351920127868652 -1.376706600189209 0 0 0 0 Pedestrian