5.170779705047607 -0.8412089347839355 -1.5692775249481201 0 0 0 0 Pedestrian
-5.7932820320129395 2.670970916748047 -1.7458466291427612 0 0 0 0 Pedestrian
-3.336536407470703 -6.998795986175537 -1.274998426437378 0 0 0 0 Pedestrian
-6.696547985076904 4.434903621673584 -2.1015050411224365 0 0 0 0 Pedestrian
10.311910629272461 4.037387847900391 -1.450536847114563 0 0 0 0 Pedestrian
9.745682716369629 -5.921510696411133 -1.2284959554672241 0 0 0 0 Pedestrian
9.777252197265625 5.946351528167725 -2.543713092803955 0 0 0 0 Pedestrian
-11.649768829345703 4.612831115722656 -1.90524160861969 0 0 0 0 Pedestrian
6.2852911949157715 9.296270370483398 -1.4844319820404053 0 0 0 0 Pedestrian
12.48189926147461 -6.803265571594238 -1.5745081901550293 0 0 0 0 Pedestrian
13.748571395874023 9.140137672424316 -1.5735671520233154 0 0 0 0 Pedestrian
-14.091740608215332 4.754613876342773 -2.0147762298583984 0 0 0 0 Pedestrian
16.131175994873047 -7.598817348480225 -1.4002971649169922 0 0 0 0 Pedestrian
-26.39795684814453 1.1369231939315796 -1.461098313331604 0 0 0 0 Pedestrian