-1.7687594890594482 -3.4839563369750977 -1.3220974206924438 0 0 0 0 Pedestrian
-5.808326721191406 2.6674702167510986 -1.7426108121871948 0 0 0 0 Pedestrian
-3.3241333961486816 -6.979599475860596 -1.246006965637207 0 0 0 0 Pedestrian
10.31120777130127 4.025478363037109 -1.4782121181488037 0 0 0 0 Pedestrian
9.7504243850708 5.97097110748291 -2.582484722137451 0 0 0 0 Pedestrian
0.2126360833644867 12.735934257507324 -2.2236831188201904 0 0 0 0 Pedestrian
-11.643594741821289 4.666073322296143 -1.8941560983657837 0 0 0 0 Pedestrian
0.054848600178956985 11.271349906921387 -2.2967069149017334 0 0 0 0 Pedestrian
-10.80140209197998 -1.9021742343902588 -2.305767774581909 0 0 0 0 Pedestrian
-14.352530479431152 6.3964715003967285 -1.8608494997024536 0 0 0 0 Pedestrian
13.78622817993164 9.18414306640625 -1.5151796340942383 0 0 0 0 Pedestrian
12.538008689880371 -6.790071964263916 -1.5405478477478027 0 0 0 0 Pedestrian
16.12935447692871 -7.587396144866943 -1.389870524406433 0 0 0 0 Pedestrian