5.182424068450928 -0.8421477675437927 -1.5780360698699951 0 0 0 0 Pedestrian
-5.776216506958008 2.6538243293762207 -1.7617182731628418 0 0 0 0 Pedestrian
10.354294776916504 4.0556111335754395 -1.3964648246765137 0 0 0 0 Pedestrian
0.22972923517227173 12.742353439331055 -2.2341907024383545 0 0 0 0 Pedestrian
9.796445846557617 -5.876895427703857 -1.2067739963531494 0 0 0 0 Pedestrian
-11.640877723693848 4.609372138977051 -1.9037284851074219 0 0 0 0 Pedestrian
0.009535090997815132 11.296574592590332 -2.3416171073913574 0 0 0 0 Pedestrian
13.782797813415527 9.237948417663574 -1.4262948036193848 0 0 0 0 Pedestrian
12.535710334777832 -6.7889533042907715 -1.540382742881775 0 0 0 0 Pedestrian
16.147262573242188 -7.606342315673828 -1.401563286781311 0 0 0 0 Pedestrian
-26.42328453063965 1.1382933855056763 -1.2977982759475708 0 0 0 0 Pedestrian
-18.192264556884766 21.6049861907959 -1.9017664194107056 0 0 0 0 Pedestrian