-1.7702124118804932 -3.7678141593933105 -1.3075226545333862 0 0 0 0 Pedestrian
5.1797003746032715 -0.8500058054924011 -1.5932668447494507 0 0 0 0 Pedestrian
-5.811948776245117 2.6634366512298584 -1.7361724376678467 0 0 0 0 Pedestrian
-2.6830904483795166 -5.151546478271484 -1.5257405042648315 0 0 0 0 Pedestrian
-6.7041473388671875 4.446402072906494 -2.0865206718444824 0 0 0 0 Pedestrian
10.331313133239746 4.052526950836182 -1.4515303373336792 0 0 0 0 Pedestrian
9.730976104736328 5.988125324249268 -2.5873873233795166 0 0 0 0 Pedestrian
-11.297771453857422 6.190368175506592 -2.311765193939209 0 0 0 0 Pedestrian
0.009534991346299648 11.296216011047363 -2.341701030731201 0 0 0 0 Pedestrian
-11.598793029785156 4.603712558746338 -1.9125484228134155 0 0 0 0 Pedestrian
6.25965690612793 9.32521915435791 -1.520850658416748 0 0 0 0 Pedestrian
12.509821891784668 -6.795456886291504 -1.5767138004302979 0 0 0 0 Pedestrian
13.767589569091797 9.17184066772461 -1.5129728317260742 0 0 0 0 Pedestrian
1.1731656789779663 15.881627082824707 -2.1019556522369385 0 0 0 0 Pedestrian
16.172382354736328 -7.592010974884033 -1.3936209678649902 0 0 0 0 Pedestrian
-15.900060653686523 7.134463787078857 -2.0095694065093994 0 0 0 0 Pedestrian
-26.44002342224121 1.184870958328247 -1.4406594038009644 0 0 0 0 Pedestrian