5.174214839935303 -0.8443850874900818 -1.5648150444030762 0 0 0 0 Pedestrian
-5.816530227661133 2.668595314025879 -1.7324323654174805 0 0 0 0 Pedestrian
-6.6855621337890625 4.469152450561523 -2.016273260116577 0 0 0 0 Pedestrian
2.8221352100372314 10.084588050842285 -2.06353759765625 0 0 0 0 Pedestrian
10.342723846435547 4.033715724945068 -1.4480525255203247 0 0 0 0 Pedestrian
9.73677921295166 5.98724889755249 -2.5586140155792236 0 0 0 0 Pedestrian
9.755586624145508 -5.921677589416504 -1.1913070678710938 0 0 0 0 Pedestrian
-11.652568817138672 4.613715171813965 -1.9052361249923706 0 0 0 0 Pedestrian
0.05469287186861038 11.272427558898926 -2.296996593475342 0 0 0 0 Pedestrian
6.268863201141357 9.48926830291748 -1.4997729063034058 0 0 0 0 Pedestrian
-14.616133689880371 5.942281246185303 -1.7781660556793213 0 0 0 0 Pedestrian
13.771410942077637 9.174431800842285 -1.51371169090271 0 0 0 0 Pedestrian
12.56065845489502 -6.802282810211182 -1.5433549880981445 0 0 0 0 Pedestrian