-1.805023193359375 -3.574808120727539 -1.3246700763702393 0 0 0 0 Pedestrian
5.174508571624756 -0.8503085970878601 -1.5840251445770264 0 0 0 0 Pedestrian
-5.816656112670898 2.6666512489318848 -1.735680341720581 0 0 0 0 Pedestrian
-3.3159329891204834 -7.003586292266846 -1.270495057106018 0 0 0 0 Pedestrian
7.870784282684326 -5.158437728881836 -1.2189282178878784 0 0 0 0 Pedestrian
10.337044715881348 4.034207344055176 -1.468273639678955 0 0 0 0 Pedestrian
9.773857116699219 -5.9388251304626465 -1.2159454822540283 0 0 0 0 Pedestrian
9.72675895690918 5.985753059387207 -2.586085796356201 0 0 0 0 Pedestrian
-11.605415344238281 4.70053768157959 -1.9191302061080933 0 0 0 0 Pedestrian
6.3594746589660645 9.285431861877441 -1.4841835498809814 0 0 0 0 Pedestrian
-10.760221481323242 -1.7447986602783203 -1.910118818283081 0 0 0 0 Pedestrian
13.788076400756836 9.23806095123291 -1.4672504663467407 0 0 0 0 Pedestrian
12.52405834197998 -6.805788993835449 -1.5354682207107544 0 0 0 0 Pedestrian
-14.090476989746094 4.753869533538818 -2.015477180480957 0 0 0 0 Pedestrian
16.134693145751953 -7.566173076629639 -1.3666572570800781 0 0 0 0 Pedestrian