5.1755146980285645 -0.8417007327079773 -1.5795650482177734 0 0 0 0 Pedestrian
-5.803138256072998 2.6698358058929443 -1.741600751876831 0 0 0 0 Pedestrian
10.340031623840332 4.018805980682373 -1.4514890909194946 0 0 0 0 Pedestrian
-9.970661163330078 6.080150127410889 -2.128424644470215 0 0 0 0 Pedestrian
9.753691673278809 5.997690200805664 -2.562756299972534 0 0 0 0 Pedestrian
0.24482104182243347 12.744287490844727 -2.2622551918029785 0 0 0 0 Pedestrian
9.761148452758789 -5.9251580238342285 -1.191976547241211 0 0 0 0 Pedestrian
-11.610294342041016 4.588672161102295 -1.8984485864639282 0 0 0 0 Pedestrian
-15.316296577453613 6.574890613555908 -1.9350961446762085 0 0 0 0 Pedestrian
13.775521278381348 9.177038192749023 -1.5142061710357666 0 0 0 0 Pedestrian
16.13890266418457 -7.602215766906738 -1.4005717039108276 0 0 0 0 Pedestrian
17.792522430419922 -7.754549980163574 -1.385351300239563 0 0 0 0 Pedestrian
-26.475086212158203 1.2003611326217651 -1.548948884010315 0 0 0 0 Pedestrian