5.174047946929932 -0.8396061062812805 -1.57180917263031 0 0 0 0 Pedestrian
-5.795022010803223 2.654731512069702 -1.7459118366241455 0 0 0 0 Pedestrian
10.313188552856445 4.033371925354004 -1.4781328439712524 0 0 0 0 Pedestrian
9.753556251525879 5.969969749450684 -2.551274538040161 0 0 0 0 Pedestrian
0.23012594878673553 12.752076148986816 -2.235804796218872 0 0 0 0 Pedestrian
-11.5763521194458 4.6300740242004395 -1.8966665267944336 0 0 0 0 Pedestrian
-10.841716766357422 -1.9363486766815186 -2.3150594234466553 0 0 0 0 Pedestrian
13.771846771240234 9.21628189086914 -1.515640139579773 0 0 0 0 Pedestrian
12.543620109558105 -6.793144226074219 -1.5413119792938232 0 0 0 0 Pedestrian
-14.087733268737793 4.752893924713135 -2.0146267414093018 0 0 0 0 Pedestrian
16.136228561401367 -7.601099491119385 -1.4007222652435303 0 0 0 0 Pedestrian
-22.193359375 9.538723945617676 -2.1842215061187744 0 0 0 0 Pedestrian