-1.9164950847625732 -4.196514129638672 -1.2533622980117798 0 0 0 0 Pedestrian
5.1809983253479 -0.8290711045265198 -1.5524377822875977 0 0 0 0 Pedestrian
-5.819036483764648 2.6810383796691895 -1.7363284826278687 0 0 0 0 Pedestrian
-2.596677541732788 -5.044013023376465 -1.626343011856079 0 0 0 0 Pedestrian
10.318856239318848 4.029881000518799 -1.4701499938964844 0 0 0 0 Pedestrian
9.737003326416016 5.992112159729004 -2.5889694690704346 0 0 0 0 Pedestrian
0.23002095520496368 12.753035545349121 -2.236144781112671 0 0 0 0 Pedestrian
0.05466940253973007 11.278539657592773 -2.2983036041259766 0 0 0 0 Pedestrian
-14.845044136047363 6.097108840942383 -1.8440704345703125 0 0 0 0 Pedestrian
12.489046096801758 -6.8072028160095215 -1.5755064487457275 0 0 0 0 Pedestrian
13.744634628295898 9.137493133544922 -1.573259949684143 0 0 0 0 Pedestrian
16.123403549194336 -7.595027923583984 -1.399431586265564 0 0 0 0 Pedestrian
-26.44618797302246 1.1989669799804688 -1.547060489654541 0 0 0 0 Pedestrian
-18.198068618774414 21.610368728637695 -1.8305398225784302 0 0 0 0 Pedestrian