5.171391010284424 -0.8420648574829102 -1.564592957496643 0 0 0 0 Pedestrian
-5.77890682220459 2.6500742435455322 -1.7522951364517212 0 0 0 0 Pedestrian
-2.1091718673706055 -4.399921417236328 -1.319831371307373 0 0 0 0 Pedestrian
-2.680948495864868 -5.015380382537842 -1.5634099245071411 0 0 0 0 Pedestrian
-5.277068614959717 1.7506158351898193 -1.4826067686080933 0 0 0 0 Pedestrian
10.3549222946167 4.046929836273193 -1.44004225730896 0 0 0 0 Pedestrian
9.733631134033203 5.985154628753662 -2.5577621459960938 0 0 0 0 Pedestrian
9.757401466369629 -5.900652885437012 -1.1902235746383667 0 0 0 0 Pedestrian
0.22997203469276428 12.747723579406738 -2.2347962856292725 0 0 0 0 Pedestrian
-11.697249412536621 4.602041244506836 -1.9220308065414429 0 0 0 0 Pedestrian
6.417243480682373 9.25694465637207 -1.4631906747817993 0 0 0 0 Pedestrian
0.05460727959871292 11.277045249938965 -2.298121690750122 0 0 0 0 Pedestrian
12.510539054870605 -6.795823097229004 -1.5767191648483276 0 0 0 0 Pedestrian
-14.089136123657227 5.766322612762451 -1.7618879079818726 0 0 0 0 Pedestrian
13.735269546508789 9.131392478942871 -1.5719562768936157 0 0 0 0 Pedestrian
-14.04343032836914 4.738128185272217 -2.0080063343048096 0 0 0 0 Pedestrian
16.152217864990234 -7.608957290649414 -1.4021327495574951 0 0 0 0 Pedestrian
-26.379573822021484 1.0903042554855347 -1.341896891593933 0 0 0 0 Pedestrian