-5.808102607727051 2.651566982269287 -1.7457053661346436 0 0 0 0 Pedestrian
-2.0607125759124756 -4.338958740234375 -1.5356581211090088 0 0 0 0 Pedestrian
10.319192886352539 4.073176383972168 -1.407302737236023 0 0 0 0 Pedestrian
9.729681968688965 5.983155250549316 -2.556865930557251 0 0 0 0 Pedestrian
9.800530433654785 -5.879025459289551 -1.2074342966079712 0 0 0 0 Pedestrian
-0.036574091762304306 11.307682037353516 -2.2727439403533936 0 0 0 0 Pedestrian
6.4086408615112305 9.277697563171387 -1.4566845893859863 0 0 0 0 Pedestrian
-11.550920486450195 4.685266971588135 -1.9369916915893555 0 0 0 0 Pedestrian
12.541611671447754 -6.791988849639893 -1.5410410165786743 0 0 0 0 Pedestrian
13.743514060974121 9.16219425201416 -1.556883692741394 0 0 0 0 Pedestrian
16.139251708984375 -7.602223873138428 -1.4005401134490967 0 0 0 0 Pedestrian
-26.417333602905273 1.1172975301742554 -1.4622788429260254 0 0 0 0 Pedestrian