4.236106872558594 1.6088515520095825 -1.514241099357605 0 0 0 0 Pedestrian
-2.1274566650390625 -4.557890892028809 -1.3667751550674438 0 0 0 0 Pedestrian
5.180892467498779 -0.8413187265396118 -1.5727297067642212 0 0 0 0 Pedestrian
-5.784350395202637 2.6504430770874023 -1.7566431760787964 0 0 0 0 Pedestrian
-2.7200989723205566 -5.082113265991211 -1.5320082902908325 0 0 0 0 Pedestrian
10.305810928344727 4.061441898345947 -1.4084677696228027 0 0 0 0 Pedestrian
9.755074501037598 -5.9468231201171875 -1.201614260673523 0 0 0 0 Pedestrian
9.731893539428711 5.98456335067749 -2.557769298553467 0 0 0 0 Pedestrian
0.009463485330343246 11.298081398010254 -2.3419911861419678 0 0 0 0 Pedestrian
-11.61426830291748 4.6349196434021 -1.927821397781372 0 0 0 0 Pedestrian
6.436513423919678 9.240660667419434 -1.4860986471176147 0 0 0 0 Pedestrian
13.744800567626953 9.137691497802734 -1.5732802152633667 0 0 0 0 Pedestrian
-14.088349342346191 4.75338888168335 -2.014112710952759 0 0 0 0 Pedestrian
16.116655349731445 -7.58207893371582 -1.3895299434661865 0 0 0 0 Pedestrian
-26.381858825683594 1.115678071975708 -1.45952308177948 0 0 0 0 Pedestrian