-2.0563905239105225 -4.194419860839844 -1.3415915966033936 0 0 0 0 Pedestrian
5.170149803161621 -0.8539270162582397 -1.5863934755325317 0 0 0 0 Pedestrian
-5.808515548706055 2.651756525039673 -1.7459723949432373 0 0 0 0 Pedestrian
10.317889213562012 4.0445685386657715 -1.428674578666687 0 0 0 0 Pedestrian
9.749883651733398 5.995564937591553 -2.5619118213653564 0 0 0 0 Pedestrian
0.24500319361686707 12.74735164642334 -2.2628560066223145 0 0 0 0 Pedestrian
9.802504539489746 -5.880348205566406 -1.2074180841445923 0 0 0 0 Pedestrian
-11.62280559539795 4.606648921966553 -1.9268745183944702 0 0 0 0 Pedestrian
6.391818523406982 9.27967643737793 -1.4858630895614624 0 0 0 0 Pedestrian
13.753631591796875 9.162616729736328 -1.5117090940475464 0 0 0 0 Pedestrian
12.540520668029785 -6.791451454162598 -1.5408992767333984 0 0 0 0 Pedestrian
16.154356002807617 -7.571216583251953 -1.3811461925506592 0 0 0 0 Pedestrian
-26.423776626586914 1.138312578201294 -1.2978661060333252 0 0 0 0 Pedestrian