-3.280384063720703 5.305480003356934 -1.8342725038528442 0 0 0 0 Pedestrian
2.823756456375122 10.089580535888672 -2.064676284790039 0 0 0 0 Pedestrian
10.323165893554688 4.036795139312744 -1.432546615600586 0 0 0 0 Pedestrian
9.743148803710938 5.9959611892700195 -2.5904381275177 0 0 0 0 Pedestrian
0.23005461692810059 12.750072479248047 -2.2356808185577393 0 0 0 0 Pedestrian
0.00972337368875742 11.296669960021973 -2.341710090637207 0 0 0 0 Pedestrian
6.393020153045654 9.178261756896973 -1.476203203201294 0 0 0 0 Pedestrian
-11.587796211242676 4.675470352172852 -1.9004402160644531 0 0 0 0 Pedestrian
12.539276123046875 -6.790760040283203 -1.5406476259231567 0 0 0 0 Pedestrian
13.744930267333984 9.16303539276123 -1.5571980476379395 0 0 0 0 Pedestrian
16.150524139404297 -7.608251571655273 -1.3743237257003784 0 0 0 0 Pedestrian
-26.370595932006836 1.0899494886398315 -1.3413373231887817 0 0 0 0 Pedestrian