5.180952072143555 -0.8373406529426575 -1.563753366470337 0 0 0 0 Pedestrian
-5.802812099456787 2.664860963821411 -1.7409344911575317 0 0 0 0 Pedestrian
10.283936500549316 4.028500080108643 -1.493917465209961 0 0 0 0 Pedestrian
9.74940013885498 5.970297813415527 -2.5824191570281982 0 0 0 0 Pedestrian
0.009448445402085781 11.305902481079102 -2.343642234802246 0 0 0 0 Pedestrian
-11.579073905944824 4.713877201080322 -1.9535506963729858 0 0 0 0 Pedestrian
-10.792903900146484 -1.9007724523544312 -2.303987979888916 0 0 0 0 Pedestrian
13.76245403289795 9.209796905517578 -1.5148251056671143 0 0 0 0 Pedestrian
12.519136428833008 -6.8031392097473145 -1.5348657369613647 0 0 0 0 Pedestrian
-14.109036445617676 4.760079860687256 -2.018683910369873 0 0 0 0 Pedestrian
16.12273597717285 -7.568906307220459 -1.389346957206726 0 0 0 0 Pedestrian
-26.416759490966797 1.137835144996643 -1.4624115228652954 0 0 0 0 Pedestrian