-1.9238287210464478 -3.984373092651367 -1.328918218612671 0 0 0 0 Pedestrian
5.1722493171691895 -0.8441605567932129 -1.5668680667877197 0 0 0 0 Pedestrian
-5.816242218017578 2.657832384109497 -1.738327145576477 0 0 0 0 Pedestrian
-2.7580947875976562 -5.121015548706055 -1.4868741035461426 0 0 0 0 Pedestrian
10.283171653747559 4.068397521972656 -1.4535019397735596 0 0 0 0 Pedestrian
9.733905792236328 5.990644454956055 -2.588334083557129 0 0 0 0 Pedestrian
0.23498405516147614 12.727890014648438 -2.261176586151123 0 0 0 0 Pedestrian
-11.610804557800293 4.633651256561279 -1.9271645545959473 0 0 0 0 Pedestrian
6.286864280700684 9.516060829162598 -1.5040944814682007 0 0 0 0 Pedestrian
-14.403043746948242 5.688821315765381 -1.677323579788208 0 0 0 0 Pedestrian
13.792716979980469 9.24441909790039 -1.4273362159729004 0 0 0 0 Pedestrian
16.13794708251953 -7.563094615936279 -1.3790550231933594 0 0 0 0 Pedestrian
-27.62282943725586 10.343957901000977 -2.2528939247131348 0 0 0 0 Pedestrian