-1.871324896812439 -3.987891912460327 -1.2215021848678589 0 0 0 0 Pedestrian
-5.815153121948242 2.661188840866089 -1.738250732421875 0 0 0 0 Pedestrian
10.295293807983398 4.012295722961426 -1.5143928527832031 0 0 0 0 Pedestrian
9.73946475982666 5.993555068969727 -2.5896475315093994 0 0 0 0 Pedestrian
-11.593132972717285 4.637089252471924 -1.958208680152893 0 0 0 0 Pedestrian
6.280181884765625 9.505894660949707 -1.5024235248565674 0 0 0 0 Pedestrian
-14.4349365234375 5.783054828643799 -1.7924625873565674 0 0 0 0 Pedestrian
13.773393630981445 9.175657272338867 -1.5138676166534424 0 0 0 0 Pedestrian
16.12416648864746 -7.57432222366333 -1.3788816928863525 0 0 0 0 Pedestrian
-26.392248153686523 1.0907484292984009 -1.342833161354065 0 0 0 0 Pedestrian
-27.4250545501709 10.386211395263672 -2.0937392711639404 0 0 0 0 Pedestrian