-1.7264493703842163 -3.677989959716797 -1.3023053407669067 0 0 0 0 Pedestrian
-5.806674480438232 2.669719696044922 -1.7535771131515503 0 0 0 0 Pedestrian
-3.3296778202056885 -6.987904071807861 -1.2708452939987183 0 0 0 0 Pedestrian
-5.2947845458984375 1.755833387374878 -1.426828145980835 0 0 0 0 Pedestrian
10.29265308380127 4.045062065124512 -1.4781861305236816 0 0 0 0 Pedestrian
9.739426612854004 5.989120006561279 -2.559598684310913 0 0 0 0 Pedestrian
0.24492011964321136 12.746688842773438 -2.262666940689087 0 0 0 0 Pedestrian
9.7470703125 -5.9226298332214355 -1.2282828092575073 0 0 0 0 Pedestrian
-11.614317893981934 4.63519287109375 -1.9277093410491943 0 0 0 0 Pedestrian
12.537190437316895 -6.789729595184326 -1.5404366254806519 0 0 0 0 Pedestrian
16.13031768798828 -7.5879807472229 -1.3901005983352661 0 0 0 0 Pedestrian
-22.49785614013672 9.805476188659668 -2.0177104473114014 0 0 0 0 Pedestrian
-26.422119140625 1.138265609741211 -1.2977432012557983 0 0 0 0 Pedestrian