5.179728031158447 -0.8431934118270874 -1.5623844861984253 0 0 0 0 Pedestrian
-5.811623573303223 2.6642215251922607 -1.734276533126831 0 0 0 0 Pedestrian
10.343226432800293 4.036240577697754 -1.342153549194336 0 0 0 0 Pedestrian
9.744359016418457 -5.939786434173584 -1.2003697156906128 0 0 0 0 Pedestrian
-10.493447303771973 6.137386322021484 -2.1567907333374023 0 0 0 0 Pedestrian
9.738222122192383 5.963522434234619 -2.5790047645568848 0 0 0 0 Pedestrian
0.054526884108781815 11.263531684875488 -2.294997215270996 0 0 0 0 Pedestrian
-11.59434700012207 4.695933818817139 -1.9172093868255615 0 0 0 0 Pedestrian
-10.844420433044434 -1.909562349319458 -2.3148529529571533 0 0 0 0 Pedestrian
12.508173942565918 -6.794547080993652 -1.5764529705047607 0 0 0 0 Pedestrian
-14.03943920135498 4.736221790313721 -2.008214235305786 0 0 0 0 Pedestrian
16.14316177368164 -7.565785884857178 -1.3799976110458374 0 0 0 0 Pedestrian
-15.579601287841797 6.736592769622803 -1.9505890607833862 0 0 0 0 Pedestrian
-26.39396095275879 1.1367946863174438 -1.4609084129333496 0 0 0 0 Pedestrian