-1.8089004755020142 -3.5396335124969482 -1.3138548135757446 0 0 0 0 Pedestrian
5.1791534423828125 -0.8380854725837708 -1.5699546337127686 0 0 0 0 Pedestrian
-5.813395023345947 2.67032790184021 -1.733257532119751 0 0 0 0 Pedestrian
-3.3442673683166504 -6.984821319580078 -1.277735710144043 0 0 0 0 Pedestrian
2.821192979812622 10.080790519714355 -2.0626754760742188 0 0 0 0 Pedestrian
10.362646102905273 4.026318550109863 -1.3505762815475464 0 0 0 0 Pedestrian
0.054538317024707794 11.271821975708008 -2.2968590259552 0 0 0 0 Pedestrian
-11.599905014038086 4.69830846786499 -1.9182885885238647 0 0 0 0 Pedestrian
6.358184337615967 9.283365249633789 -1.4840689897537231 0 0 0 0 Pedestrian
-10.860740661621094 -1.8962477445602417 -2.271347999572754 0 0 0 0 Pedestrian
-14.176774024963379 6.390596389770508 -1.8622597455978394 0 0 0 0 Pedestrian
13.786781311035156 9.237284660339355 -1.467272162437439 0 0 0 0 Pedestrian
12.52526569366455 -6.806416988372803 -1.5356884002685547 0 0 0 0 Pedestrian
16.143136978149414 -7.604544639587402 -1.4014019966125488 0 0 0 0 Pedestrian
-26.43707847595215 1.1389003992080688 -1.2986063957214355 0 0 0 0 Pedestrian