-1.7536200284957886 -3.652299642562866 -1.332481861114502 0 0 0 0 Pedestrian
5.178024768829346 -0.841639518737793 -1.5670530796051025 0 0 0 0 Pedestrian
-5.788154602050781 2.6731157302856445 -1.7543535232543945 0 0 0 0 Pedestrian
-3.3332982063293457 -6.974998950958252 -1.2569254636764526 0 0 0 0 Pedestrian
2.8255515098571777 10.096208572387695 -2.066042423248291 0 0 0 0 Pedestrian
10.31878662109375 4.01709508895874 -1.4764087200164795 0 0 0 0 Pedestrian
9.738222122192383 5.98867130279541 -2.5595269203186035 0 0 0 0 Pedestrian
0.26129359006881714 12.738144874572754 -2.2760138511657715 0 0 0 0 Pedestrian
-0.005428639240562916 11.297492027282715 -2.231853485107422 0 0 0 0 Pedestrian
-11.600507736206055 4.629432201385498 -1.925516128540039 0 0 0 0 Pedestrian
13.783860206604004 9.182703971862793 -1.514955997467041 0 0 0 0 Pedestrian
12.528424263000488 -6.80816650390625 -1.5360157489776611 0 0 0 0 Pedestrian
-13.205111503601074 6.197286605834961 -1.9772289991378784 0 0 0 0 Pedestrian
-14.07820987701416 4.74940824508667 -2.013774871826172 0 0 0 0 Pedestrian
16.12479019165039 -7.585357666015625 -1.3896660804748535 0 0 0 0 Pedestrian
-22.044559478759766 9.656807899475098 -2.3300068378448486 0 0 0 0 Pedestrian
-26.39781379699707 1.0909178256988525 -1.3430407047271729 0 0 0 0 Pedestrian
-23.983375549316406 9.691405296325684 -2.1050503253936768 0 0 0 0 Pedestrian