5.174718379974365 -0.8434891700744629 -1.5709917545318604 0 0 0 0 Pedestrian
-5.8165507316589355 2.665489435195923 -1.7375473976135254 0 0 0 0 Pedestrian
10.324187278747559 4.050293445587158 -1.453830361366272 0 0 0 0 Pedestrian
-9.81461238861084 6.060456275939941 -2.08199405670166 0 0 0 0 Pedestrian
9.730999946594238 5.984127521514893 -2.55759859085083 0 0 0 0 Pedestrian
9.754110336303711 -5.9207000732421875 -1.190960168838501 0 0 0 0 Pedestrian
-11.608599662780762 4.632866859436035 -1.9267334938049316 0 0 0 0 Pedestrian
-15.273408889770508 6.471452713012695 -1.9330414533615112 0 0 0 0 Pedestrian
13.742120742797852 9.135885238647461 -1.5729566812515259 0 0 0 0 Pedestrian
-14.10649585723877 4.759420871734619 -2.0169408321380615 0 0 0 0 Pedestrian
16.121381759643555 -7.594191074371338 -1.3993104696273804 0 0 0 0 Pedestrian
-26.391845703125 1.1367368698120117 -1.460666537284851 0 0 0 0 Pedestrian