5.172325134277344 -0.8485987186431885 -1.563364028930664 0 0 0 0 Pedestrian
-5.814744472503662 2.6580822467803955 -1.7430347204208374 0 0 0 0 Pedestrian
-3.312300443649292 -6.98442268371582 -1.2578006982803345 0 0 0 0 Pedestrian
2.8221983909606934 10.084028244018555 -2.0635716915130615 0 0 0 0 Pedestrian
10.31234359741211 4.034818172454834 -1.3628993034362793 0 0 0 0 Pedestrian
9.73394775390625 5.9901347160339355 -2.5881571769714355 0 0 0 0 Pedestrian
-11.591897010803223 4.626002311706543 -1.9241262674331665 0 0 0 0 Pedestrian
-10.813892364501953 -1.903928518295288 -2.307981252670288 0 0 0 0 Pedestrian
13.789789199829102 9.186562538146973 -1.5156855583190918 0 0 0 0 Pedestrian
12.541217803955078 -6.7917890548706055 -1.5409893989562988 0 0 0 0 Pedestrian
16.119260787963867 -7.599706172943115 -1.3904731273651123 0 0 0 0 Pedestrian
-22.159194946289062 9.41758918762207 -2.2264890670776367 0 0 0 0 Pedestrian
-26.418298721313477 1.1380276679992676 -1.2974830865859985 0 0 0 0 Pedestrian