-1.7656716108322144 -3.489262104034424 -1.3246312141418457 0 0 0 0 Pedestrian
5.174151420593262 -0.8430386185646057 -1.566826343536377 0 0 0 0 Pedestrian
-5.790404796600342 2.6569063663482666 -1.7529603242874146 0 0 0 0 Pedestrian
-2.3887643814086914 -5.091471195220947 -1.5018647909164429 0 0 0 0 Pedestrian
10.287996292114258 4.027065277099609 -1.5156515836715698 0 0 0 0 Pedestrian
9.76015853881836 -5.951536655426025 -1.2157624959945679 0 0 0 0 Pedestrian
9.7512845993042 5.996344566345215 -2.5621867179870605 0 0 0 0 Pedestrian
0.23024441301822662 12.75334358215332 -2.235914707183838 0 0 0 0 Pedestrian
-11.630036354064941 4.6414690017700195 -1.9302947521209717 0 0 0 0 Pedestrian
-15.025223731994629 6.358461856842041 -1.9010608196258545 0 0 0 0 Pedestrian
16.128677368164062 -7.597419738769531 -1.3998770713806152 0 0 0 0 Pedestrian
-26.436906814575195 1.1388827562332153 -1.2986911535263062 0 0 0 0 Pedestrian