5.1782917976379395 -0.8335150480270386 -1.5603433847427368 0 0 0 0 Pedestrian
-5.814598083496094 2.670819044113159 -1.733652949333191 0 0 0 0 Pedestrian
-3.3325705528259277 -6.996677875518799 -1.274501919746399 0 0 0 0 Pedestrian
-2.6047403812408447 -5.080676555633545 -1.624489665031433 0 0 0 0 Pedestrian
2.824603319168091 10.092793464660645 -2.0652871131896973 0 0 0 0 Pedestrian
10.294512748718262 4.048366069793701 -1.4588379859924316 0 0 0 0 Pedestrian
9.753667831420898 -5.945682048797607 -1.2017943859100342 0 0 0 0 Pedestrian
0.212490051984787 12.74039363861084 -2.247377634048462 0 0 0 0 Pedestrian
0.054362136870622635 11.283608436584473 -2.299691915512085 0 0 0 0 Pedestrian
-11.602948188781738 4.681555271148682 -1.90277099609375 0 0 0 0 Pedestrian
12.52646255493164 -6.807090759277344 -1.5357681512832642 0 0 0 0 Pedestrian
16.150375366210938 -7.569170951843262 -1.3807125091552734 0 0 0 0 Pedestrian
-16.059616088867188 7.262457847595215 -2.0834155082702637 0 0 0 0 Pedestrian