5.175605297088623 -0.8416290879249573 -1.5791215896606445 0 0 0 0 Pedestrian
-5.806027412414551 2.659397840499878 -1.7390960454940796 0 0 0 0 Pedestrian
-3.33357572555542 -6.9916887283325195 -1.2594853639602661 0 0 0 0 Pedestrian
-2.58544921875 -5.144412040710449 -1.5927520990371704 0 0 0 0 Pedestrian
10.324920654296875 4.031533241271973 -1.4450528621673584 0 0 0 0 Pedestrian
-11.627949714660645 4.604593753814697 -1.9019666910171509 0 0 0 0 Pedestrian
0.009384592063724995 11.30500602722168 -2.3436100482940674 0 0 0 0 Pedestrian
6.276856422424316 9.501089096069336 -1.5019127130508423 0 0 0 0 Pedestrian
-10.83195972442627 -1.9073299169540405 -2.311906576156616 0 0 0 0 Pedestrian
13.810659408569336 9.256400108337402 -1.4292540550231934 0 0 0 0 Pedestrian
12.529492378234863 -6.785616874694824 -1.5395004749298096 0 0 0 0 Pedestrian
-14.108086585998535 4.759974002838135 -2.0169107913970947 0 0 0 0 Pedestrian
16.136775970458984 -7.601048469543457 -1.4003139734268188 0 0 0 0 Pedestrian
17.791141510009766 -7.754181861877441 -1.3855124711990356 0 0 0 0 Pedestrian
-26.384553909301758 1.0905617475509644 -1.342193365097046 0 0 0 0 Pedestrian