-5.816107749938965 2.671351909637451 -1.7339417934417725 0 0 0 0 Pedestrian
-5.263315677642822 1.7466421127319336 -1.4791805744171143 0 0 0 0 Pedestrian
-6.683110237121582 4.465884685516357 -2.0447635650634766 0 0 0 0 Pedestrian
10.328489303588867 4.035500526428223 -1.480954647064209 0 0 0 0 Pedestrian
-10.304802894592285 6.104841709136963 -2.101771831512451 0 0 0 0 Pedestrian
9.760286331176758 -5.925087928771973 -1.179082989692688 0 0 0 0 Pedestrian
9.727856636047363 5.986512660980225 -2.586855888366699 0 0 0 0 Pedestrian
-11.649901390075684 4.668566703796387 -1.8952693939208984 0 0 0 0 Pedestrian
13.780448913574219 9.232966423034668 -1.4665449857711792 0 0 0 0 Pedestrian
12.523709297180176 -6.805627822875977 -1.5355297327041626 0 0 0 0 Pedestrian
16.145517349243164 -7.579526424407959 -1.3911478519439697 0 0 0 0 Pedestrian
-26.4428768157959 1.1563305854797363 -1.555828332901001 0 0 0 0 Pedestrian