5.18011474609375 -0.8417914509773254 -1.575500726699829 0 0 0 0 Pedestrian
-5.802066326141357 2.6614270210266113 -1.7464087009429932 0 0 0 0 Pedestrian
2.8198461532592773 10.076231002807617 -2.0615737438201904 0 0 0 0 Pedestrian
10.349165916442871 4.033628463745117 -1.5247865915298462 0 0 0 0 Pedestrian
9.73134994506836 5.98814582824707 -2.587447166442871 0 0 0 0 Pedestrian
-11.586602210998535 4.624222755432129 -1.9234087467193604 0 0 0 0 Pedestrian
6.285698890686035 9.514641761779785 -1.5037130117416382 0 0 0 0 Pedestrian
-10.811053276062012 -1.9037601947784424 -2.3078246116638184 0 0 0 0 Pedestrian
13.7540283203125 9.204516410827637 -1.5136692523956299 0 0 0 0 Pedestrian
12.483272552490234 -6.80396842956543 -1.5747038125991821 0 0 0 0 Pedestrian
16.130048751831055 -7.598174571990967 -1.3999923467636108 0 0 0 0 Pedestrian
-26.413066864013672 1.1551551818847656 -1.5540013313293457 0 0 0 0 Pedestrian
-27.988664627075195 10.403076171875 -2.2070159912109375 0 0 0 0 Pedestrian