-1.9363089799880981 -3.9755241870880127 -1.3410803079605103 0 0 0 0 Pedestrian
5.178370952606201 -0.8384465575218201 -1.5670808553695679 0 0 0 0 Pedestrian
-5.813333034515381 2.66241192817688 -1.7379984855651855 0 0 0 0 Pedestrian
-5.276332378387451 1.7502377033233643 -1.4820671081542969 0 0 0 0 Pedestrian
-8.31160831451416 -2.673776626586914 -1.1288682222366333 0 0 0 0 Pedestrian
10.350668907165527 4.039294242858887 -1.4051601886749268 0 0 0 0 Pedestrian
9.74204158782959 5.990718364715576 -2.560512065887451 0 0 0 0 Pedestrian
0.22996853291988373 12.745465278625488 -2.234562397003174 0 0 0 0 Pedestrian
-11.57850170135498 4.595500469207764 -1.9092515707015991 0 0 0 0 Pedestrian
12.502854347229004 -6.79165506362915 -1.5757347345352173 0 0 0 0 Pedestrian
16.148710250854492 -7.6069440841674805 -1.4016175270080566 0 0 0 0 Pedestrian