5.176868915557861 -0.8468632698059082 -1.5718568563461304 0 0 0 0 Pedestrian
-5.812592029571533 2.670048236846924 -1.7330089807510376 0 0 0 0 Pedestrian
-3.300062656402588 -6.998050689697266 -1.2788265943527222 0 0 0 0 Pedestrian
-2.658928155899048 -5.178651809692383 -1.482675313949585 0 0 0 0 Pedestrian
10.308831214904785 4.065146446228027 -1.4232479333877563 0 0 0 0 Pedestrian
9.738485336303711 5.993155479431152 -2.5897624492645264 0 0 0 0 Pedestrian
0.009545821696519852 11.296950340270996 -2.342033863067627 0 0 0 0 Pedestrian
-11.63909912109375 4.608782768249512 -1.9034745693206787 0 0 0 0 Pedestrian
6.270017147064209 9.490509033203125 -1.5002367496490479 0 0 0 0 Pedestrian
13.761218070983887 9.148517608642578 -1.5751008987426758 0 0 0 0 Pedestrian
-14.107340812683105 4.7599053382873535 -2.0173146724700928 0 0 0 0 Pedestrian
16.108360290527344 -7.577771186828613 -1.38853120803833 0 0 0 0 Pedestrian
-26.425939559936523 1.13839852809906 -1.2980031967163086 0 0 0 0 Pedestrian