-1.7777025699615479 -3.6281237602233887 -1.3418184518814087 0 0 0 0 Pedestrian
5.1823344230651855 -0.8479059934616089 -1.579840898513794 0 0 0 0 Pedestrian
-5.7938618659973145 2.666151285171509 -1.7470566034317017 0 0 0 0 Pedestrian
-3.3342931270599365 -6.993577480316162 -1.253774642944336 0 0 0 0 Pedestrian
10.326568603515625 4.058509349822998 -1.4141533374786377 0 0 0 0 Pedestrian
9.728300094604492 5.9869065284729 -2.5870039463043213 0 0 0 0 Pedestrian
0.22982092201709747 12.742156028747559 -2.2765727043151855 0 0 0 0 Pedestrian
-11.714890480041504 4.600605487823486 -1.9243278503417969 0 0 0 0 Pedestrian
0.054500214755535126 11.272869110107422 -2.2973499298095703 0 0 0 0 Pedestrian
12.505651473999023 -6.793173789978027 -1.5760371685028076 0 0 0 0 Pedestrian
-13.38500690460205 6.231767654418945 -1.9647395610809326 0 0 0 0 Pedestrian
13.773319244384766 9.17555046081543 -1.5140012502670288 0 0 0 0 Pedestrian
16.140090942382812 -7.581642150878906 -1.3801406621932983 0 0 0 0 Pedestrian
-21.937374114990234 9.609842300415039 -2.318807363510132 0 0 0 0 Pedestrian
-26.424480438232422 1.1381194591522217 -1.463014006614685 0 0 0 0 Pedestrian