-1.7778363227844238 -3.4825217723846436 -1.3233596086502075 0 0 0 0 Pedestrian
5.167935371398926 -0.8491824269294739 -1.5820001363754272 0 0 0 0 Pedestrian
-5.805816173553467 2.6582117080688477 -1.740604281425476 0 0 0 0 Pedestrian
-3.3167941570281982 -6.998597145080566 -1.269771933555603 0 0 0 0 Pedestrian
-2.3805267810821533 -5.074443817138672 -1.4893320798873901 0 0 0 0 Pedestrian
-5.278440475463867 1.7653038501739502 -1.486769199371338 0 0 0 0 Pedestrian
10.273236274719238 4.030407428741455 -1.518714427947998 0 0 0 0 Pedestrian
9.72679328918457 5.981528282165527 -2.5562243461608887 0 0 0 0 Pedestrian
-11.601041793823242 4.630072593688965 -1.925688624382019 0 0 0 0 Pedestrian
0.05433759465813637 11.2728853225708 -2.2972724437713623 0 0 0 0 Pedestrian
6.332455635070801 9.38661003112793 -1.5340152978897095 0 0 0 0 Pedestrian
-14.828141212463379 6.393592357635498 -1.9224591255187988 0 0 0 0 Pedestrian
12.51280403137207 -6.797050476074219 -1.5770756006240845 0 0 0 0 Pedestrian
16.114835739135742 -7.581024646759033 -1.3890608549118042 0 0 0 0 Pedestrian