-1.790311336517334 -3.623195171356201 -1.3444716930389404 0 0 0 0 Pedestrian
5.177680015563965 -0.8464009165763855 -1.5629422664642334 0 0 0 0 Pedestrian
-5.794050216674805 2.665924310684204 -1.7468794584274292 0 0 0 0 Pedestrian
-3.309784173965454 -6.9851579666137695 -1.2555714845657349 0 0 0 0 Pedestrian
10.351189613342285 4.008436679840088 -1.4567980766296387 0 0 0 0 Pedestrian
9.74540901184082 5.9971160888671875 -2.5913450717926025 0 0 0 0 Pedestrian
-11.645115852355957 4.666794300079346 -1.8947328329086304 0 0 0 0 Pedestrian
6.375058174133301 9.255757331848145 -1.4822825193405151 0 0 0 0 Pedestrian
-10.803874969482422 -1.9030640125274658 -2.3070595264434814 0 0 0 0 Pedestrian
12.531509399414062 -6.786746501922607 -1.5398244857788086 0 0 0 0 Pedestrian
16.158084869384766 -7.585239887237549 -1.3924388885498047 0 0 0 0 Pedestrian
-21.82086181640625 9.592238426208496 -2.252312421798706 0 0 0 0 Pedestrian