-2.450960636138916 -5.129214286804199 -1.7084550857543945 0 0 0 0 Pedestrian
-5.811363697052002 2.6736040115356445 -1.7401846647262573 0 0 0 0 Pedestrian
-3.3428518772125244 -6.9849534034729 -1.2732540369033813 0 0 0 0 Pedestrian
-8.332549095153809 -2.6796133518218994 -1.2256555557250977 0 0 0 0 Pedestrian
-7.998110294342041 2.0613272190093994 -2.306201457977295 0 0 0 0 Pedestrian
10.321423530578613 4.02451753616333 -1.4690033197402954 0 0 0 0 Pedestrian
0.2298760712146759 12.748465538024902 -2.2352068424224854 0 0 0 0 Pedestrian
-11.586816787719727 4.692733287811279 -1.9158961772918701 0 0 0 0 Pedestrian
-10.831122398376465 -1.9076989889144897 -2.3126144409179688 0 0 0 0 Pedestrian
13.7593355178833 9.147298812866211 -1.5748952627182007 0 0 0 0 Pedestrian
16.135761260986328 -7.590897560119629 -1.3907305002212524 0 0 0 0 Pedestrian
-26.386560440063477 1.0905044078826904 -1.3422949314117432 0 0 0 0 Pedestrian