-5.811777114868164 2.664421319961548 -1.7344352006912231 0 0 0 0 Pedestrian
10.319795608520508 4.064894199371338 -1.4166011810302734 0 0 0 0 Pedestrian
9.7531099319458 -5.945419788360596 -1.2014585733413696 0 0 0 0 Pedestrian
-10.64112377166748 6.161320686340332 -2.1695642471313477 0 0 0 0 Pedestrian
9.730438232421875 5.987865924835205 -2.5872905254364014 0 0 0 0 Pedestrian
0.009548123925924301 11.291899681091309 -2.3406383991241455 0 0 0 0 Pedestrian
12.542027473449707 -6.792165756225586 -1.5410168170928955 0 0 0 0 Pedestrian
13.75395679473877 9.13778018951416 -1.53782057762146 0 0 0 0 Pedestrian
-14.090853691101074 4.753946304321289 -2.015139579772949 0 0 0 0 Pedestrian
16.14552879333496 -7.605509281158447 -1.4014118909835815 0 0 0 0 Pedestrian
-15.648188591003418 6.833126068115234 -1.9266161918640137 0 0 0 0 Pedestrian