5.180148601531982 -0.8433738350868225 -1.585076093673706 0 0 0 0 Pedestrian
-2.460444927215576 -5.129120826721191 -1.7063242197036743 0 0 0 0 Pedestrian
-5.803778648376465 2.663701057434082 -1.7474652528762817 0 0 0 0 Pedestrian
-3.3224756717681885 -6.999354839324951 -1.2689517736434937 0 0 0 0 Pedestrian
10.334969520568848 4.038055896759033 -1.4410474300384521 0 0 0 0 Pedestrian
0.2746076285839081 12.740785598754883 -2.2816550731658936 0 0 0 0 Pedestrian
-0.036838024854660034 11.310856819152832 -2.2991249561309814 0 0 0 0 Pedestrian
-11.590859413146973 4.69443416595459 -1.9165401458740234 0 0 0 0 Pedestrian
-10.78776741027832 -1.8996105194091797 -2.302748918533325 0 0 0 0 Pedestrian
13.789523124694824 9.186381340026855 -1.5155409574508667 0 0 0 0 Pedestrian
16.133188247680664 -7.5997395515441895 -1.4007787704467773 0 0 0 0 Pedestrian
-18.007579803466797 6.221053123474121 -2.0643041133880615 0 0 0 0 Pedestrian
-26.392820358276367 1.090806245803833 -1.3427515029907227 0 0 0 0 Pedestrian