-1.724591612815857 -3.7094812393188477 -1.2963135242462158 0 0 0 0 Pedestrian
5.1775689125061035 -0.8438641428947449 -1.5713788270950317 0 0 0 0 Pedestrian
-5.814919471740723 2.6710660457611084 -1.7338330745697021 0 0 0 0 Pedestrian
-3.3375227451324463 -6.983674049377441 -1.2623867988586426 0 0 0 0 Pedestrian
2.8227288722991943 10.086336135864258 -2.063859224319458 0 0 0 0 Pedestrian
10.32745361328125 4.005975246429443 -1.4584455490112305 0 0 0 0 Pedestrian
9.748432159423828 -5.923428058624268 -1.2135623693466187 0 0 0 0 Pedestrian
9.740885734558105 5.9620795249938965 -2.5484073162078857 0 0 0 0 Pedestrian
0.22995400428771973 12.745849609375 -2.2346677780151367 0 0 0 0 Pedestrian
-11.674248695373535 4.595382213592529 -1.8941978216171265 0 0 0 0 Pedestrian
-10.813619613647461 -1.9045082330703735 -2.3087997436523438 0 0 0 0 Pedestrian
12.557483673095703 -6.80047607421875 -1.543030858039856 0 0 0 0 Pedestrian
16.168167114257812 -7.5903143882751465 -1.3934890031814575 0 0 0 0 Pedestrian
-26.42902374267578 1.1557695865631104 -1.5549781322479248 0 0 0 0 Pedestrian