5.177420139312744 -0.8403729200363159 -1.5843132734298706 0 0 0 0 Pedestrian
-5.800899028778076 2.661494731903076 -1.7463911771774292 0 0 0 0 Pedestrian
-3.3180019855499268 -6.997766971588135 -1.2645231485366821 0 0 0 0 Pedestrian
10.338179588317871 4.021938800811768 -1.491278886795044 0 0 0 0 Pedestrian
9.72305679321289 5.983004093170166 -2.585270643234253 0 0 0 0 Pedestrian
0.22993160784244537 12.747801780700684 -2.2351179122924805 0 0 0 0 Pedestrian
-11.693881034851074 4.592352390289307 -1.9211457967758179 0 0 0 0 Pedestrian
13.780634880065918 9.232784271240234 -1.467126488685608 0 0 0 0 Pedestrian
-14.09913158416748 4.756899833679199 -2.0160610675811768 0 0 0 0 Pedestrian
16.117494583129883 -7.582194805145264 -1.388765573501587 0 0 0 0 Pedestrian
-17.378494262695312 6.311522006988525 -2.1633613109588623 0 0 0 0 Pedestrian