-5.804483890533447 2.6538779735565186 -1.752558946609497 0 0 0 0 Pedestrian
2.8219923973083496 10.083873748779297 -2.0633316040039062 0 0 0 0 Pedestrian
10.290637016296387 4.066643714904785 -1.4545049667358398 0 0 0 0 Pedestrian
9.759868621826172 -5.93024206161499 -1.214822769165039 0 0 0 0 Pedestrian
0.24025949835777283 12.751651763916016 -2.26350474357605 0 0 0 0 Pedestrian
9.741883277893066 5.9954094886779785 -2.590441942214966 0 0 0 0 Pedestrian
-11.644078254699707 4.610579013824463 -1.904146432876587 0 0 0 0 Pedestrian
0.05457175523042679 11.284024238586426 -2.2995340824127197 0 0 0 0 Pedestrian
12.500581741333008 -6.790589332580566 -1.5756160020828247 0 0 0 0 Pedestrian
16.157428741455078 -7.585092544555664 -1.3922935724258423 0 0 0 0 Pedestrian
-26.416412353515625 1.1375324726104736 -1.4621753692626953 0 0 0 0 Pedestrian