-5.813163757324219 2.670145273208618 -1.733314871788025 0 0 0 0 Pedestrian
-3.326728105545044 -6.988983154296875 -1.2849762439727783 0 0 0 0 Pedestrian
10.335835456848145 4.051818370819092 -1.392194151878357 0 0 0 0 Pedestrian
9.74941635131836 -5.923803329467773 -1.2133439779281616 0 0 0 0 Pedestrian
9.736480712890625 5.962517261505127 -2.5788486003875732 0 0 0 0 Pedestrian
-11.60270881652832 4.630424499511719 -1.9254878759384155 0 0 0 0 Pedestrian
0.05438586324453354 11.278512001037598 -2.2984189987182617 0 0 0 0 Pedestrian
12.537399291992188 -6.78980016708374 -1.5404884815216064 0 0 0 0 Pedestrian
16.129093170166016 -7.5768632888793945 -1.3794715404510498 0 0 0 0 Pedestrian
-16.125070571899414 7.333370685577393 -2.081596851348877 0 0 0 0 Pedestrian
-26.45494270324707 1.1567739248275757 -1.556772232055664 0 0 0 0 Pedestrian