5.178233623504639 -0.8401808738708496 -1.5680205821990967 0 0 0 0 Pedestrian
-5.809284210205078 2.6725339889526367 -1.743301272392273 0 0 0 0 Pedestrian
-2.4217686653137207 -5.116605758666992 -1.6473288536071777 0 0 0 0 Pedestrian
-3.3394179344177246 -6.9864068031311035 -1.2695884704589844 0 0 0 0 Pedestrian
10.302542686462402 4.062246799468994 -1.4647853374481201 0 0 0 0 Pedestrian
0.009606878273189068 11.30599594116211 -2.343759298324585 0 0 0 0 Pedestrian
-11.624313354492188 4.659160137176514 -1.8916242122650146 0 0 0 0 Pedestrian
6.2657246589660645 9.483659744262695 -1.4992811679840088 0 0 0 0 Pedestrian
13.769465446472168 9.17292308807373 -1.5137872695922852 0 0 0 0 Pedestrian
-14.06723403930664 4.745975971221924 -2.0117299556732178 0 0 0 0 Pedestrian
16.122783660888672 -7.584422588348389 -1.389745831489563 0 0 0 0 Pedestrian
-26.427597045898438 1.138468861579895 -1.2981634140014648 0 0 0 0 Pedestrian
-18.167272567749023 21.591230392456055 -1.9852867126464844 0 0 0 0 Pedestrian