5.176252365112305 -0.840786337852478 -1.5708281993865967 0 0 0 0 Pedestrian
-5.793026447296143 2.6557440757751465 -1.7501925230026245 0 0 0 0 Pedestrian
10.29736328125 4.056760787963867 -1.3615647554397583 0 0 0 0 Pedestrian
9.750782012939453 -5.951760768890381 -1.2116347551345825 0 0 0 0 Pedestrian
9.734456062316895 5.990647315979004 -2.5883536338806152 0 0 0 0 Pedestrian
0.009579939767718315 11.296518325805664 -2.3419013023376465 0 0 0 0 Pedestrian
-11.607579231262207 4.607207298278809 -1.9140037298202515 0 0 0 0 Pedestrian
6.429167747497559 9.230086326599121 -1.4843089580535889 0 0 0 0 Pedestrian
-14.126087188720703 5.8435516357421875 -1.7566547393798828 0 0 0 0 Pedestrian
12.503105163574219 -6.791795253753662 -1.5758452415466309 0 0 0 0 Pedestrian
13.74650764465332 9.138705253601074 -1.5735526084899902 0 0 0 0 Pedestrian
-14.088086128234863 4.753055572509766 -2.0142710208892822 0 0 0 0 Pedestrian
16.118894577026367 -7.592513561248779 -1.3987574577331543 0 0 0 0 Pedestrian
2.194575309753418 16.85399627685547 -1.9597554206848145 0 0 0 0 Pedestrian
-25.270429611206055 9.478906631469727 -2.106726884841919 0 0 0 0 Pedestrian