5.173926830291748 -0.8438975811004639 -1.5797119140625 0 0 0 0 Pedestrian
-2.1317431926727295 -4.506251811981201 -1.3695240020751953 0 0 0 0 Pedestrian
-5.787105560302734 2.6519858837127686 -1.7559391260147095 0 0 0 0 Pedestrian
-2.6852169036865234 -4.996652126312256 -1.5684170722961426 0 0 0 0 Pedestrian
2.817148208618164 10.066850662231445 -2.059373140335083 0 0 0 0 Pedestrian
10.338255882263184 4.035023212432861 -1.413769245147705 0 0 0 0 Pedestrian
9.757648468017578 -5.928661346435547 -1.2144242525100708 0 0 0 0 Pedestrian
9.775280952453613 5.945038318634033 -2.5431747436523438 0 0 0 0 Pedestrian
-11.63843822479248 4.613070964813232 -1.9296157360076904 0 0 0 0 Pedestrian
13.743165016174316 9.136594772338867 -1.5728410482406616 0 0 0 0 Pedestrian
12.522876739501953 -6.805116653442383 -1.5352673530578613 0 0 0 0 Pedestrian
16.136207580566406 -7.601286888122559 -1.4007278680801392 0 0 0 0 Pedestrian
2.2285234928131104 16.945642471313477 -1.9789698123931885 0 0 0 0 Pedestrian
-26.47235679626465 1.2001798152923584 -1.5487183332443237 0 0 0 0 Pedestrian