5.177964210510254 -0.8439695239067078 -1.5712201595306396 0 0 0 0 Pedestrian
-5.820257663726807 2.669389247894287 -1.7368345260620117 0 0 0 0 Pedestrian
-7.985194683074951 2.0580344200134277 -2.3022994995117188 0 0 0 0 Pedestrian
10.284076690673828 4.048788070678711 -1.4783461093902588 0 0 0 0 Pedestrian
9.755646705627441 5.9712066650390625 -2.552014112472534 0 0 0 0 Pedestrian
0.230036199092865 12.74411678314209 -2.255425453186035 0 0 0 0 Pedestrian
0.05453915521502495 11.270112991333008 -2.296480655670166 0 0 0 0 Pedestrian
-11.603320121765137 4.605469703674316 -1.9129172563552856 0 0 0 0 Pedestrian
13.755525588989258 9.144736289978027 -1.5743380784988403 0 0 0 0 Pedestrian
-14.127869606018066 4.877584934234619 -1.9630661010742188 0 0 0 0 Pedestrian
16.11524200439453 -7.591045379638672 -1.398537278175354 0 0 0 0 Pedestrian
-26.465057373046875 1.1861302852630615 -1.4426515102386475 0 0 0 0 Pedestrian