-1.7353038787841797 -3.6612915992736816 -1.3200170993804932 0 0 0 0 Pedestrian
5.187867164611816 -0.83088618516922 -1.5693559646606445 0 0 0 0 Pedestrian
-5.799468040466309 2.6736278533935547 -1.7475547790527344 0 0 0 0 Pedestrian
-3.323667049407959 -7.001921653747559 -1.279701828956604 0 0 0 0 Pedestrian
2.823362350463867 10.088312149047852 -2.0643086433410645 0 0 0 0 Pedestrian
10.336322784423828 4.0461506843566895 -1.460191011428833 0 0 0 0 Pedestrian
9.728816032409668 5.957611560821533 -2.5766441822052 0 0 0 0 Pedestrian
-11.645646095275879 4.66694974899292 -1.894470453262329 0 0 0 0 Pedestrian
6.349781513214111 9.253499984741211 -1.45042085647583 0 0 0 0 Pedestrian
0.054843079298734665 11.270004272460938 -2.2964093685150146 0 0 0 0 Pedestrian
13.763883590698242 9.211075782775879 -1.5147571563720703 0 0 0 0 Pedestrian
12.533284187316895 -6.78767204284668 -1.539913296699524 0 0 0 0 Pedestrian
16.136356353759766 -7.59091854095459 -1.3905251026153564 0 0 0 0 Pedestrian
-22.17045783996582 9.712037086486816 -2.3434090614318848 0 0 0 0 Pedestrian
-26.442731857299805 1.139137625694275 -1.2989336252212524 0 0 0 0 Pedestrian