-1.9926193952560425 -4.1938252449035645 -1.280686616897583 0 0 0 0 Pedestrian
5.171908855438232 -0.8430452942848206 -1.5808122158050537 0 0 0 0 Pedestrian
-2.645798921585083 -5.133824825286865 -1.68240487575531 0 0 0 0 Pedestrian
-5.800509929656982 2.676032066345215 -1.7473514080047607 0 0 0 0 Pedestrian
10.335816383361816 4.057099342346191 -1.4600237607955933 0 0 0 0 Pedestrian
9.74425983428955 5.991911888122559 -2.560723066329956 0 0 0 0 Pedestrian
-9.143627166748047 6.100127220153809 -1.8897625207901 0 0 0 0 Pedestrian
-11.629861831665039 4.6056084632873535 -1.9025770425796509 0 0 0 0 Pedestrian
-14.982771873474121 6.21619987487793 -1.897768497467041 0 0 0 0 Pedestrian
13.75493049621582 9.205185890197754 -1.5136052370071411 0 0 0 0 Pedestrian
12.54753303527832 -6.79520845413208 -1.541750431060791 0 0 0 0 Pedestrian
16.146142959594727 -7.567054271697998 -1.3798569440841675 0 0 0 0 Pedestrian
-26.465755462646484 1.1998803615570068 -1.5482218265533447 0 0 0 0 Pedestrian
-23.822795867919922 8.263142585754395 -1.9989089965820312 0 0 0 0 Pedestrian