5.176474094390869 -0.8438860774040222 -1.5709412097930908 0 0 0 0 Pedestrian
-5.806996822357178 2.6577091217041016 -1.7519851922988892 0 0 0 0 Pedestrian
10.311179161071777 4.029280662536621 -1.4898394346237183 0 0 0 0 Pedestrian
9.754484176635742 -5.926858425140381 -1.2138327360153198 0 0 0 0 Pedestrian
9.727850914001465 5.981716156005859 -2.5566468238830566 0 0 0 0 Pedestrian
0.2519882917404175 12.729527473449707 -2.2683236598968506 0 0 0 0 Pedestrian
-0.03704632818698883 11.318818092346191 -2.2749316692352295 0 0 0 0 Pedestrian
6.277123928070068 9.498537063598633 -1.447537899017334 0 0 0 0 Pedestrian
13.772931098937988 9.228123664855957 -1.4654834270477295 0 0 0 0 Pedestrian
12.545682907104492 -6.7942094802856445 -1.541555643081665 0 0 0 0 Pedestrian
16.15526008605957 -7.575396537780762 -1.3684260845184326 0 0 0 0 Pedestrian
-21.242504119873047 9.075993537902832 -2.2200798988342285 0 0 0 0 Pedestrian
-26.43815040588379 1.1558796167373657 -1.5551090240478516 0 0 0 0 Pedestrian