-1.7812668085098267 -3.593212842941284 -1.3449394702911377 0 0 0 0 Pedestrian
-5.813628196716309 2.6703619956970215 -1.7332338094711304 0 0 0 0 Pedestrian
-3.324861526489258 -6.990199565887451 -1.2800847291946411 0 0 0 0 Pedestrian
10.334029197692871 4.0255446434021 -1.448378324508667 0 0 0 0 Pedestrian
0.24508990347385406 12.752110481262207 -2.263901948928833 0 0 0 0 Pedestrian
9.747406005859375 -5.92274284362793 -1.2287465333938599 0 0 0 0 Pedestrian
9.73475170135498 5.990950584411621 -2.5886762142181396 0 0 0 0 Pedestrian
0.009838276542723179 11.30094051361084 -2.3424391746520996 0 0 0 0 Pedestrian
6.3753156661987305 9.256088256835938 -1.4823890924453735 0 0 0 0 Pedestrian
-11.637605667114258 4.641088008880615 -1.8753215074539185 0 0 0 0 Pedestrian
-10.817959785461426 -1.9050571918487549 -2.309394359588623 0 0 0 0 Pedestrian
13.792972564697266 9.188770294189453 -1.5160126686096191 0 0 0 0 Pedestrian
12.487305641174316 -6.806231498718262 -1.575329303741455 0 0 0 0 Pedestrian
16.125822067260742 -7.586386203765869 -1.3900424242019653 0 0 0 0 Pedestrian
-26.387269973754883 1.090514063835144 -1.3423422574996948 0 0 0 0 Pedestrian