-1.7648776769638062 -3.497629165649414 -1.332032561302185 0 0 0 0 Pedestrian
5.177060127258301 -0.8371593356132507 -1.565537452697754 0 0 0 0 Pedestrian
-5.817399978637695 2.6720261573791504 -1.7343965768814087 0 0 0 0 Pedestrian
-3.3223659992218018 -6.994999885559082 -1.2754074335098267 0 0 0 0 Pedestrian
10.291730880737305 4.014398097991943 -1.4583959579467773 0 0 0 0 Pedestrian
0.24524365365505219 12.756560325622559 -2.264566421508789 0 0 0 0 Pedestrian
9.757230758666992 -5.956169128417969 -1.2125693559646606 0 0 0 0 Pedestrian
9.751350402832031 5.965405464172363 -2.5816314220428467 0 0 0 0 Pedestrian
0.054087504744529724 11.268228530883789 -2.296351671218872 0 0 0 0 Pedestrian
-11.663213729858398 4.651272296905518 -1.8793423175811768 0 0 0 0 Pedestrian
-15.21599006652832 6.37225341796875 -1.9529674053192139 0 0 0 0 Pedestrian
13.788973808288574 9.238678932189941 -1.4674030542373657 0 0 0 0 Pedestrian
12.542890548706055 -6.792673587799072 -1.541062831878662 0 0 0 0 Pedestrian
16.122371673583984 -7.584803581237793 -1.3898385763168335 0 0 0 0 Pedestrian
-26.424774169921875 1.1383042335510254 -1.298043131828308 0 0 0 0 Pedestrian