-5.794180393218994 2.6646573543548584 -1.7487152814865112 0 0 0 0 Pedestrian
10.29977798461914 4.040800094604492 -1.453185796737671 0 0 0 0 Pedestrian
11.476875305175781 -0.42887818813323975 -1.4165421724319458 0 0 0 0 Pedestrian
9.735343933105469 5.9864702224731445 -2.5584609508514404 0 0 0 0 Pedestrian
9.757224082946777 -5.956234931945801 -1.212323546409607 0 0 0 0 Pedestrian
-0.036801792681217194 11.311102867126465 -2.273686170578003 0 0 0 0 Pedestrian
-11.628832817077637 4.604858875274658 -1.9018571376800537 0 0 0 0 Pedestrian
-14.102904319763184 5.834083080291748 -1.7541885375976562 0 0 0 0 Pedestrian
12.544207572937012 -6.793440818786621 -1.5414365530014038 0 0 0 0 Pedestrian
13.751457214355469 9.136137962341309 -1.5375574827194214 0 0 0 0 Pedestrian
16.142559051513672 -7.604283332824707 -1.4014630317687988 0 0 0 0 Pedestrian
-26.420120239257812 1.1381572484970093 -1.2976740598678589 0 0 0 0 Pedestrian
-25.135459899902344 9.488604545593262 -2.2101848125457764 0 0 0 0 Pedestrian