5.183516979217529 -0.8366671800613403 -1.5526399612426758 0 0 0 0 Pedestrian
-5.785095691680908 2.6503336429595947 -1.7633172273635864 0 0 0 0 Pedestrian
2.819934844970703 10.076462745666504 -2.0616137981414795 0 0 0 0 Pedestrian
10.321478843688965 4.038965702056885 -1.4220764636993408 0 0 0 0 Pedestrian
9.729455947875977 5.9875407218933105 -2.5875446796417236 0 0 0 0 Pedestrian
0.009570032358169556 11.303096771240234 -2.3429603576660156 0 0 0 0 Pedestrian
-11.636089324951172 4.663424015045166 -1.893256664276123 0 0 0 0 Pedestrian
6.284077167510986 9.51209545135498 -1.503661870956421 0 0 0 0 Pedestrian
13.786914825439453 9.240769386291504 -1.4265916347503662 0 0 0 0 Pedestrian
12.535822868347168 -6.788989543914795 -1.5403468608856201 0 0 0 0 Pedestrian
16.115934371948242 -7.591426372528076 -1.3988827466964722 0 0 0 0 Pedestrian
-26.423053741455078 1.1555171012878418 -1.5544228553771973 0 0 0 0 Pedestrian
-28.25480079650879 10.50195026397705 -2.227459669113159 0 0 0 0 Pedestrian