-2.630025625228882 -5.13379430770874 -1.6803083419799805 0 0 0 0 Pedestrian
-5.817447662353516 2.680479049682617 -1.7359747886657715 0 0 0 0 Pedestrian
10.338797569274902 4.020506381988525 -1.451151728630066 0 0 0 0 Pedestrian
11.472085952758789 -0.4285806715488434 -1.4159818887710571 0 0 0 0 Pedestrian
9.740187644958496 5.989475727081299 -2.559591054916382 0 0 0 0 Pedestrian
6.301464557647705 9.387480735778809 -1.5307883024215698 0 0 0 0 Pedestrian
-10.787782669067383 -1.8999881744384766 -2.303344249725342 0 0 0 0 Pedestrian
-14.926968574523926 6.1357622146606445 -1.8964638710021973 0 0 0 0 Pedestrian
12.495269775390625 -6.787707328796387 -1.5747935771942139 0 0 0 0 Pedestrian
13.775620460510254 9.177099227905273 -1.514131784439087 0 0 0 0 Pedestrian
16.151241302490234 -7.582147598266602 -1.3918262720108032 0 0 0 0 Pedestrian