3.7239198684692383 -4.345239162445068 -1.4088798761367798 0 0 0 0 Pedestrian
5.18185567855835 -0.848538339138031 -1.5739120244979858 0 0 0 0 Pedestrian
-5.808419227600098 2.693347930908203 -1.7494510412216187 0 0 0 0 Pedestrian
-6.679985046386719 4.430152893066406 -2.123457908630371 0 0 0 0 Pedestrian
10.297111511230469 4.065283298492432 -1.3930214643478394 0 0 0 0 Pedestrian
9.73067855834961 5.988350868225098 -2.5873708724975586 0 0 0 0 Pedestrian
0.23018021881580353 12.750774383544922 -2.235522985458374 0 0 0 0 Pedestrian
-11.635558128356934 4.673177719116211 -1.893349289894104 0 0 0 0 Pedestrian
0.05468842759728432 11.272571563720703 -2.296943426132202 0 0 0 0 Pedestrian
-10.814620971679688 -1.904616117477417 -2.308880567550659 0 0 0 0 Pedestrian
-14.0352201461792 4.888753414154053 -1.938820242881775 0 0 0 0 Pedestrian
16.121931076049805 -7.584207057952881 -1.3896842002868652 0 0 0 0 Pedestrian
-26.419769287109375 1.13777494430542 -1.4624226093292236 0 0 0 0 Pedestrian