5.177565574645996 -0.8370157480239868 -1.5737537145614624 0 0 0 0 Pedestrian
-3.318770408630371 -6.994379043579102 -1.260522484779358 0 0 0 0 Pedestrian
-6.732689380645752 4.4427714347839355 -2.0932443141937256 0 0 0 0 Pedestrian
7.894612789154053 -2.0308640003204346 -1.0143145322799683 0 0 0 0 Pedestrian
10.31594467163086 4.022324085235596 -1.4547152519226074 0 0 0 0 Pedestrian
9.728250503540039 5.982641696929932 -2.5569472312927246 0 0 0 0 Pedestrian
0.22997312247753143 12.747491836547852 -2.2349696159362793 0 0 0 0 Pedestrian
9.756158828735352 -5.959320545196533 -1.1600686311721802 0 0 0 0 Pedestrian
-11.57095718383789 4.710302352905273 -1.951992392539978 0 0 0 0 Pedestrian
12.513382911682129 -6.797255516052246 -1.5770515203475952 0 0 0 0 Pedestrian
13.753128051757812 9.143179893493652 -1.5740175247192383 0 0 0 0 Pedestrian
-14.093887329101562 4.80991792678833 -2.018634796142578 0 0 0 0 Pedestrian
16.144161224365234 -7.566229820251465 -1.3797911405563354 0 0 0 0 Pedestrian
17.81656265258789 -7.765261650085449 -1.3874022960662842 0 0 0 0 Pedestrian
-23.0794734954834 7.470677852630615 -2.5689074993133545 0 0 0 0 Pedestrian
-26.4244441986084 1.1383341550827026 -1.2978945970535278 0 0 0 0 Pedestrian