5.16821813583374 -0.840891420841217 -1.586406946182251 0 0 0 0 Pedestrian
-5.817781448364258 2.6699159145355225 -1.7345280647277832 0 0 0 0 Pedestrian
-3.3524582386016846 -6.987514019012451 -1.2640782594680786 0 0 0 0 Pedestrian
5.075570106506348 -5.391740322113037 -1.2003414630889893 0 0 0 0 Pedestrian
2.8238182067871094 10.090072631835938 -2.0647740364074707 0 0 0 0 Pedestrian
10.319108009338379 4.02644157409668 -1.467457890510559 0 0 0 0 Pedestrian
9.732756614685059 5.984770774841309 -2.5577030181884766 0 0 0 0 Pedestrian
-11.619811058044434 4.612015724182129 -1.9159144163131714 0 0 0 0 Pedestrian
13.757756233215332 9.146343231201172 -1.5744856595993042 0 0 0 0 Pedestrian
16.120698928833008 -7.5836992263793945 -1.3895708322525024 0 0 0 0 Pedestrian
19.915321350097656 2.976088762283325 -1.9309946298599243 0 0 0 0 Pedestrian