-2.386233329772949 -5.085458755493164 -1.658348798751831 0 0 0 0 Pedestrian
-5.8054280281066895 2.675200939178467 -1.7474883794784546 0 0 0 0 Pedestrian
-3.3299925327301025 -6.9948296546936035 -1.2702361345291138 0 0 0 0 Pedestrian
10.345847129821777 4.015254497528076 -1.455636978149414 0 0 0 0 Pedestrian
9.746480941772461 5.993739604949951 -2.561713933944702 0 0 0 0 Pedestrian
-0.03689166530966759 11.31037425994873 -2.299227714538574 0 0 0 0 Pedestrian
-11.686760902404785 4.634970664978027 -1.9123060703277588 0 0 0 0 Pedestrian
6.244431972503662 9.491117477416992 -1.4913487434387207 0 0 0 0 Pedestrian
13.786880493164062 9.237261772155762 -1.4676084518432617 0 0 0 0 Pedestrian
16.134822845458984 -7.600362777709961 -1.400185227394104 0 0 0 0 Pedestrian
-26.384700775146484 1.0904699563980103 -1.3422304391860962 0 0 0 0 Pedestrian