5.1778364181518555 -0.8419573903083801 -1.5698118209838867 0 0 0 0 Pedestrian
-5.793700695037842 2.649890184402466 -1.7496775388717651 0 0 0 0 Pedestrian
-5.291050910949707 1.745103359222412 -1.4450072050094604 0 0 0 0 Pedestrian
-8.25352668762207 -2.6695592403411865 -1.2185148000717163 0 0 0 0 Pedestrian
10.299590110778809 4.042723655700684 -1.46673583984375 0 0 0 0 Pedestrian
9.785941123962402 -5.9030680656433105 -1.2303520441055298 0 0 0 0 Pedestrian
9.759530067443848 5.97308349609375 -2.5530030727386475 0 0 0 0 Pedestrian
-11.614001274108887 4.654655456542969 -1.8899261951446533 0 0 0 0 Pedestrian
0.05475929006934166 11.262831687927246 -2.2946696281433105 0 0 0 0 Pedestrian
-10.850062370300293 -1.8945249319076538 -2.269343614578247 0 0 0 0 Pedestrian
12.507023811340332 -6.793982028961182 -1.5762135982513428 0 0 0 0 Pedestrian
13.731147766113281 9.128605842590332 -1.5714608430862427 0 0 0 0 Pedestrian
16.129045486450195 -7.576529502868652 -1.3791568279266357 0 0 0 0 Pedestrian