5.176684379577637 -0.8456313014030457 -1.5795518159866333 0 0 0 0 Pedestrian
-5.783428192138672 2.657339096069336 -1.7641942501068115 0 0 0 0 Pedestrian
-6.7265448570251465 4.446019649505615 -2.073748826980591 0 0 0 0 Pedestrian
2.822329521179199 10.084493637084961 -2.063706874847412 0 0 0 0 Pedestrian
10.318549156188965 4.010071277618408 -1.4375661611557007 0 0 0 0 Pedestrian
9.715643882751465 5.979212284088135 -2.583597421646118 0 0 0 0 Pedestrian
9.800325393676758 -5.8791069984436035 -1.2073307037353516 0 0 0 0 Pedestrian
-11.600871086120605 4.6295270919799805 -1.9255635738372803 0 0 0 0 Pedestrian
12.536297798156738 -6.7892584800720215 -1.5404671430587769 0 0 0 0 Pedestrian
13.740579605102539 9.134856224060059 -1.5726202726364136 0 0 0 0 Pedestrian
16.137737274169922 -7.575783729553223 -1.3904645442962646 0 0 0 0 Pedestrian
-26.39097023010254 1.0907528400421143 -1.3426021337509155 0 0 0 0 Pedestrian