5.182657718658447 -0.8418272733688354 -1.583091378211975 0 0 0 0 Pedestrian
-5.776327133178711 2.6600449085235596 -1.7614151239395142 0 0 0 0 Pedestrian
10.314053535461426 4.0513482093811035 -1.4708027839660645 0 0 0 0 Pedestrian
11.474020004272461 -0.4289380609989166 -1.4165054559707642 0 0 0 0 Pedestrian
9.750528335571289 5.996031284332275 -2.5623726844787598 0 0 0 0 Pedestrian
9.759350776672363 -5.95741605758667 -1.2127461433410645 0 0 0 0 Pedestrian
-11.607664108276367 4.607285022735596 -1.9142321348190308 0 0 0 0 Pedestrian
6.409358978271484 9.201606750488281 -1.479730486869812 0 0 0 0 Pedestrian
12.501362800598145 -6.790851593017578 -1.5755976438522339 0 0 0 0 Pedestrian
16.12841033935547 -7.597249984741211 -1.3999353647232056 0 0 0 0 Pedestrian
-26.43079948425293 1.1178388595581055 -1.46305513381958 0 0 0 0 Pedestrian