-5.814691543579102 2.6708569526672363 -1.7336431741714478 0 0 0 0 Pedestrian
-3.320549964904785 -6.9956769943237305 -1.2733510732650757 0 0 0 0 Pedestrian
10.307944297790527 4.053578853607178 -1.4709311723709106 0 0 0 0 Pedestrian
9.650538444519043 -6.136013507843018 -1.336008906364441 0 0 0 0 Pedestrian
9.747687339782715 5.9694671630859375 -2.5817198753356934 0 0 0 0 Pedestrian
-0.005572712514549494 11.292581558227539 -2.2590794563293457 0 0 0 0 Pedestrian
-11.647153854370117 4.645043849945068 -1.876734733581543 0 0 0 0 Pedestrian
13.76883316040039 9.214217185974121 -1.5153257846832275 0 0 0 0 Pedestrian
12.543700218200684 -6.793218612670898 -1.5413756370544434 0 0 0 0 Pedestrian
-14.043838500976562 4.737898349761963 -2.0082638263702393 0 0 0 0 Pedestrian
16.125144958496094 -7.585940361022949 -1.3900657892227173 0 0 0 0 Pedestrian
-17.218952178955078 6.306988716125488 -2.077598810195923 0 0 0 0 Pedestrian
-26.45298194885254 1.1854718923568726 -1.4414681196212769 0 0 0 0 Pedestrian