5.182436466217041 -0.8335411548614502 -1.5580588579177856 0 0 0 0 Pedestrian
-5.789761066436768 2.6671700477600098 -1.7565710544586182 0 0 0 0 Pedestrian
10.36680793762207 4.032890796661377 -1.3577507734298706 0 0 0 0 Pedestrian
11.472286224365234 -0.42877447605133057 -1.4161170721054077 0 0 0 0 Pedestrian
9.731855392456055 -5.931995868682861 -1.2472920417785645 0 0 0 0 Pedestrian
9.722293853759766 5.9835333824157715 -2.5857303142547607 0 0 0 0 Pedestrian
0.21246923506259918 12.736212730407715 -2.2237703800201416 0 0 0 0 Pedestrian
0.009414712898433208 11.299436569213867 -2.342603921890259 0 0 0 0 Pedestrian
-11.595931053161621 4.638044834136963 -1.958739161491394 0 0 0 0 Pedestrian
6.271971225738525 9.49104118347168 -1.4463905096054077 0 0 0 0 Pedestrian
12.547913551330566 -6.795421123504639 -1.5418508052825928 0 0 0 0 Pedestrian
16.125808715820312 -7.596197605133057 -1.3997137546539307 0 0 0 0 Pedestrian
-21.134750366210938 9.095014572143555 -2.236510753631592 0 0 0 0 Pedestrian
-26.430707931518555 1.155728816986084 -1.5548443794250488 0 0 0 0 Pedestrian