5.176997184753418 -0.8447480201721191 -1.5849875211715698 0 0 0 0 Pedestrian
-5.7944536209106445 2.670233964920044 -1.7489409446716309 0 0 0 0 Pedestrian
10.306042671203613 4.025476455688477 -1.4320884943008423 0 0 0 0 Pedestrian
-10.142939567565918 6.075096130371094 -2.101562738418579 0 0 0 0 Pedestrian
9.757758140563965 -5.923068046569824 -1.1916290521621704 0 0 0 0 Pedestrian
0.2299318164587021 12.746501922607422 -2.2348177433013916 0 0 0 0 Pedestrian
9.764817237854004 5.9390082359313965 -2.5730414390563965 0 0 0 0 Pedestrian
-11.60653305053711 4.632007122039795 -1.9265185594558716 0 0 0 0 Pedestrian
-15.356461524963379 6.6401143074035645 -1.9226278066635132 0 0 0 0 Pedestrian
13.777925491333008 9.231368064880371 -1.466269850730896 0 0 0 0 Pedestrian
12.487911224365234 -6.806524753570557 -1.5753297805786133 0 0 0 0 Pedestrian
-14.08068561553955 4.7504963874816895 -2.01371169090271 0 0 0 0 Pedestrian
16.137073516845703 -7.601470947265625 -1.4009279012680054 0 0 0 0 Pedestrian
-26.434341430664062 1.1559995412826538 -1.5553193092346191 0 0 0 0 Pedestrian