5.1769537925720215 -0.83209627866745 -1.5584157705307007 0 0 0 0 Pedestrian
-5.8165998458862305 2.6668272018432617 -1.7484068870544434 0 0 0 0 Pedestrian
-3.329381227493286 -7.006940841674805 -1.2842015027999878 0 0 0 0 Pedestrian
-5.277516841888428 1.7358155250549316 -1.4786266088485718 0 0 0 0 Pedestrian
9.715900421142578 -6.007562637329102 -1.327566385269165 0 0 0 0 Pedestrian
10.318350791931152 4.02466344833374 -1.4603742361068726 0 0 0 0 Pedestrian
9.747480392456055 5.966245174407959 -2.5508203506469727 0 0 0 0 Pedestrian
-11.654596328735352 4.587893962860107 -1.891198992729187 0 0 0 0 Pedestrian
13.769744873046875 9.21481704711914 -1.5155903100967407 0 0 0 0 Pedestrian
16.154550552368164 -7.571045875549316 -1.3808119297027588 0 0 0 0 Pedestrian
-26.384126663208008 1.0905215740203857 -1.3421741724014282 0 0 0 0 Pedestrian