-1.8051486015319824 -3.5884575843811035 -1.3220312595367432 0 0 0 0 Pedestrian
5.177001476287842 -0.8354088664054871 -1.5812456607818604 0 0 0 0 Pedestrian
-5.814700126647949 2.6709113121032715 -1.7337199449539185 0 0 0 0 Pedestrian
-3.321317195892334 -6.994180202484131 -1.2731684446334839 0 0 0 0 Pedestrian
-8.00870132446289 2.0642495155334473 -2.309403419494629 0 0 0 0 Pedestrian
2.826625347137451 10.099844932556152 -2.066828966140747 0 0 0 0 Pedestrian
10.334434509277344 4.018524646759033 -1.456377387046814 0 0 0 0 Pedestrian
9.754806518554688 -5.927315711975098 -1.2294921875 0 0 0 0 Pedestrian
9.739523887634277 5.993554592132568 -2.589423179626465 0 0 0 0 Pedestrian
0.23011474311351776 12.753645896911621 -2.2361223697662354 0 0 0 0 Pedestrian
-11.642537117004395 4.583343505859375 -1.8894771337509155 0 0 0 0 Pedestrian
6.354202747344971 9.277494430541992 -1.4832521677017212 0 0 0 0 Pedestrian
12.53432846069336 -6.788271427154541 -1.5401504039764404 0 0 0 0 Pedestrian
13.761402130126953 9.148704528808594 -1.575006365776062 0 0 0 0 Pedestrian
16.15288543701172 -7.5705108642578125 -1.3809804916381836 0 0 0 0 Pedestrian
-26.42693519592285 1.1384180784225464 -1.2980769872665405 0 0 0 0 Pedestrian
24.018491744995117 -9.23366641998291 -1.0736639499664307 0 0 0 0 Pedestrian