-1.8478366136550903 -4.0280070304870605 -1.2202481031417847 0 0 0 0 Pedestrian
5.181151390075684 -0.8355413675308228 -1.5577412843704224 0 0 0 0 Pedestrian
-5.818621635437012 2.6684656143188477 -1.7348133325576782 0 0 0 0 Pedestrian
-2.650925874710083 -5.015257358551025 -1.5834518671035767 0 0 0 0 Pedestrian
10.300729751586914 4.029633045196533 -1.4582148790359497 0 0 0 0 Pedestrian
9.764078140258789 -5.927124500274658 -1.1922340393066406 0 0 0 0 Pedestrian
9.773099899291992 5.94343900680542 -2.542452096939087 0 0 0 0 Pedestrian
0.05485237389802933 11.269036293029785 -2.2961671352386475 0 0 0 0 Pedestrian
-10.793313026428223 -1.8347383737564087 -2.1079189777374268 0 0 0 0 Pedestrian
-11.604973793029785 4.606383323669434 -1.9138402938842773 0 0 0 0 Pedestrian
6.273796081542969 9.496347427368164 -1.5010238885879517 0 0 0 0 Pedestrian
-14.54410457611084 5.8951592445373535 -1.835198998451233 0 0 0 0 Pedestrian
12.514317512512207 -6.797812461853027 -1.5772215127944946 0 0 0 0 Pedestrian
13.747708320617676 9.139657974243164 -1.5733118057250977 0 0 0 0 Pedestrian
16.1427001953125 -7.603940010070801 -1.4009243249893188 0 0 0 0 Pedestrian
-26.464746475219727 1.1998670101165771 -1.5483180284500122 0 0 0 0 Pedestrian