-1.9661657810211182 -4.194395065307617 -1.282691240310669 0 0 0 0 Pedestrian
5.178820610046387 -0.8402550220489502 -1.5707412958145142 0 0 0 0 Pedestrian
-2.67826509475708 -5.109846115112305 -1.6719272136688232 0 0 0 0 Pedestrian
-5.816071033477783 2.6673262119293213 -1.7356773614883423 0 0 0 0 Pedestrian
10.330212593078613 4.007221221923828 -1.4629566669464111 0 0 0 0 Pedestrian
-9.505091667175293 6.037087917327881 -2.086509943008423 0 0 0 0 Pedestrian
9.756807327270508 -5.948883533477783 -1.215512990951538 0 0 0 0 Pedestrian
9.740574836730957 5.989674091339111 -2.5596539974212646 0 0 0 0 Pedestrian
0.05444888398051262 11.277518272399902 -2.2983036041259766 0 0 0 0 Pedestrian
-11.651326179504395 4.669328212738037 -1.895535945892334 0 0 0 0 Pedestrian
-15.121792793273926 6.381224155426025 -1.935280680656433 0 0 0 0 Pedestrian
12.535884857177734 -6.7888922691345215 -1.5402865409851074 0 0 0 0 Pedestrian
17.829959869384766 -7.770983695983887 -1.3884023427963257 0 0 0 0 Pedestrian
-26.42938995361328 1.155579686164856 -1.554636001586914 0 0 0 0 Pedestrian