-3.788792371749878 -1.5036213397979736 -1.400386095046997 0 0 0 0 Pedestrian
5.169939041137695 -0.8492045998573303 -1.5907806158065796 0 0 0 0 Pedestrian
-5.783700942993164 2.6797397136688232 -1.7528988122940063 0 0 0 0 Pedestrian
-3.6748554706573486 5.419850826263428 -1.853649377822876 0 0 0 0 Pedestrian
-6.7330217361450195 4.445314407348633 -2.0930306911468506 0 0 0 0 Pedestrian
10.33163833618164 4.041388511657715 -1.416970133781433 0 0 0 0 Pedestrian
9.739720344543457 5.989392280578613 -2.559860944747925 0 0 0 0 Pedestrian
0.21263006329536438 12.737258911132812 -2.2239787578582764 0 0 0 0 Pedestrian
0.009730835445225239 11.29539680480957 -2.3413054943084717 0 0 0 0 Pedestrian
-11.62371826171875 4.638941764831543 -1.9293220043182373 0 0 0 0 Pedestrian
-14.07122802734375 5.820993900299072 -1.7502919435501099 0 0 0 0 Pedestrian
12.54541015625 -6.794029712677002 -1.5414621829986572 0 0 0 0 Pedestrian
13.736502647399902 9.1597900390625 -1.5947712659835815 0 0 0 0 Pedestrian
16.13039207458496 -7.5771565437316895 -1.3794206380844116 0 0 0 0 Pedestrian
-26.42726707458496 1.1384761333465576 -1.2981181144714355 0 0 0 0 Pedestrian