5.171453952789307 -0.852421760559082 -1.5840942859649658 0 0 0 0 Pedestrian
-5.814360618591309 2.6707403659820557 -1.7334706783294678 0 0 0 0 Pedestrian
-3.3463375568389893 -6.975238800048828 -1.2669641971588135 0 0 0 0 Pedestrian
-7.995967864990234 2.054979085922241 -2.32509446144104 0 0 0 0 Pedestrian
10.300278663635254 4.085460662841797 -1.452423095703125 0 0 0 0 Pedestrian
0.24508270621299744 12.750184059143066 -2.2636878490448 0 0 0 0 Pedestrian
9.749990463256836 5.964574337005615 -2.581583023071289 0 0 0 0 Pedestrian
0.054269202053546906 11.274311065673828 -2.2977817058563232 0 0 0 0 Pedestrian
-11.615290641784668 4.610354423522949 -1.9152638912200928 0 0 0 0 Pedestrian
6.270125389099121 9.490425109863281 -1.5003303289413452 0 0 0 0 Pedestrian
-10.815557479858398 -1.9043643474578857 -2.308570146560669 0 0 0 0 Pedestrian
13.787954330444336 9.185331344604492 -1.5154404640197754 0 0 0 0 Pedestrian
12.542285919189453 -6.792393207550049 -1.5410165786743164 0 0 0 0 Pedestrian
-14.076001167297363 4.7489237785339355 -2.0129597187042236 0 0 0 0 Pedestrian
16.140247344970703 -7.60311222076416 -1.400960087776184 0 0 0 0 Pedestrian
-21.540985107421875 9.233992576599121 -2.214641571044922 0 0 0 0 Pedestrian
-26.435192108154297 1.138614296913147 -1.4637110233306885 0 0 0 0 Pedestrian