-1.8699053525924683 -4.03192663192749 -1.3017139434814453 0 0 0 0 Pedestrian
-5.8119707107543945 2.670539140701294 -1.7314780950546265 0 0 0 0 Pedestrian
10.289348602294922 4.032012462615967 -1.4793047904968262 0 0 0 0 Pedestrian
9.734528541564941 5.985815048217773 -2.558241844177246 0 0 0 0 Pedestrian
9.761595726013184 -5.925755500793457 -1.1917799711227417 0 0 0 0 Pedestrian
0.05428824946284294 11.283509254455566 -2.299534320831299 0 0 0 0 Pedestrian
6.281248569488525 9.507692337036133 -1.5029420852661133 0 0 0 0 Pedestrian
-11.582962036132812 4.60516881942749 -1.9476490020751953 0 0 0 0 Pedestrian
-14.466740608215332 5.849841594696045 -1.8469576835632324 0 0 0 0 Pedestrian
13.760427474975586 9.208637237548828 -1.5146433115005493 0 0 0 0 Pedestrian
12.535540580749512 -6.788830280303955 -1.5402560234069824 0 0 0 0 Pedestrian
16.099863052368164 -7.583901882171631 -1.397363305091858 0 0 0 0 Pedestrian
-26.421363830566406 1.1380846500396729 -1.462760329246521 0 0 0 0 Pedestrian