5.178350448608398 -0.8430953025817871 -1.5867397785186768 0 0 0 0 Pedestrian
-2.4145193099975586 -5.084478855133057 -1.6668363809585571 0 0 0 0 Pedestrian
-5.802241325378418 2.6619927883148193 -1.7483842372894287 0 0 0 0 Pedestrian
-3.331223964691162 -6.989079475402832 -1.2710416316986084 0 0 0 0 Pedestrian
2.818826913833618 10.072601318359375 -2.060652494430542 0 0 0 0 Pedestrian
10.320188522338867 4.0457024574279785 -1.4385054111480713 0 0 0 0 Pedestrian
9.757991790771484 5.972498893737793 -2.552259922027588 0 0 0 0 Pedestrian
0.22963294386863708 12.74071979522705 -2.233855724334717 0 0 0 0 Pedestrian
-11.621758460998535 4.602321147918701 -1.9010062217712402 0 0 0 0 Pedestrian
0.009461321868002415 11.298480033874512 -2.3422787189483643 0 0 0 0 Pedestrian
13.790777206420898 9.239891052246094 -1.467799425125122 0 0 0 0 Pedestrian
16.1217098236084 -7.59410285949707 -1.39924156665802 0 0 0 0 Pedestrian
-18.208057403564453 6.202823162078857 -2.0129055976867676 0 0 0 0 Pedestrian
-26.379573822021484 1.09027099609375 -1.3419216871261597 0 0 0 0 Pedestrian