5.177889347076416 -0.83335280418396 -1.5636428594589233 0 0 0 0 Pedestrian
-5.78294563293457 2.668999433517456 -1.7521679401397705 0 0 0 0 Pedestrian
-3.841059684753418 5.507051944732666 -1.7403525114059448 0 0 0 0 Pedestrian
10.323251724243164 4.027164936065674 -1.4526591300964355 0 0 0 0 Pedestrian
9.757039070129395 -5.955899715423584 -1.212303876876831 0 0 0 0 Pedestrian
9.738243103027344 5.9572625160217285 -2.5783252716064453 0 0 0 0 Pedestrian
0.05489269271492958 11.270163536071777 -2.2962393760681152 0 0 0 0 Pedestrian
-11.593284606933594 4.695552349090576 -1.9170352220535278 0 0 0 0 Pedestrian
-10.794244766235352 -1.901342749595642 -2.3049979209899902 0 0 0 0 Pedestrian
12.518179893493652 -6.802561283111572 -1.5347377061843872 0 0 0 0 Pedestrian
16.115619659423828 -7.58135461807251 -1.3893111944198608 0 0 0 0 Pedestrian
-18.189197540283203 21.601436614990234 -1.9014177322387695 0 0 0 0 Pedestrian