-5.7872796058654785 2.6596031188964844 -1.7563297748565674 0 0 0 0 Pedestrian
10.337495803833008 4.024659156799316 -1.5011894702911377 0 0 0 0 Pedestrian
9.730088233947754 5.987944602966309 -2.587207555770874 0 0 0 0 Pedestrian
9.78579044342041 -5.929194927215576 -1.2292121648788452 0 0 0 0 Pedestrian
0.23529228568077087 12.727228164672852 -2.211733818054199 0 0 0 0 Pedestrian
-11.642221450805664 4.665743350982666 -1.8941833972930908 0 0 0 0 Pedestrian
-14.132183074951172 5.84607458114624 -1.7576313018798828 0 0 0 0 Pedestrian
12.539840698242188 -6.791080951690674 -1.5408366918563843 0 0 0 0 Pedestrian
13.743085861206055 9.136470794677734 -1.5729655027389526 0 0 0 0 Pedestrian
-14.070727348327637 4.747081279754639 -2.012014150619507 0 0 0 0 Pedestrian
16.12761116027832 -7.596989631652832 -1.4001573324203491 0 0 0 0 Pedestrian
2.1534881591796875 16.79155731201172 -2.2006914615631104 0 0 0 0 Pedestrian
-26.414306640625 1.1378782987594604 -1.2973116636276245 0 0 0 0 Pedestrian
-25.249267578125 9.530152320861816 -2.219345808029175 0 0 0 0 Pedestrian