-1.8821240663528442 -4.143737316131592 -1.3209911584854126 0 0 0 0 Pedestrian
-5.8175859451293945 2.667994737625122 -1.7344861030578613 0 0 0 0 Pedestrian
-2.6502673625946045 -5.094176292419434 -1.579433798789978 0 0 0 0 Pedestrian
10.278573989868164 4.034271717071533 -1.4851126670837402 0 0 0 0 Pedestrian
9.757439613342285 -5.949392318725586 -1.2156068086624146 0 0 0 0 Pedestrian
9.741127967834473 5.989799976348877 -2.5595383644104004 0 0 0 0 Pedestrian
0.23005734384059906 12.75303840637207 -2.2361109256744385 0 0 0 0 Pedestrian
0.009745483286678791 11.285921096801758 -2.339416742324829 0 0 0 0 Pedestrian
-14.705962181091309 5.987087726593018 -1.8241451978683472 0 0 0 0 Pedestrian
12.544307708740234 -6.793484210968018 -1.5414644479751587 0 0 0 0 Pedestrian
13.750924110412598 9.141751289367676 -1.5739082098007202 0 0 0 0 Pedestrian
16.12480926513672 -7.585318088531494 -1.3896186351776123 0 0 0 0 Pedestrian