-1.9870879650115967 -4.201879501342773 -1.274853229522705 0 0 0 0 Pedestrian
-2.6742119789123535 -5.11642599105835 -1.6699533462524414 0 0 0 0 Pedestrian
-5.806300163269043 2.6670989990234375 -1.7408716678619385 0 0 0 0 Pedestrian
10.315651893615723 4.018250465393066 -1.4698187112808228 0 0 0 0 Pedestrian
-9.33618450164795 6.016881942749023 -2.0413856506347656 0 0 0 0 Pedestrian
9.750553131103516 5.967495441436768 -2.5508313179016113 0 0 0 0 Pedestrian
-11.659024238586426 4.6163716316223145 -1.906586766242981 0 0 0 0 Pedestrian
0.054293688386678696 11.273423194885254 -2.297123670578003 0 0 0 0 Pedestrian
-15.073381423950195 6.277770042419434 -1.9028334617614746 0 0 0 0 Pedestrian
12.500689506530762 -6.7906084060668945 -1.5755951404571533 0 0 0 0 Pedestrian
13.784839630126953 9.18045425415039 -1.4754389524459839 0 0 0 0 Pedestrian
16.14324378967285 -7.578351020812988 -1.39131498336792 0 0 0 0 Pedestrian