-3.126716136932373 5.3034772872924805 -1.7378870248794556 0 0 0 0 Pedestrian
5.173685550689697 -0.8463901877403259 -1.5844981670379639 0 0 0 0 Pedestrian
-5.82392692565918 2.712430238723755 -1.7242881059646606 0 0 0 0 Pedestrian
10.357254981994629 4.039931774139404 -1.3624452352523804 0 0 0 0 Pedestrian
9.756631851196289 -5.955453395843506 -1.2127041816711426 0 0 0 0 Pedestrian
-11.637090682983398 4.581284046173096 -1.8887078762054443 0 0 0 0 Pedestrian
0.054476670920848846 11.281299591064453 -2.2991559505462646 0 0 0 0 Pedestrian
12.54712963104248 -6.795022010803223 -1.5417118072509766 0 0 0 0 Pedestrian
13.773581504821777 9.20291805267334 -1.482292890548706 0 0 0 0 Pedestrian
16.190101623535156 -7.600708961486816 -1.3951081037521362 0 0 0 0 Pedestrian
-26.422119140625 1.1382218599319458 -1.297739028930664 0 0 0 0 Pedestrian