-1.7404882907867432 -3.6556437015533447 -1.3193461894989014 0 0 0 0 Pedestrian
5.175649642944336 -0.8432349562644958 -1.55789053440094 0 0 0 0 Pedestrian
-5.790969371795654 2.678936243057251 -1.7497889995574951 0 0 0 0 Pedestrian
-3.3144755363464355 -6.9886474609375 -1.2720125913619995 0 0 0 0 Pedestrian
-5.262789249420166 1.758147120475769 -1.4829509258270264 0 0 0 0 Pedestrian
10.304878234863281 4.040639877319336 -1.4903802871704102 0 0 0 0 Pedestrian
9.735315322875977 -5.91551399230957 -1.2269871234893799 0 0 0 0 Pedestrian
0.23000465333461761 12.74560260772705 -2.234541893005371 0 0 0 0 Pedestrian
9.771316528320312 5.977726459503174 -2.586986780166626 0 0 0 0 Pedestrian
6.309595108032227 9.255819320678711 -1.5168960094451904 0 0 0 0 Pedestrian
-11.613524436950684 4.6348371505737305 -1.9276249408721924 0 0 0 0 Pedestrian
0.05480452626943588 11.265252113342285 -2.295337677001953 0 0 0 0 Pedestrian
13.76746940612793 9.213458061218262 -1.5152496099472046 0 0 0 0 Pedestrian
12.539470672607422 -6.790858268737793 -1.540701150894165 0 0 0 0 Pedestrian
-12.932568550109863 6.175061225891113 -2.373095989227295 0 0 0 0 Pedestrian
16.1195125579834 -7.583112716674805 -1.389439344406128 0 0 0 0 Pedestrian