-1.9471499919891357 -4.166143417358398 -1.3051782846450806 0 0 0 0 Pedestrian
-5.803740501403809 2.6701157093048096 -1.742522954940796 0 0 0 0 Pedestrian
-2.705787181854248 -5.101278305053711 -1.6580445766448975 0 0 0 0 Pedestrian
-7.978486061096191 2.050506591796875 -2.320009708404541 0 0 0 0 Pedestrian
10.315783500671387 4.039786338806152 -1.45307457447052 0 0 0 0 Pedestrian
-9.665254592895508 6.053464412689209 -2.085728406906128 0 0 0 0 Pedestrian
9.73869514465332 5.988746643066406 -2.5592570304870605 0 0 0 0 Pedestrian
-15.177438735961914 6.430849552154541 -1.9209582805633545 0 0 0 0 Pedestrian
13.778064727783203 9.178853988647461 -1.514166235923767 0 0 0 0 Pedestrian
16.166786193847656 -7.615601539611816 -1.403381586074829 0 0 0 0 Pedestrian
-26.454803466796875 1.1993701457977295 -1.5473178625106812 0 0 0 0 Pedestrian