-1.7725476026535034 -3.4743459224700928 -1.3190852403640747 0 0 0 0 Pedestrian
5.17038106918335 -0.8547356724739075 -1.5634784698486328 0 0 0 0 Pedestrian
-5.80381965637207 2.658353567123413 -1.7384315729141235 0 0 0 0 Pedestrian
-3.3241474628448486 -6.982976913452148 -1.2694520950317383 0 0 0 0 Pedestrian
10.31424617767334 4.030266284942627 -1.4795187711715698 0 0 0 0 Pedestrian
9.759751319885254 -5.900448322296143 -1.2054107189178467 0 0 0 0 Pedestrian
9.76463794708252 5.97948694229126 -2.585590362548828 0 0 0 0 Pedestrian
-11.63620662689209 4.607965469360352 -1.90318763256073 0 0 0 0 Pedestrian
6.316061496734619 9.362074851989746 -1.5294963121414185 0 0 0 0 Pedestrian
-14.679113388061523 6.355213165283203 -1.885379672050476 0 0 0 0 Pedestrian
13.76854133605957 9.214034080505371 -1.5154396295547485 0 0 0 0 Pedestrian
12.551362991333008 -6.797195911407471 -1.5421569347381592 0 0 0 0 Pedestrian