4.185781002044678 1.6468170881271362 -1.5147068500518799 0 0 0 0 Pedestrian
5.179088592529297 -0.8323941826820374 -1.5522220134735107 0 0 0 0 Pedestrian
-5.809828758239746 2.694000482559204 -1.7394099235534668 0 0 0 0 Pedestrian
7.108232498168945 2.8384320735931396 -1.3504921197891235 0 0 0 0 Pedestrian
-8.349123001098633 -2.674421548843384 -1.1398863792419434 0 0 0 0 Pedestrian
0.436286985874176 7.786360263824463 -2.414851665496826 0 0 0 0 Pedestrian
10.358074188232422 4.047703742980957 -1.2626978158950806 0 0 0 0 Pedestrian
9.765091896057129 5.9734578132629395 -2.585357666015625 0 0 0 0 Pedestrian
-11.603259086608887 4.699559688568115 -1.9185646772384644 0 0 0 0 Pedestrian
13.755698204040527 9.237320899963379 -1.5261718034744263 0 0 0 0 Pedestrian
16.11745834350586 -7.582121849060059 -1.3894870281219482 0 0 0 0 Pedestrian
-26.40866470336914 1.1374752521514893 -1.4618077278137207 0 0 0 0 Pedestrian