0.8536441922187805 6.075120449066162 -1.7651082277297974 0 0 0 0 Pedestrian
5.172374725341797 -0.8576732277870178 -1.5839794874191284 0 0 0 0 Pedestrian
-5.810569763183594 2.699775218963623 -1.7342963218688965 0 0 0 0 Pedestrian
-2.9801206588745117 -5.329283237457275 -1.7997043132781982 0 0 0 0 Pedestrian
-3.854152202606201 -7.098489761352539 -1.5614545345306396 0 0 0 0 Pedestrian
9.008415222167969 2.606780767440796 -1.78008234500885 0 0 0 0 Pedestrian
10.370530128479004 4.007223129272461 -1.4550496339797974 0 0 0 0 Pedestrian
9.73386287689209 5.990233421325684 -2.588250160217285 0 0 0 0 Pedestrian
0.23006558418273926 12.748093605041504 -2.2349934577941895 0 0 0 0 Pedestrian
-11.638431549072266 4.608404159545898 -1.903298020362854 0 0 0 0 Pedestrian
17.09127426147461 2.586686849594116 -1.9210582971572876 0 0 0 0 Pedestrian
-26.402053833007812 1.1372106075286865 -1.4614967107772827 0 0 0 0 Pedestrian