0.528102695941925 4.48459005355835 -1.484070062637329 0 0 0 0 Pedestrian
4.223479270935059 1.6175673007965088 -1.494356393814087 0 0 0 0 Pedestrian
-2.3414626121520996 -4.721866130828857 -1.4603064060211182 0 0 0 0 Pedestrian
5.181662082672119 -0.8470747470855713 -1.5714960098266602 0 0 0 0 Pedestrian
2.819611072540283 10.075157165527344 -2.0613253116607666 0 0 0 0 Pedestrian
10.350242614746094 4.014122009277344 -1.44605553150177 0 0 0 0 Pedestrian
1.651108741760254 13.163481712341309 -2.004195213317871 0 0 0 0 Pedestrian
9.756086349487305 5.971235752105713 -2.551487445831299 0 0 0 0 Pedestrian
0.26144859194755554 12.735764503479004 -2.275665044784546 0 0 0 0 Pedestrian
-0.00546343345195055 11.29736042022705 -2.231997489929199 0 0 0 0 Pedestrian
6.3760504722595215 9.32606315612793 -1.4487632513046265 0 0 0 0 Pedestrian
-11.570115089416504 4.600096225738525 -1.9454060792922974 0 0 0 0 Pedestrian
13.757349014282227 9.206709861755371 -1.5140751600265503 0 0 0 0 Pedestrian
-14.079601287841797 4.750092506408691 -2.0135719776153564 0 0 0 0 Pedestrian
16.14119529724121 -7.60344934463501 -1.400968313217163 0 0 0 0 Pedestrian
-21.3482608795166 1.5308557748794556 -1.4049458503723145 0 0 0 0 Pedestrian
-26.413166046142578 1.1375051736831665 -1.4619818925857544 0 0 0 0 Pedestrian