4.194901466369629 1.6342997550964355 -1.5052731037139893 0 0 0 0 Pedestrian
0.5326544046401978 6.980234622955322 -1.91521155834198 0 0 0 0 Pedestrian
-2.3953590393066406 -4.46088171005249 -1.512986183166504 0 0 0 0 Pedestrian
5.1709723472595215 -0.8493411540985107 -1.5694282054901123 0 0 0 0 Pedestrian
-5.816246509552002 2.6997785568237305 -1.7300515174865723 0 0 0 0 Pedestrian
9.721175193786621 -6.013544082641602 -1.3141456842422485 0 0 0 0 Pedestrian
10.289501190185547 4.061622619628906 -1.442167043685913 0 0 0 0 Pedestrian
9.720874786376953 5.981877326965332 -2.58461594581604 0 0 0 0 Pedestrian
0.00951603427529335 11.306254386901855 -2.3435909748077393 0 0 0 0 Pedestrian
6.427212238311768 9.261598587036133 -1.4867230653762817 0 0 0 0 Pedestrian
16.140146255493164 -7.5643815994262695 -1.3795229196548462 0 0 0 0 Pedestrian
-26.40481948852539 1.1370854377746582 -1.4614213705062866 0 0 0 0 Pedestrian