3.3561301231384277 1.8930301666259766 -1.3711851835250854 0 0 0 0 Pedestrian
4.187244415283203 1.6484137773513794 -1.5192553997039795 0 0 0 0 Pedestrian
1.2835357189178467 5.436101913452148 -1.6107033491134644 0 0 0 0 Pedestrian
5.180085182189941 -0.8391352295875549 -1.5578079223632812 0 0 0 0 Pedestrian
-5.801153182983398 2.694439172744751 -1.7344847917556763 0 0 0 0 Pedestrian
-2.1304359436035156 -4.454269886016846 -1.5199534893035889 0 0 0 0 Pedestrian
-3.8321361541748047 -7.105047225952148 -1.5371016263961792 0 0 0 0 Pedestrian
-8.589860916137695 3.0124716758728027 -1.84184992313385 0 0 0 0 Pedestrian
10.309859275817871 4.038747787475586 -1.4499996900558472 0 0 0 0 Pedestrian
-11.648307800292969 4.612321853637695 -1.905066967010498 0 0 0 0 Pedestrian
0.05465339124202728 11.270877838134766 -2.2964701652526855 0 0 0 0 Pedestrian
17.108732223510742 2.5842995643615723 -1.9240282773971558 0 0 0 0 Pedestrian