4.185538291931152 1.6448897123336792 -1.5195363759994507 0 0 0 0 Pedestrian
0.813145637512207 6.171459674835205 -1.7820311784744263 0 0 0 0 Pedestrian
5.17168664932251 -0.8577597141265869 -1.586068034172058 0 0 0 0 Pedestrian
-5.78952169418335 2.6978719234466553 -1.7449345588684082 0 0 0 0 Pedestrian
10.327408790588379 4.014168739318848 -1.4578241109848022 0 0 0 0 Pedestrian
9.741127967834473 5.994635105133057 -2.589946985244751 0 0 0 0 Pedestrian
0.1926194280385971 12.728073120117188 -2.236349582672119 0 0 0 0 Pedestrian
-11.608054161071777 4.6326212882995605 -1.926535964012146 0 0 0 0 Pedestrian
0.05447719991207123 11.279970169067383 -2.298776865005493 0 0 0 0 Pedestrian
6.515216827392578 9.529791831970215 -1.480920433998108 0 0 0 0 Pedestrian
-10.797216415405273 -1.901797890663147 -2.3053016662597656 0 0 0 0 Pedestrian
17.084007263183594 2.5854437351226807 -1.9202216863632202 0 0 0 0 Pedestrian
-26.384023666381836 1.1362102031707764 -1.4599390029907227 0 0 0 0 Pedestrian