5.183206081390381 -0.8382554054260254 -1.5572099685668945 0 0 0 0 Pedestrian
-5.877946853637695 2.6897735595703125 -1.7552213668823242 0 0 0 0 Pedestrian
-0.4154108762741089 4.779281139373779 -1.6053940057754517 0 0 0 0 Pedestrian
-8.314688682556152 -2.683723211288452 -1.18561851978302 0 0 0 0 Pedestrian
2.823681354522705 10.08951473236084 -2.0644471645355225 0 0 0 0 Pedestrian
10.322766304016113 4.065231800079346 -1.4208564758300781 0 0 0 0 Pedestrian
9.729692459106445 5.987677574157715 -2.587231159210205 0 0 0 0 Pedestrian
0.22998405992984772 12.747212409973145 -2.235010862350464 0 0 0 0 Pedestrian
0.009923986159265041 11.297355651855469 -2.3416836261749268 0 0 0 0 Pedestrian
6.341185092926025 9.50222396850586 -1.483675479888916 0 0 0 0 Pedestrian
-11.55854320526123 4.688462734222412 -1.9384469985961914 0 0 0 0 Pedestrian
1.7755546569824219 13.992481231689453 -2.1460115909576416 0 0 0 0 Pedestrian
12.522642135620117 -6.805028915405273 -1.5352309942245483 0 0 0 0 Pedestrian
16.146039962768555 -7.566779136657715 -1.3798277378082275 0 0 0 0 Pedestrian
-26.400516510009766 1.0911263227462769 -1.3431049585342407 0 0 0 0 Pedestrian