4.225684642791748 1.6114047765731812 -1.471173644065857 0 0 0 0 Pedestrian
5.177218914031982 -0.8498629331588745 -1.5743346214294434 0 0 0 0 Pedestrian
-2.202089309692383 -4.387777328491211 -1.4238839149475098 0 0 0 0 Pedestrian
2.615175485610962 4.1355485916137695 -1.5243102312088013 0 0 0 0 Pedestrian
-5.756368160247803 2.7473440170288086 -1.7349286079406738 0 0 0 0 Pedestrian
1.4610400199890137 11.406289100646973 -2.024981737136841 0 0 0 0 Pedestrian
10.302329063415527 4.063882350921631 -1.4416464567184448 0 0 0 0 Pedestrian
9.790170669555664 5.954038619995117 -2.5797204971313477 0 0 0 0 Pedestrian
-11.571775436401367 4.694176197052002 -1.9407949447631836 0 0 0 0 Pedestrian
-14.474952697753906 5.919434070587158 -1.9015727043151855 0 0 0 0 Pedestrian
13.774168968200684 9.176311492919922 -1.5137856006622314 0 0 0 0 Pedestrian
-15.46773624420166 5.630801677703857 -1.8696695566177368 0 0 0 0 Pedestrian
-14.050032615661621 4.7400736808776855 -2.009430408477783 0 0 0 0 Pedestrian
16.144927978515625 -7.566693305969238 -1.380247712135315 0 0 0 0 Pedestrian
-26.38968849182129 1.0907257795333862 -1.3424843549728394 0 0 0 0 Pedestrian