4.34023904800415 1.5075454711914062 -1.5099687576293945 0 0 0 0 Pedestrian
-2.2612953186035156 -4.466901779174805 -1.389556646347046 0 0 0 0 Pedestrian
-5.749945163726807 2.734006643295288 -1.746086597442627 0 0 0 0 Pedestrian
2.3616528511047363 4.246781826019287 -1.4309062957763672 0 0 0 0 Pedestrian
-6.728204250335693 4.439883232116699 -2.0978448390960693 0 0 0 0 Pedestrian
-3.8847999572753906 -7.1004815101623535 -1.564936876296997 0 0 0 0 Pedestrian
10.343626976013184 4.027852535247803 -1.4371685981750488 0 0 0 0 Pedestrian
1.5092843770980835 11.672895431518555 -2.022225856781006 0 0 0 0 Pedestrian
9.735337257385254 5.9909281730651855 -2.5886106491088867 0 0 0 0 Pedestrian
-11.573874473571777 4.6014227867126465 -1.9458407163619995 0 0 0 0 Pedestrian
-10.796510696411133 -1.901358962059021 -2.3050448894500732 0 0 0 0 Pedestrian
-14.46874713897705 5.939324378967285 -1.9132663011550903 0 0 0 0 Pedestrian
-14.060799598693848 4.743772506713867 -2.011014699935913 0 0 0 0 Pedestrian
16.136003494262695 -7.579923152923584 -1.3799747228622437 0 0 0 0 Pedestrian
24.029964447021484 -9.238343238830566 -1.0742173194885254 0 0 0 0 Pedestrian