4.190873622894287 1.6385419368743896 -1.5212098360061646 0 0 0 0 Pedestrian
5.562839984893799 3.4124372005462646 -1.6719979047775269 0 0 0 0 Pedestrian
5.173342704772949 -0.8410466313362122 -1.5702567100524902 0 0 0 0 Pedestrian
-5.779932975769043 2.686304807662964 -1.7408218383789062 0 0 0 0 Pedestrian
-2.2611031532287598 -4.364100456237793 -1.5823407173156738 0 0 0 0 Pedestrian
0.9125152826309204 8.917998313903809 -1.9600909948349 0 0 0 0 Pedestrian
10.327322959899902 3.9969305992126465 -1.460972547531128 0 0 0 0 Pedestrian
0.2299131602048874 12.746678352355957 -2.2349629402160645 0 0 0 0 Pedestrian
-11.597753524780273 4.603299617767334 -1.9123057126998901 0 0 0 0 Pedestrian
13.73756217956543 9.160505294799805 -1.5949090719223022 0 0 0 0 Pedestrian
16.165998458862305 -7.589070796966553 -1.3644473552703857 0 0 0 0 Pedestrian
-26.419116973876953 1.1379233598709106 -1.4627243280410767 0 0 0 0 Pedestrian
-18.205184936523438 21.585851669311523 -1.8676820993423462 0 0 0 0 Pedestrian