4.199575901031494 1.6419169902801514 -1.5252081155776978 0 0 0 0 Pedestrian
0.5348822474479675 6.8809404373168945 -1.9187246561050415 0 0 0 0 Pedestrian
-2.3864917755126953 -4.480069160461426 -1.4790667295455933 0 0 0 0 Pedestrian
5.181375026702881 -0.8374949097633362 -1.582486867904663 0 0 0 0 Pedestrian
-5.788700103759766 2.68387770652771 -1.7493385076522827 0 0 0 0 Pedestrian
8.023772239685059 2.5251271724700928 -1.6416484117507935 0 0 0 0 Pedestrian
10.317427635192871 4.010156631469727 -1.4775347709655762 0 0 0 0 Pedestrian
0.22971925139427185 12.74294662475586 -2.276714324951172 0 0 0 0 Pedestrian
9.73983383178711 5.993617534637451 -2.5899555683135986 0 0 0 0 Pedestrian
-11.597973823547363 4.697230815887451 -1.9175604581832886 0 0 0 0 Pedestrian
13.741903305053711 9.180506706237793 -1.583866000175476 0 0 0 0 Pedestrian
16.11366081237793 -7.580685615539551 -1.3891304731369019 0 0 0 0 Pedestrian
17.807388305664062 -7.761340141296387 -1.3867535591125488 0 0 0 0 Pedestrian