4.190479755401611 1.625423789024353 -1.489576816558838 0 0 0 0 Pedestrian
0.8297915458679199 4.452524662017822 -1.4849302768707275 0 0 0 0 Pedestrian
-2.3799495697021484 -4.6963114738464355 -1.4730793237686157 0 0 0 0 Pedestrian
5.179536819458008 -0.837835967540741 -1.5561890602111816 0 0 0 0 Pedestrian
-5.79560661315918 2.7273716926574707 -1.7574806213378906 0 0 0 0 Pedestrian
1.018476128578186 7.4120941162109375 -2.207287073135376 0 0 0 0 Pedestrian
9.70160961151123 -5.998652458190918 -1.3262122869491577 0 0 0 0 Pedestrian
1.621865153312683 12.95267105102539 -2.0234663486480713 0 0 0 0 Pedestrian
10.379304885864258 4.01130485534668 -1.3568679094314575 0 0 0 0 Pedestrian
9.739319801330566 5.9608588218688965 -2.547765016555786 0 0 0 0 Pedestrian
0.00982201099395752 11.294625282287598 -2.3411903381347656 0 0 0 0 Pedestrian
6.364433765411377 9.29034423828125 -1.5251283645629883 0 0 0 0 Pedestrian
-11.583076477050781 4.605717182159424 -1.9478455781936646 0 0 0 0 Pedestrian
-14.488992691040039 5.936351299285889 -1.8727904558181763 0 0 0 0 Pedestrian
13.741168022155762 9.135323524475098 -1.5726537704467773 0 0 0 0 Pedestrian
-14.104076385498047 4.7589497566223145 -2.0163238048553467 0 0 0 0 Pedestrian
16.14726448059082 -7.567741870880127 -1.3805097341537476 0 0 0 0 Pedestrian
-18.07111167907715 6.675563335418701 -1.9770774841308594 0 0 0 0 Pedestrian
-21.702056884765625 9.603063583374023 -2.1099965572357178 0 0 0 0 Pedestrian
-26.449865341186523 1.1852283477783203 -1.4410879611968994 0 0 0 0 Pedestrian