4.197404861450195 1.6491005420684814 -1.517647385597229 0 0 0 0 Pedestrian
5.6777777671813965 3.3426172733306885 -1.5599457025527954 0 0 0 0 Pedestrian
5.1800971031188965 -0.8319349884986877 -1.5527616739273071 0 0 0 0 Pedestrian
-5.801930904388428 2.7057671546936035 -1.7218250036239624 0 0 0 0 Pedestrian
-2.266033887863159 -4.385489463806152 -1.5678755044937134 0 0 0 0 Pedestrian
0.8785402774810791 8.791389465332031 -1.9992904663085938 0 0 0 0 Pedestrian
10.312402725219727 4.041232109069824 -1.4553725719451904 0 0 0 0 Pedestrian
-11.60480785369873 4.605892181396484 -1.9132486581802368 0 0 0 0 Pedestrian
-13.413783073425293 -1.6666942834854126 -1.3892699480056763 0 0 0 0 Pedestrian
13.766156196594238 9.197319030761719 -1.5256123542785645 0 0 0 0 Pedestrian
16.11665916442871 -7.591677188873291 -1.398713231086731 0 0 0 0 Pedestrian