4.21122932434082 1.6512356996536255 -1.5043096542358398 0 0 0 0 Pedestrian
0.6321201920509338 6.56673002243042 -1.9059113264083862 0 0 0 0 Pedestrian
5.181755065917969 -0.8359878063201904 -1.5667792558670044 0 0 0 0 Pedestrian
-2.3551647663116455 -4.450839042663574 -1.4012093544006348 0 0 0 0 Pedestrian
-5.8073015213012695 2.6950831413269043 -1.7341583967208862 0 0 0 0 Pedestrian
8.375921249389648 2.5703375339508057 -1.6800596714019775 0 0 0 0 Pedestrian
2.8222200870513916 10.08432388305664 -2.0633745193481445 0 0 0 0 Pedestrian
9.729098320007324 -6.018621921539307 -1.3148807287216187 0 0 0 0 Pedestrian
10.30482292175293 4.041825771331787 -1.5269242525100708 0 0 0 0 Pedestrian
9.720752716064453 5.982067584991455 -2.584951639175415 0 0 0 0 Pedestrian
-11.589292526245117 4.625182151794434 -1.92375648021698 0 0 0 0 Pedestrian
6.47405481338501 9.46973705291748 -1.471467137336731 0 0 0 0 Pedestrian
16.157541275024414 -7.585061550140381 -1.3919540643692017 0 0 0 0 Pedestrian
17.120006561279297 2.5035643577575684 -2.054412603378296 0 0 0 0 Pedestrian
-26.413040161132812 1.137449860572815 -1.4620640277862549 0 0 0 0 Pedestrian