4.195089817047119 1.6332687139511108 -1.5210262537002563 0 0 0 0 Pedestrian
-2.015787363052368 -4.12888240814209 -1.2539174556732178 0 0 0 0 Pedestrian
3.581317663192749 3.940535068511963 -1.6199777126312256 0 0 0 0 Pedestrian
5.172943592071533 -0.8467520475387573 -1.5678964853286743 0 0 0 0 Pedestrian
-2.969736337661743 -5.369974136352539 -1.6764883995056152 0 0 0 0 Pedestrian
1.4091072082519531 10.569212913513184 -1.956732153892517 0 0 0 0 Pedestrian
9.717813491821289 -6.008538246154785 -1.3285787105560303 0 0 0 0 Pedestrian
10.340415000915527 4.031790256500244 -1.3986893892288208 0 0 0 0 Pedestrian
9.74307918548584 5.966216087341309 -2.580034017562866 0 0 0 0 Pedestrian
0.05470957234501839 11.276352882385254 -2.297780990600586 0 0 0 0 Pedestrian
16.16576385498047 -7.561873912811279 -1.3361917734146118 0 0 0 0 Pedestrian
17.709566116333008 -7.820863246917725 -1.4785188436508179 0 0 0 0 Pedestrian