0.2353096306324005 4.540698051452637 -1.4990075826644897 0 0 0 0 Pedestrian
4.277772426605225 1.5968223810195923 -1.4632577896118164 0 0 0 0 Pedestrian
-2.3693881034851074 -4.774472236633301 -1.4689985513687134 0 0 0 0 Pedestrian
-5.843023777008057 2.716883420944214 -1.7665696144104004 0 0 0 0 Pedestrian
10.332293510437012 4.029976844787598 -1.4130876064300537 0 0 0 0 Pedestrian
1.673779010772705 13.391317367553711 -2.0625078678131104 0 0 0 0 Pedestrian
9.75258731842041 5.966239929199219 -2.5821704864501953 0 0 0 0 Pedestrian
-11.566122055053711 4.6917901039123535 -1.9399080276489258 0 0 0 0 Pedestrian
-10.802587509155273 -1.902672529220581 -2.3066039085388184 0 0 0 0 Pedestrian
16.15432357788086 -7.583709716796875 -1.3921172618865967 0 0 0 0 Pedestrian
-26.389829635620117 1.090700387954712 -1.3425601720809937 0 0 0 0 Pedestrian