4.210456848144531 1.6325457096099854 -1.5166069269180298 0 0 0 0 Pedestrian
4.654901504516602 3.681955099105835 -1.5125364065170288 0 0 0 0 Pedestrian
5.17709493637085 -0.8442622423171997 -1.5701647996902466 0 0 0 0 Pedestrian
-5.791471004486084 2.723440647125244 -1.748181700706482 0 0 0 0 Pedestrian
-2.180344343185425 -4.325978755950928 -1.5808130502700806 0 0 0 0 Pedestrian
1.1709799766540527 9.683595657348633 -1.9270793199539185 0 0 0 0 Pedestrian
9.709531784057617 -6.035149097442627 -1.3258804082870483 0 0 0 0 Pedestrian
10.303703308105469 4.031634330749512 -1.4694325923919678 0 0 0 0 Pedestrian
9.71552848815918 5.979330539703369 -2.5831382274627686 0 0 0 0 Pedestrian
0.230124369263649 12.74742317199707 -2.2349655628204346 0 0 0 0 Pedestrian
0.009498212486505508 11.300262451171875 -2.342419147491455 0 0 0 0 Pedestrian
-11.67263126373291 4.584331512451172 -1.9335949420928955 0 0 0 0 Pedestrian
13.75939655303955 9.192898750305176 -1.52472984790802 0 0 0 0 Pedestrian
16.136756896972656 -7.566954612731934 -1.3670704364776611 0 0 0 0 Pedestrian
-26.442724227905273 1.1391946077346802 -1.298991322517395 0 0 0 0 Pedestrian