4.201203346252441 1.645532250404358 -1.5075794458389282 0 0 0 0 Pedestrian
3.1529629230499268 3.9856607913970947 -1.5654692649841309 0 0 0 0 Pedestrian
5.1754231452941895 -0.8411387205123901 -1.573893427848816 0 0 0 0 Pedestrian
-5.775103569030762 2.725757122039795 -1.7548120021820068 0 0 0 0 Pedestrian
-2.959434986114502 -5.361837863922119 -1.7108125686645508 0 0 0 0 Pedestrian
2.8246874809265137 10.092997550964355 -2.06547474861145 0 0 0 0 Pedestrian
1.432483196258545 10.93841552734375 -2.043717622756958 0 0 0 0 Pedestrian
10.30583667755127 4.043045520782471 -1.4690320491790771 0 0 0 0 Pedestrian
0.24507448077201843 12.747517585754395 -2.2629785537719727 0 0 0 0 Pedestrian
9.750946998596191 5.970600605010986 -2.5820047855377197 0 0 0 0 Pedestrian
-11.699185371398926 4.603463172912598 -1.9465569257736206 0 0 0 0 Pedestrian
0.05445629358291626 11.27002239227295 -2.2962849140167236 0 0 0 0 Pedestrian
16.131837844848633 -7.560425281524658 -1.379037857055664 0 0 0 0 Pedestrian
-26.417015075683594 1.1376938819885254 -1.462417721748352 0 0 0 0 Pedestrian
-18.175960540771484 21.618099212646484 -1.9555755853652954 0 0 0 0 Pedestrian