4.207840442657471 1.6354701519012451 -1.5308102369308472 0 0 0 0 Pedestrian
4.357236862182617 3.6858856678009033 -1.6186577081680298 0 0 0 0 Pedestrian
5.178660869598389 -0.8453598022460938 -1.5811761617660522 0 0 0 0 Pedestrian
-5.796753883361816 2.726264715194702 -1.7377054691314697 0 0 0 0 Pedestrian
1.212850570678711 9.918432235717773 -1.8988502025604248 0 0 0 0 Pedestrian
9.708086967468262 -6.018319606781006 -1.314310908317566 0 0 0 0 Pedestrian
10.317011833190918 4.0579729080200195 -1.4195152521133423 0 0 0 0 Pedestrian
9.734274864196777 5.960352897644043 -2.577920436859131 0 0 0 0 Pedestrian
0.054897259920835495 11.26572036743164 -2.2955574989318848 0 0 0 0 Pedestrian
-11.574246406555176 4.601409435272217 -1.9458140134811401 0 0 0 0 Pedestrian
13.753036499023438 9.137081146240234 -1.5378843545913696 0 0 0 0 Pedestrian
16.150102615356445 -7.5690131187438965 -1.3801683187484741 0 0 0 0 Pedestrian