2.225919485092163 4.132018089294434 -1.4589208364486694 0 0 0 0 Pedestrian
4.319468975067139 1.5716731548309326 -1.4927093982696533 0 0 0 0 Pedestrian
-2.3171615600585938 -4.523818016052246 -1.4244812726974487 0 0 0 0 Pedestrian
5.172579288482666 -0.8345125913619995 -1.5495400428771973 0 0 0 0 Pedestrian
-5.749672889709473 2.7399866580963135 -1.7456939220428467 0 0 0 0 Pedestrian
2.2032856941223145 4.3451457023620605 -1.557389497756958 0 0 0 0 Pedestrian
-3.876422643661499 -7.051279067993164 -1.5812946557998657 0 0 0 0 Pedestrian
1.53152596950531 11.78136157989502 -2.0251338481903076 0 0 0 0 Pedestrian
10.328810691833496 4.034332275390625 -1.4169046878814697 0 0 0 0 Pedestrian
9.741097450256348 5.994516372680664 -2.590043306350708 0 0 0 0 Pedestrian
0.2299659550189972 12.749521255493164 -2.235358953475952 0 0 0 0 Pedestrian
-11.589348793029785 4.564908504486084 -1.9096280336380005 0 0 0 0 Pedestrian
-14.468499183654785 5.927979469299316 -1.8702646493911743 0 0 0 0 Pedestrian
13.736860275268555 9.132370948791504 -1.5721369981765747 0 0 0 0 Pedestrian
-14.117476463317871 4.763368129730225 -2.018913984298706 0 0 0 0 Pedestrian
16.141246795654297 -7.577761650085449 -1.3911279439926147 0 0 0 0 Pedestrian
17.82577133178711 -7.769112586975098 -1.388075590133667 0 0 0 0 Pedestrian