4.202539920806885 1.610853672027588 -1.5300800800323486 0 0 0 0 Pedestrian
4.488004684448242 3.709122896194458 -1.5972564220428467 0 0 0 0 Pedestrian
5.176910400390625 -0.8461392521858215 -1.5805139541625977 0 0 0 0 Pedestrian
-5.792051315307617 2.718207836151123 -1.751761794090271 0 0 0 0 Pedestrian
1.1990488767623901 9.806326866149902 -1.9194475412368774 0 0 0 0 Pedestrian
10.333345413208008 4.055998802185059 -1.4597361087799072 0 0 0 0 Pedestrian
9.723868370056152 5.9842729568481445 -2.585918426513672 0 0 0 0 Pedestrian
-11.596186637878418 4.602248668670654 -1.9120625257492065 0 0 0 0 Pedestrian
13.746901512145996 9.139034271240234 -1.5734776258468628 0 0 0 0 Pedestrian
16.15186309814453 -7.5822882652282715 -1.3916065692901611 0 0 0 0 Pedestrian
-26.412038803100586 1.1374708414077759 -1.46201491355896 0 0 0 0 Pedestrian