4.201185703277588 1.6346126794815063 -1.5179966688156128 0 0 0 0 Pedestrian
6.106903553009033 3.26935076713562 -1.6104410886764526 0 0 0 0 Pedestrian
5.171909332275391 -0.8577709794044495 -1.586021900177002 0 0 0 0 Pedestrian
-5.789026737213135 2.68837571144104 -1.7478744983673096 0 0 0 0 Pedestrian
-6.277963638305664 4.413722515106201 -1.8226386308670044 0 0 0 0 Pedestrian
-5.297688007354736 1.731434941291809 -1.485740303993225 0 0 0 0 Pedestrian
-6.697631359100342 4.429680824279785 -2.1070291996002197 0 0 0 0 Pedestrian
2.821624994277954 10.082198143005371 -2.062948226928711 0 0 0 0 Pedestrian
7.903518199920654 -2.0331897735595703 -1.0155025720596313 0 0 0 0 Pedestrian
10.306032180786133 4.0285820960998535 -1.4474302530288696 0 0 0 0 Pedestrian
9.736265182495117 6.034277439117432 -2.5592405796051025 0 0 0 0 Pedestrian
-11.592196464538574 4.694900989532471 -1.916701078414917 0 0 0 0 Pedestrian
13.753482818603516 9.168743133544922 -1.5582237243652344 0 0 0 0 Pedestrian
16.137434005737305 -7.563230037689209 -1.379592776298523 0 0 0 0 Pedestrian
-26.436416625976562 1.1388167142868042 -1.2985364198684692 0 0 0 0 Pedestrian