4.183425426483154 1.6469597816467285 -1.5229791402816772 0 0 0 0 Pedestrian
1.0758742094039917 5.670019626617432 -1.761879324913025 0 0 0 0 Pedestrian
5.167769432067871 -0.8470485806465149 -1.5791319608688354 0 0 0 0 Pedestrian
-5.797954082489014 2.68052339553833 -1.735823392868042 0 0 0 0 Pedestrian
-2.988906145095825 -5.341342449188232 -1.7160580158233643 0 0 0 0 Pedestrian
-3.8443491458892822 -7.122608184814453 -1.5330092906951904 0 0 0 0 Pedestrian
9.712891578674316 -6.005302906036377 -1.327250599861145 0 0 0 0 Pedestrian
10.323481559753418 4.014336585998535 -1.4390695095062256 0 0 0 0 Pedestrian
9.740455627441406 5.964679718017578 -2.579559803009033 0 0 0 0 Pedestrian
0.21264567971229553 12.742979049682617 -2.247924566268921 0 0 0 0 Pedestrian
0.009615136310458183 11.297779083251953 -2.3418354988098145 0 0 0 0 Pedestrian
-11.591961860656738 4.600972652435303 -1.9115318059921265 0 0 0 0 Pedestrian
-10.836181640625 -1.8922303915023804 -2.2666165828704834 0 0 0 0 Pedestrian
17.087997436523438 2.5861732959747314 -1.9207357168197632 0 0 0 0 Pedestrian
-26.414894104003906 1.1376500129699707 -1.4622902870178223 0 0 0 0 Pedestrian