4.200224876403809 1.630704641342163 -1.5278593301773071 0 0 0 0 Pedestrian
5.169699192047119 3.5654327869415283 -1.7323390245437622 0 0 0 0 Pedestrian
5.169312477111816 -0.8448368310928345 -1.584540843963623 0 0 0 0 Pedestrian
-5.789629936218262 2.7035906314849854 -1.7362350225448608 0 0 0 0 Pedestrian
1.028716802597046 9.230222702026367 -2.00616192817688 0 0 0 0 Pedestrian
9.712356567382812 -6.041234016418457 -1.3107507228851318 0 0 0 0 Pedestrian
10.317152976989746 4.0385661125183105 -1.4198969602584839 0 0 0 0 Pedestrian
9.774463653564453 5.945014953613281 -2.5761563777923584 0 0 0 0 Pedestrian
0.00975095760077238 11.294380187988281 -2.3412866592407227 0 0 0 0 Pedestrian
-11.604034423828125 4.605590343475342 -1.913016676902771 0 0 0 0 Pedestrian
13.734487533569336 9.158455848693848 -1.5945414304733276 0 0 0 0 Pedestrian
16.132999420166016 -7.5784807205200195 -1.3795450925827026 0 0 0 0 Pedestrian
-26.421871185302734 1.1379725933074951 -1.4627386331558228 0 0 0 0 Pedestrian