-1.621556282043457 5.026045322418213 -1.6988611221313477 0 0 0 0 Pedestrian
5.178008079528809 -0.8408569693565369 -1.5623770952224731 0 0 0 0 Pedestrian
10.353545188903809 4.031979560852051 -1.4374314546585083 0 0 0 0 Pedestrian
9.752961158752441 -5.946620464324951 -1.2149702310562134 0 0 0 0 Pedestrian
9.73523998260498 5.99098539352417 -2.588557004928589 0 0 0 0 Pedestrian
0.21255938708782196 12.736757278442383 -2.223951578140259 0 0 0 0 Pedestrian
0.05437154322862625 11.286316871643066 -2.3001556396484375 0 0 0 0 Pedestrian
-11.62854290008545 4.5782976150512695 -1.887519359588623 0 0 0 0 Pedestrian
6.365274429321289 9.214869499206543 -1.446739912033081 0 0 0 0 Pedestrian
12.479941368103027 -6.802213668823242 -1.5743874311447144 0 0 0 0 Pedestrian
13.756062507629395 9.139206886291504 -1.538208246231079 0 0 0 0 Pedestrian
16.130569458007812 -7.598489761352539 -1.400266170501709 0 0 0 0 Pedestrian