-1.3015049695968628 4.9351582527160645 -1.6674243211746216 0 0 0 0 Pedestrian
5.1771416664123535 -0.8408249616622925 -1.5650126934051514 0 0 0 0 Pedestrian
-5.8868794441223145 2.69370436668396 -1.7578989267349243 0 0 0 0 Pedestrian
10.317285537719727 4.047743320465088 -1.4612581729888916 0 0 0 0 Pedestrian
9.786715507507324 -5.9257378578186035 -1.2316290140151978 0 0 0 0 Pedestrian
9.749074935913086 5.9999613761901855 -2.5923895835876465 0 0 0 0 Pedestrian
0.22996078431606293 12.747550010681152 -2.2350096702575684 0 0 0 0 Pedestrian
6.332751274108887 9.304275512695312 -1.488525390625 0 0 0 0 Pedestrian
-11.612075805664062 4.608891010284424 -1.91472589969635 0 0 0 0 Pedestrian
13.771793365478516 9.174663543701172 -1.5137145519256592 0 0 0 0 Pedestrian
12.528453826904297 -6.784981727600098 -1.5393962860107422 0 0 0 0 Pedestrian
16.14008140563965 -7.564319133758545 -1.3796504735946655 0 0 0 0 Pedestrian
-26.3928165435791 1.1366655826568604 -1.3780889511108398 0 0 0 0 Pedestrian