4.19309663772583 1.6432803869247437 -1.520469069480896 0 0 0 0 Pedestrian
5.181987762451172 -0.8284024000167847 -1.5611211061477661 0 0 0 0 Pedestrian
-5.815999507904053 2.7053489685058594 -1.7320468425750732 0 0 0 0 Pedestrian
-2.359780788421631 -4.352898597717285 -1.4804913997650146 0 0 0 0 Pedestrian
6.865260124206543 2.9305026531219482 -1.3017570972442627 0 0 0 0 Pedestrian
-8.35440731048584 -2.7020745277404785 -1.1883865594863892 0 0 0 0 Pedestrian
-7.970091819763184 2.0541117191314697 -2.2978756427764893 0 0 0 0 Pedestrian
10.367015838623047 4.002082824707031 -1.4180511236190796 0 0 0 0 Pedestrian
9.744394302368164 5.966781139373779 -2.580251455307007 0 0 0 0 Pedestrian
0.20710256695747375 12.74311637878418 -2.2025225162506104 0 0 0 0 Pedestrian
-11.643303871154785 4.583802700042725 -1.8895111083984375 0 0 0 0 Pedestrian
16.158292770385742 -7.5854811668396 -1.3921711444854736 0 0 0 0 Pedestrian
-26.419509887695312 1.1378940343856812 -1.4625062942504883 0 0 0 0 Pedestrian