-1.9261903762817383 5.0207743644714355 -1.7082281112670898 0 0 0 0 Pedestrian
5.174503803253174 -0.8477393984794617 -1.575426697731018 0 0 0 0 Pedestrian
-5.867627143859863 2.6965208053588867 -1.7622630596160889 0 0 0 0 Pedestrian
-7.991064071655273 2.0536558628082275 -2.3237619400024414 0 0 0 0 Pedestrian
10.301905632019043 4.041553974151611 -1.4340473413467407 0 0 0 0 Pedestrian
9.754501342773438 -5.954158306121826 -1.2122657299041748 0 0 0 0 Pedestrian
9.718194961547852 5.980900287628174 -2.584289073944092 0 0 0 0 Pedestrian
0.05452672764658928 11.277639389038086 -2.298340320587158 0 0 0 0 Pedestrian
-11.599162101745605 4.6034626960754395 -1.9127548933029175 0 0 0 0 Pedestrian
1.968375325202942 15.081735610961914 -2.088454484939575 0 0 0 0 Pedestrian
12.550365447998047 -6.79667854309082 -1.5422067642211914 0 0 0 0 Pedestrian
13.762343406677246 9.212381362915039 -1.475372552871704 0 0 0 0 Pedestrian
16.14569664001465 -7.605786323547363 -1.4018479585647583 0 0 0 0 Pedestrian
-26.3834171295166 1.0905171632766724 -1.3421125411987305 0 0 0 0 Pedestrian