4.179646015167236 1.6378415822982788 -1.5118768215179443 0 0 0 0 Pedestrian
0.9018703699111938 5.95829963684082 -1.7530182600021362 0 0 0 0 Pedestrian
-5.796673774719238 2.7084810733795166 -1.7365307807922363 0 0 0 0 Pedestrian
-2.320211410522461 -4.891913890838623 -1.234380841255188 0 0 0 0 Pedestrian
-2.9420969486236572 -5.199251651763916 -1.6523123979568481 0 0 0 0 Pedestrian
10.338912963867188 4.000822067260742 -1.475884199142456 0 0 0 0 Pedestrian
9.76684284210205 5.975028991699219 -2.5858006477355957 0 0 0 0 Pedestrian
-11.616018295288086 4.655661582946777 -1.8901511430740356 0 0 0 0 Pedestrian
0.05468728020787239 11.270428657531738 -2.2968356609344482 0 0 0 0 Pedestrian
-10.816450119018555 -1.904746413230896 -2.308948040008545 0 0 0 0 Pedestrian
17.124887466430664 2.591373920440674 -1.9256378412246704 0 0 0 0 Pedestrian
-26.42426109313965 1.1378587484359741 -1.4626896381378174 0 0 0 0 Pedestrian