4.251720905303955 1.5981264114379883 -1.5017873048782349 0 0 0 0 Pedestrian
2.877373456954956 4.0118937492370605 -1.5236939191818237 0 0 0 0 Pedestrian
5.175539493560791 -0.8422519564628601 -1.5691814422607422 0 0 0 0 Pedestrian
-2.1294939517974854 -4.407735347747803 -1.5070306062698364 0 0 0 0 Pedestrian
9.6951265335083 -5.9945220947265625 -1.3252406120300293 0 0 0 0 Pedestrian
1.4453636407852173 11.170414924621582 -2.0948593616485596 0 0 0 0 Pedestrian
10.318324089050293 4.034640789031982 -1.4600210189819336 0 0 0 0 Pedestrian
9.728175163269043 5.957337856292725 -2.5764708518981934 0 0 0 0 Pedestrian
-0.0055852653458714485 11.295577049255371 -2.2599191665649414 0 0 0 0 Pedestrian
-11.581576347351074 4.605072498321533 -1.9475135803222656 0 0 0 0 Pedestrian
-14.48095703125 5.909887790679932 -1.861400842666626 0 0 0 0 Pedestrian
-15.33161735534668 5.534670829772949 -1.8951064348220825 0 0 0 0 Pedestrian
-14.077994346618652 4.749739646911621 -2.013230323791504 0 0 0 0 Pedestrian
16.143138885498047 -7.604310035705566 -1.4010924100875854 0 0 0 0 Pedestrian
-26.41193389892578 1.137420654296875 -1.4617568254470825 0 0 0 0 Pedestrian