4.22097110748291 1.629697322845459 -1.5074247121810913 0 0 0 0 Pedestrian
-2.082848310470581 -3.986370801925659 -1.2644822597503662 0 0 0 0 Pedestrian
5.434332847595215 3.460844039916992 -1.72365140914917 0 0 0 0 Pedestrian
5.171286582946777 -0.8385764956474304 -1.572448492050171 0 0 0 0 Pedestrian
-5.786710739135742 2.6972243785858154 -1.736519455909729 0 0 0 0 Pedestrian
0.9391612410545349 9.035871505737305 -1.976506233215332 0 0 0 0 Pedestrian
7.172970771789551 -5.776688575744629 -1.1200799942016602 0 0 0 0 Pedestrian
10.319579124450684 4.01303243637085 -1.4783915281295776 0 0 0 0 Pedestrian
0.22971533238887787 12.741594314575195 -2.276315450668335 0 0 0 0 Pedestrian
-11.606806755065918 4.700995445251465 -1.9190595149993896 0 0 0 0 Pedestrian
9.837869644165039 5.814267635345459 -2.4785425662994385 0 0 0 0 Pedestrian
13.757171630859375 9.191300392150879 -1.5244685411453247 0 0 0 0 Pedestrian
16.14845848083496 -7.581051349639893 -1.3915530443191528 0 0 0 0 Pedestrian