1.2469128370285034 4.401893615722656 -1.4303568601608276 0 0 0 0 Pedestrian
4.176069259643555 1.6475350856781006 -1.483026146888733 0 0 0 0 Pedestrian
-2.393112897872925 -4.658736228942871 -1.4865154027938843 0 0 0 0 Pedestrian
5.169240951538086 -0.851552426815033 -1.5788949728012085 0 0 0 0 Pedestrian
-5.763687610626221 2.7308056354522705 -1.7525908946990967 0 0 0 0 Pedestrian
1.562951683998108 12.583441734313965 -2.0666861534118652 0 0 0 0 Pedestrian
10.313319206237793 4.027560710906982 -1.4501917362213135 0 0 0 0 Pedestrian
9.729058265686035 5.987408638000488 -2.586897611618042 0 0 0 0 Pedestrian
-11.702315330505371 4.618351459503174 -1.928551435470581 0 0 0 0 Pedestrian
6.417917728424072 9.213648796081543 -1.481332778930664 0 0 0 0 Pedestrian
-13.246720314025879 -1.737772822380066 -1.3428794145584106 0 0 0 0 Pedestrian
-14.489706039428711 5.936641216278076 -1.872967004776001 0 0 0 0 Pedestrian
13.757617950439453 9.206917762756348 -1.5140190124511719 0 0 0 0 Pedestrian
-14.07858943939209 4.750209331512451 -2.012911558151245 0 0 0 0 Pedestrian
16.121667861938477 -7.58405876159668 -1.3892948627471924 0 0 0 0 Pedestrian
-26.391109466552734 1.0907710790634155 -1.3426992893218994 0 0 0 0 Pedestrian