4.211914539337158 1.6476342678070068 -1.4984683990478516 0 0 0 0 Pedestrian
5.828932762145996 3.3440635204315186 -1.4984750747680664 0 0 0 0 Pedestrian
5.173602104187012 -0.8465265035629272 -1.562165379524231 0 0 0 0 Pedestrian
-5.778499603271484 2.6893532276153564 -1.7450006008148193 0 0 0 0 Pedestrian
0.857501208782196 8.66899585723877 -1.9956800937652588 0 0 0 0 Pedestrian
9.718708038330078 -6.03615665435791 -1.31788170337677 0 0 0 0 Pedestrian
10.342890739440918 4.0320892333984375 -1.4003305435180664 0 0 0 0 Pedestrian
0.009768594987690449 11.299747467041016 -2.3421573638916016 0 0 0 0 Pedestrian
-11.587512016296387 4.624072551727295 -1.9232006072998047 0 0 0 0 Pedestrian
13.780818939208984 9.207334518432617 -1.5262515544891357 0 0 0 0 Pedestrian
16.139432907104492 -7.576521873474121 -1.3906521797180176 0 0 0 0 Pedestrian