1.5124753713607788 4.291857719421387 -1.4596891403198242 0 0 0 0 Pedestrian
4.050633907318115 1.764048457145691 -1.5500175952911377 0 0 0 0 Pedestrian
-2.3867013454437256 -4.646590709686279 -1.476942777633667 0 0 0 0 Pedestrian
5.173298358917236 -0.842797040939331 -1.5774598121643066 0 0 0 0 Pedestrian
-5.748072624206543 2.7296106815338135 -1.7536768913269043 0 0 0 0 Pedestrian
1.5384501218795776 12.350719451904297 -2.0578665733337402 0 0 0 0 Pedestrian
10.29995059967041 4.051182270050049 -1.4168405532836914 0 0 0 0 Pedestrian
9.73486328125 5.960934162139893 -2.5782482624053955 0 0 0 0 Pedestrian
0.009948339313268661 11.294981002807617 -2.341123342514038 0 0 0 0 Pedestrian
-11.607731819152832 4.571975231170654 -1.9121894836425781 0 0 0 0 Pedestrian
-14.47856616973877 5.932032108306885 -1.8715460300445557 0 0 0 0 Pedestrian
13.770405769348145 9.17381477355957 -1.5131497383117676 0 0 0 0 Pedestrian
-14.051148414611816 4.740547180175781 -2.0091841220855713 0 0 0 0 Pedestrian
16.185930252075195 -7.598629474639893 -1.3949207067489624 0 0 0 0 Pedestrian
-26.41353416442871 1.1375949382781982 -1.4620420932769775 0 0 0 0 Pedestrian