4.211406707763672 1.646864652633667 -1.522538185119629 0 0 0 0 Pedestrian
5.163797855377197 -0.8429307341575623 -1.568996548652649 0 0 0 0 Pedestrian
6.461153030395508 3.139997720718384 -1.6544491052627563 0 0 0 0 Pedestrian
0.6781971454620361 8.156767845153809 -1.9814577102661133 0 0 0 0 Pedestrian
9.724090576171875 -6.012583255767822 -1.328782558441162 0 0 0 0 Pedestrian
10.35296630859375 4.000294208526611 -1.4285705089569092 0 0 0 0 Pedestrian
9.73849868774414 5.993298530578613 -2.5893445014953613 0 0 0 0 Pedestrian
0.19264404475688934 12.732064247131348 -2.237191677093506 0 0 0 0 Pedestrian
-11.588958740234375 4.59950590133667 -1.9106806516647339 0 0 0 0 Pedestrian
13.740645408630371 9.162544250488281 -1.5952701568603516 0 0 0 0 Pedestrian
16.122669219970703 -7.584784030914307 -1.389951229095459 0 0 0 0 Pedestrian
-26.418004989624023 1.137871265411377 -1.4625314474105835 0 0 0 0 Pedestrian