0.6863037943840027 4.471785068511963 -1.4785852432250977 0 0 0 0 Pedestrian
4.184887886047363 1.6161218881607056 -1.510882019996643 0 0 0 0 Pedestrian
5.173187255859375 -0.8471848964691162 -1.572095513343811 0 0 0 0 Pedestrian
2.8228323459625244 10.086833953857422 -2.063868284225464 0 0 0 0 Pedestrian
10.333281517028809 4.025397777557373 -1.4612730741500854 0 0 0 0 Pedestrian
1.6321380138397217 13.062171936035156 -2.0117733478546143 0 0 0 0 Pedestrian
9.739282608032227 5.993483543395996 -2.5896265506744385 0 0 0 0 Pedestrian
0.00966113805770874 11.290942192077637 -2.3403666019439697 0 0 0 0 Pedestrian
-11.624409675598145 4.578481197357178 -1.9150714874267578 0 0 0 0 Pedestrian
13.755664825439453 9.205639839172363 -1.5139261484146118 0 0 0 0 Pedestrian
-14.089603424072266 4.753459453582764 -2.0151140689849854 0 0 0 0 Pedestrian
16.10991096496582 -7.578705787658691 -1.3885924816131592 0 0 0 0 Pedestrian