4.210127353668213 1.6483745574951172 -1.4842875003814697 0 0 0 0 Pedestrian
5.182269096374512 -0.841438889503479 -1.5664390325546265 0 0 0 0 Pedestrian
-5.796637058258057 2.6750147342681885 -1.739767074584961 0 0 0 0 Pedestrian
1.0288468599319458 7.435393810272217 -2.383286237716675 0 0 0 0 Pedestrian
-3.787766933441162 -7.108347415924072 -1.5647655725479126 0 0 0 0 Pedestrian
10.189098358154297 1.9943233728408813 -1.2457160949707031 0 0 0 0 Pedestrian
10.307612419128418 4.0375800132751465 -1.4985244274139404 0 0 0 0 Pedestrian
9.751855850219727 5.996537685394287 -2.5630180835723877 0 0 0 0 Pedestrian
-11.622345924377441 4.575842380523682 -1.8864922523498535 0 0 0 0 Pedestrian
6.365158557891846 9.31041145324707 -1.4469634294509888 0 0 0 0 Pedestrian
-10.810046195983887 -1.903746247291565 -2.307708263397217 0 0 0 0 Pedestrian
16.16547393798828 -7.5884528160095215 -1.364446997642517 0 0 0 0 Pedestrian
17.0952205657959 2.5871245861053467 -1.9215373992919922 0 0 0 0 Pedestrian
17.818796157836914 -7.766182899475098 -1.387317180633545 0 0 0 0 Pedestrian