4.213545799255371 1.627315640449524 -1.4988980293273926 0 0 0 0 Pedestrian
2.7479357719421387 4.06360387802124 -1.5464906692504883 0 0 0 0 Pedestrian
5.180674076080322 -0.8419700264930725 -1.57528817653656 0 0 0 0 Pedestrian
-2.166856050491333 -4.396007061004639 -1.479145884513855 0 0 0 0 Pedestrian
-5.7699079513549805 2.752415180206299 -1.740811824798584 0 0 0 0 Pedestrian
1.4567550420761108 11.288484573364258 -2.1000709533691406 0 0 0 0 Pedestrian
10.33289909362793 4.026422500610352 -1.4800944328308105 0 0 0 0 Pedestrian
9.740716934204102 5.994218349456787 -2.5900638103485107 0 0 0 0 Pedestrian
-11.584099769592285 4.562541961669922 -1.9085391759872437 0 0 0 0 Pedestrian
-14.481315612792969 5.922031402587891 -1.9025059938430786 0 0 0 0 Pedestrian
-15.41041088104248 5.579199314117432 -1.8567819595336914 0 0 0 0 Pedestrian
13.750633239746094 9.135584831237793 -1.5374486446380615 0 0 0 0 Pedestrian
-14.079424858093262 4.750044345855713 -2.0136826038360596 0 0 0 0 Pedestrian
16.129310607910156 -7.597815990447998 -1.4000343084335327 0 0 0 0 Pedestrian