4.218620300292969 1.6243354082107544 -1.515342354774475 0 0 0 0 Pedestrian
0.9481719732284546 5.859907627105713 -1.7688308954238892 0 0 0 0 Pedestrian
5.163445472717285 -0.8448686599731445 -1.5719696283340454 0 0 0 0 Pedestrian
-5.790402889251709 2.690133810043335 -1.7463687658309937 0 0 0 0 Pedestrian
-2.9168152809143066 -5.172137260437012 -1.7507187128067017 0 0 0 0 Pedestrian
-3.8390862941741943 -7.085957050323486 -1.5489691495895386 0 0 0 0 Pedestrian
10.302179336547852 4.0436859130859375 -1.4393389225006104 0 0 0 0 Pedestrian
9.730600357055664 5.958958148956299 -2.5775184631347656 0 0 0 0 Pedestrian
-0.00548935541883111 11.29844856262207 -2.2321622371673584 0 0 0 0 Pedestrian
-11.596763610839844 4.602764129638672 -1.9120635986328125 0 0 0 0 Pedestrian
17.079355239868164 2.584749937057495 -1.9195384979248047 0 0 0 0 Pedestrian