4.191218852996826 1.6581984758377075 -1.478429913520813 0 0 0 0 Pedestrian
1.0836293697357178 4.423989772796631 -1.404831886291504 0 0 0 0 Pedestrian
-2.384772777557373 -4.657413482666016 -1.4863662719726562 0 0 0 0 Pedestrian
-5.7686767578125 2.7334537506103516 -1.7539433240890503 0 0 0 0 Pedestrian
1.2044486999511719 7.388482570648193 -2.3935017585754395 0 0 0 0 Pedestrian
9.711134910583496 -6.003393173217773 -1.2982699871063232 0 0 0 0 Pedestrian
10.301764488220215 4.057892322540283 -1.428289532661438 0 0 0 0 Pedestrian
1.5603300333023071 12.700606346130371 -2.0155203342437744 0 0 0 0 Pedestrian
9.741291999816895 5.989922523498535 -2.5600743293762207 0 0 0 0 Pedestrian
6.398013114929199 9.262584686279297 -1.4552698135375977 0 0 0 0 Pedestrian
-11.58544921875 4.71626615524292 -1.9542585611343384 0 0 0 0 Pedestrian
13.75717830657959 9.206574440002441 -1.5140126943588257 0 0 0 0 Pedestrian
-14.1068115234375 4.759457111358643 -2.018355131149292 0 0 0 0 Pedestrian
16.14447593688965 -7.566622734069824 -1.3803701400756836 0 0 0 0 Pedestrian
-21.5656681060791 9.532293319702148 -2.227123498916626 0 0 0 0 Pedestrian
-26.4512939453125 1.1852760314941406 -1.4411615133285522 0 0 0 0 Pedestrian