4.204648017883301 1.6241947412490845 -1.5300829410552979 0 0 0 0 Pedestrian
5.3060526847839355 3.5227057933807373 -1.746989369392395 0 0 0 0 Pedestrian
-5.780282497406006 2.694201707839966 -1.740599513053894 0 0 0 0 Pedestrian
0.9872417449951172 9.139230728149414 -2.008657217025757 0 0 0 0 Pedestrian
2.8193812370300293 10.07429313659668 -2.061344623565674 0 0 0 0 Pedestrian
9.709338188171387 -6.026251316070557 -1.3316030502319336 0 0 0 0 Pedestrian
10.342190742492676 4.024240970611572 -1.4305784702301025 0 0 0 0 Pedestrian
0.23001126945018768 12.748932838439941 -2.2352449893951416 0 0 0 0 Pedestrian
9.810413360595703 5.870254039764404 -2.5405540466308594 0 0 0 0 Pedestrian
0.05450829118490219 11.269275665283203 -2.296196222305298 0 0 0 0 Pedestrian
-11.596503257751465 4.60299015045166 -1.9121428728103638 0 0 0 0 Pedestrian
-10.844733238220215 -1.8937526941299438 -2.2682363986968994 0 0 0 0 Pedestrian
13.736842155456543 9.16004467010498 -1.5948524475097656 0 0 0 0 Pedestrian
16.1512451171875 -7.608404636383057 -1.4019571542739868 0 0 0 0 Pedestrian
-26.395099639892578 1.1366420984268188 -1.4608941078186035 0 0 0 0 Pedestrian