4.200957298278809 1.6488354206085205 -1.5221084356307983 0 0 0 0 Pedestrian
4.796027183532715 3.660973310470581 -1.5766414403915405 0 0 0 0 Pedestrian
5.183477878570557 -0.8447192311286926 -1.5729687213897705 0 0 0 0 Pedestrian
-5.800751686096191 2.718559503555298 -1.7422447204589844 0 0 0 0 Pedestrian
1.1343994140625 9.573244094848633 -1.8878270387649536 0 0 0 0 Pedestrian
-7.987030029296875 2.0585451126098633 -2.302922248840332 0 0 0 0 Pedestrian
10.307294845581055 4.04527473449707 -1.4542938470840454 0 0 0 0 Pedestrian
0.24493293464183807 12.748967170715332 -2.2634053230285645 0 0 0 0 Pedestrian
9.738541603088379 5.992724895477295 -2.5893208980560303 0 0 0 0 Pedestrian
-11.600916862487793 4.680857181549072 -1.9024882316589355 0 0 0 0 Pedestrian
-10.808012008666992 -1.9026683568954468 -2.306432008743286 0 0 0 0 Pedestrian
13.732583045959473 9.157242774963379 -1.5941311120986938 0 0 0 0 Pedestrian
16.130218505859375 -7.598355293273926 -1.4002031087875366 0 0 0 0 Pedestrian
-26.450719833374023 1.1852973699569702 -1.4411334991455078 0 0 0 0 Pedestrian