4.196038246154785 1.6424976587295532 -1.5209406614303589 0 0 0 0 Pedestrian
5.167322635650635 -0.846801221370697 -1.5829042196273804 0 0 0 0 Pedestrian
-5.824024200439453 2.7011029720306396 -1.7290349006652832 0 0 0 0 Pedestrian
6.59144401550293 3.1045496463775635 -1.6296260356903076 0 0 0 0 Pedestrian
-8.296740531921387 -2.6832358837127686 -1.1538176536560059 0 0 0 0 Pedestrian
9.7227144241333 -6.0116705894470215 -1.328336238861084 0 0 0 0 Pedestrian
10.317925453186035 4.026421070098877 -1.4991390705108643 0 0 0 0 Pedestrian
9.746515274047852 5.968300819396973 -2.58103609085083 0 0 0 0 Pedestrian
0.054775431752204895 11.276468276977539 -2.29783296585083 0 0 0 0 Pedestrian
-11.609400749206543 4.570882320404053 -1.8845336437225342 0 0 0 0 Pedestrian
13.772759437561035 9.201919555664062 -1.5253970623016357 0 0 0 0 Pedestrian
16.176435470581055 -7.594151020050049 -1.3940300941467285 0 0 0 0 Pedestrian
-24.20952033996582 6.584641456604004 -1.7221943140029907 0 0 0 0 Pedestrian