4.223771572113037 1.6125810146331787 -1.5222291946411133 0 0 0 0 Pedestrian
0.5641664266586304 6.775313854217529 -1.924733281135559 0 0 0 0 Pedestrian
-2.37905216217041 -4.464285373687744 -1.503000259399414 0 0 0 0 Pedestrian
5.167470455169678 -0.8557519316673279 -1.587272047996521 0 0 0 0 Pedestrian
-5.785635471343994 2.679840326309204 -1.7493845224380493 0 0 0 0 Pedestrian
8.153556823730469 2.5066323280334473 -1.6395434141159058 0 0 0 0 Pedestrian
9.721988677978516 -6.011201858520508 -1.3284991979599 0 0 0 0 Pedestrian
10.311165809631348 4.049583435058594 -1.4085774421691895 0 0 0 0 Pedestrian
0.23005583882331848 12.75265884399414 -2.2359719276428223 0 0 0 0 Pedestrian
9.736700057983398 5.992041110992432 -2.5894148349761963 0 0 0 0 Pedestrian
-11.611534118652344 4.633939743041992 -1.9270164966583252 0 0 0 0 Pedestrian
0.05476417392492294 11.273256301879883 -2.297353506088257 0 0 0 0 Pedestrian
13.74035930633545 9.179634094238281 -1.5834503173828125 0 0 0 0 Pedestrian
16.157426834106445 -7.585099220275879 -1.3922524452209473 0 0 0 0 Pedestrian
-26.44798469543457 1.185280203819275 -1.4413483142852783 0 0 0 0 Pedestrian