4.204645156860352 1.6411809921264648 -1.51887845993042 0 0 0 0 Pedestrian
0.7309714555740356 6.347900390625 -1.8374919891357422 0 0 0 0 Pedestrian
5.178412437438965 -0.8346871733665466 -1.5587706565856934 0 0 0 0 Pedestrian
-5.810156345367432 2.6886494159698486 -1.7294355630874634 0 0 0 0 Pedestrian
2.8262619972229004 10.098541259765625 -2.0665810108184814 0 0 0 0 Pedestrian
9.726943969726562 -6.017366886138916 -1.3149807453155518 0 0 0 0 Pedestrian
10.306925773620605 4.044891357421875 -1.5091712474822998 0 0 0 0 Pedestrian
9.732819557189941 5.989342212677002 -2.587890863418579 0 0 0 0 Pedestrian
0.009795705787837505 11.293349266052246 -2.3407657146453857 0 0 0 0 Pedestrian
-11.605209350585938 4.631359100341797 -1.9261813163757324 0 0 0 0 Pedestrian
6.495528697967529 9.50104808807373 -1.476357102394104 0 0 0 0 Pedestrian
-13.613755226135254 5.967164039611816 -1.7311850786209106 0 0 0 0 Pedestrian
17.126386642456055 2.5543432235717773 -1.9577332735061646 0 0 0 0 Pedestrian