4.208920955657959 1.6611570119857788 -1.5269646644592285 0 0 0 0 Pedestrian
4.935325622558594 3.6142072677612305 -1.6413366794586182 0 0 0 0 Pedestrian
5.164294242858887 -0.8458377718925476 -1.5744322538375854 0 0 0 0 Pedestrian
-5.796265602111816 2.7114460468292236 -1.7443197965621948 0 0 0 0 Pedestrian
1.1148061752319336 9.465943336486816 -1.954413890838623 0 0 0 0 Pedestrian
10.317779541015625 4.011653900146484 -1.4757963418960571 0 0 0 0 Pedestrian
9.75856876373291 5.975512981414795 -2.5843441486358643 0 0 0 0 Pedestrian
-0.03642952814698219 11.308287620544434 -2.272928476333618 0 0 0 0 Pedestrian
-11.609299659729004 4.608129978179932 -1.9145194292068481 0 0 0 0 Pedestrian
-10.801247596740723 -1.9024295806884766 -2.306279182434082 0 0 0 0 Pedestrian
13.733182907104492 9.15758991241455 -1.5944244861602783 0 0 0 0 Pedestrian
16.125568389892578 -7.596105098724365 -1.3997395038604736 0 0 0 0 Pedestrian
-21.371017456054688 1.5325422286987305 -1.4059728384017944 0 0 0 0 Pedestrian
-26.428266525268555 1.1385313272476196 -1.2981175184249878 0 0 0 0 Pedestrian