4.195064067840576 1.646225094795227 -1.5026084184646606 0 0 0 0 Pedestrian
4.250166893005371 3.739187240600586 -1.65281081199646 0 0 0 0 Pedestrian
-5.793442249298096 2.7271718978881836 -1.7437728643417358 0 0 0 0 Pedestrian
5.172661781311035 -0.8381602168083191 -1.5558499097824097 0 0 0 0 Pedestrian
1.2293040752410889 10.033902168273926 -1.9107820987701416 0 0 0 0 Pedestrian
10.304720878601074 4.0371222496032715 -1.458606481552124 0 0 0 0 Pedestrian
0.2297976166009903 12.74315071105957 -2.234259605407715 0 0 0 0 Pedestrian
9.751714706420898 5.97146463394165 -2.5829708576202393 0 0 0 0 Pedestrian
-11.578413009643555 4.595337390899658 -1.909235954284668 0 0 0 0 Pedestrian
13.782236099243164 9.265800476074219 -1.4269232749938965 0 0 0 0 Pedestrian
16.137826919555664 -7.601994037628174 -1.4006438255310059 0 0 0 0 Pedestrian
-26.385517120361328 1.172329068183899 -1.4785857200622559 0 0 0 0 Pedestrian