4.18780517578125 1.65169095993042 -1.5164296627044678 0 0 0 0 Pedestrian
1.5588700771331787 5.231404781341553 -1.6211233139038086 0 0 0 0 Pedestrian
5.1780524253845215 -0.8379042744636536 -1.5722227096557617 0 0 0 0 Pedestrian
-5.799753189086914 2.6765472888946533 -1.7406450510025024 0 0 0 0 Pedestrian
-3.8163912296295166 -7.117811679840088 -1.5546399354934692 0 0 0 0 Pedestrian
10.103843688964844 2.0836572647094727 -1.2695828676223755 0 0 0 0 Pedestrian
10.313288688659668 4.058724403381348 -1.4795740842819214 0 0 0 0 Pedestrian
9.747730255126953 5.994230270385742 -2.561508893966675 0 0 0 0 Pedestrian
0.24488314986228943 12.745073318481445 -2.2624731063842773 0 0 0 0 Pedestrian
0.009649183601140976 11.291560173034668 -2.340665102005005 0 0 0 0 Pedestrian
6.36831521987915 9.314969062805176 -1.4475247859954834 0 0 0 0 Pedestrian
-11.628622055053711 4.638031482696533 -1.87403404712677 0 0 0 0 Pedestrian
16.137849807739258 -7.5752644538879395 -1.3617571592330933 0 0 0 0 Pedestrian
17.099184036254883 2.5876808166503906 -1.9224852323532104 0 0 0 0 Pedestrian