4.201600074768066 1.6533770561218262 -1.5253902673721313 0 0 0 0 Pedestrian
1.2230191230773926 5.501457214355469 -1.6818844079971313 0 0 0 0 Pedestrian
5.180655479431152 -0.8329883217811584 -1.5688083171844482 0 0 0 0 Pedestrian
-5.794234752655029 2.6851072311401367 -1.7332433462142944 0 0 0 0 Pedestrian
-2.1251728534698486 -4.4231085777282715 -1.548081874847412 0 0 0 0 Pedestrian
-3.810300827026367 -7.121394157409668 -1.5217514038085938 0 0 0 0 Pedestrian
8.617706298828125 -5.829568386077881 -1.221842646598816 0 0 0 0 Pedestrian
9.727062225341797 -6.017331600189209 -1.3150140047073364 0 0 0 0 Pedestrian
10.306902885437012 4.039718151092529 -1.4886534214019775 0 0 0 0 Pedestrian
9.762736320495605 5.937404632568359 -2.5397984981536865 0 0 0 0 Pedestrian
0.009516417980194092 11.298750877380371 -2.342039108276367 0 0 0 0 Pedestrian
-11.600189208984375 4.603975772857666 -1.9128538370132446 0 0 0 0 Pedestrian
17.079484939575195 2.5848939418792725 -1.919747233390808 0 0 0 0 Pedestrian
-26.449169158935547 1.1851798295974731 -1.440902829170227 0 0 0 0 Pedestrian