-1.4680277109146118 4.97872257232666 -1.6793142557144165 0 0 0 0 Pedestrian
5.1760053634643555 -0.840685248374939 -1.5682727098464966 0 0 0 0 Pedestrian
10.323334693908691 4.057589054107666 -1.4993631839752197 0 0 0 0 Pedestrian
9.755375862121582 -5.948169708251953 -1.2151498794555664 0 0 0 0 Pedestrian
9.736061096191406 5.986800670623779 -2.5586912631988525 0 0 0 0 Pedestrian
0.2301010638475418 12.751436233520508 -2.2356009483337402 0 0 0 0 Pedestrian
6.329785346984863 9.253990173339844 -1.4824647903442383 0 0 0 0 Pedestrian
-11.641622543334961 4.642887115478516 -1.8758761882781982 0 0 0 0 Pedestrian
1.8876416683197021 14.736778259277344 -2.0824174880981445 0 0 0 0 Pedestrian
12.550257682800293 -6.79665470123291 -1.5421652793884277 0 0 0 0 Pedestrian
13.778675079345703 9.176424980163574 -1.4750020503997803 0 0 0 0 Pedestrian
16.132253646850586 -7.599297523498535 -1.4004137516021729 0 0 0 0 Pedestrian
17.80544090270996 -7.760339260101318 -1.3864850997924805 0 0 0 0 Pedestrian
-26.424943923950195 1.138290286064148 -1.297950029373169 0 0 0 0 Pedestrian