4.200008392333984 1.6456258296966553 -1.5237665176391602 0 0 0 0 Pedestrian
4.11934232711792 3.7785468101501465 -1.6723053455352783 0 0 0 0 Pedestrian
5.179489612579346 -0.8392680883407593 -1.5687912702560425 0 0 0 0 Pedestrian
-2.1962809562683105 -4.291378021240234 -1.7333842515945435 0 0 0 0 Pedestrian
1.2490911483764648 10.1318941116333 -1.9552496671676636 0 0 0 0 Pedestrian
10.307005882263184 4.059372425079346 -1.4418739080429077 0 0 0 0 Pedestrian
9.718552589416504 5.980923175811768 -2.5843875408172607 0 0 0 0 Pedestrian
0.0541665256023407 11.278579711914062 -2.2987060546875 0 0 0 0 Pedestrian
-11.55561351776123 4.687251091003418 -1.9380311965942383 0 0 0 0 Pedestrian
-10.838844299316406 -1.908529281616211 -2.31363582611084 0 0 0 0 Pedestrian
13.770803451538086 9.200523376464844 -1.5256048440933228 0 0 0 0 Pedestrian
16.144725799560547 -7.566371440887451 -1.3797938823699951 0 0 0 0 Pedestrian
-26.453428268432617 1.1854478120803833 -1.4412435293197632 0 0 0 0 Pedestrian