1.3563132286071777 4.327871799468994 -1.4854753017425537 0 0 0 0 Pedestrian
4.06815767288208 1.7290520668029785 -1.520373821258545 0 0 0 0 Pedestrian
-2.3925700187683105 -4.6545939445495605 -1.4756219387054443 0 0 0 0 Pedestrian
-5.7503228187561035 2.718820333480835 -1.7516950368881226 0 0 0 0 Pedestrian
9.697515487670898 -5.994778156280518 -1.2963370084762573 0 0 0 0 Pedestrian
10.303081512451172 4.049152374267578 -1.4731308221817017 0 0 0 0 Pedestrian
1.5290396213531494 12.458721160888672 -2.063267946243286 0 0 0 0 Pedestrian
9.724167823791504 5.984038352966309 -2.5856316089630127 0 0 0 0 Pedestrian
0.054988764226436615 11.271262168884277 -2.296480178833008 0 0 0 0 Pedestrian
6.413997650146484 9.20809268951416 -1.4804452657699585 0 0 0 0 Pedestrian
-14.479290008544922 5.9436445236206055 -1.914530634880066 0 0 0 0 Pedestrian
13.750632286071777 9.135607719421387 -1.5373204946517944 0 0 0 0 Pedestrian
16.13938331604004 -7.581497669219971 -1.3800126314163208 0 0 0 0 Pedestrian
-26.385690689086914 1.090595006942749 -1.342337727546692 0 0 0 0 Pedestrian