4.188083648681641 1.6319903135299683 -1.533300518989563 0 0 0 0 Pedestrian
1.1412384510040283 5.582448482513428 -1.7257812023162842 0 0 0 0 Pedestrian
5.1692352294921875 -0.8483575582504272 -1.5764514207839966 0 0 0 0 Pedestrian
-5.79824161529541 2.6886680126190186 -1.7246038913726807 0 0 0 0 Pedestrian
-2.9293417930603027 -5.216510772705078 -1.6112968921661377 0 0 0 0 Pedestrian
-3.8279223442077637 -7.0588274002075195 -1.555105447769165 0 0 0 0 Pedestrian
10.312067985534668 4.018129825592041 -1.4652917385101318 0 0 0 0 Pedestrian
9.737674713134766 5.987749099731445 -2.558603286743164 0 0 0 0 Pedestrian
-11.657979965209961 4.67220401763916 -1.8968905210494995 0 0 0 0 Pedestrian
17.116588592529297 2.579681396484375 -2.0102381706237793 0 0 0 0 Pedestrian
-26.406566619873047 1.137200951576233 -1.4615135192871094 0 0 0 0 Pedestrian