0.3763158619403839 4.511470794677734 -1.4587781429290771 0 0 0 0 Pedestrian
4.247686862945557 1.6010653972625732 -1.4774541854858398 0 0 0 0 Pedestrian
-2.3694851398468018 -4.760178089141846 -1.4774415493011475 0 0 0 0 Pedestrian
-5.848245620727539 2.727997064590454 -1.748624324798584 0 0 0 0 Pedestrian
8.62768840789795 -5.836238384246826 -1.2232948541641235 0 0 0 0 Pedestrian
10.29864501953125 4.050063133239746 -1.4063143730163574 0 0 0 0 Pedestrian
9.749481201171875 5.994963645935059 -2.5617032051086426 0 0 0 0 Pedestrian
6.343279838562012 9.348367691040039 -1.5289299488067627 0 0 0 0 Pedestrian
-11.63430118560791 4.581347465515137 -1.916068196296692 0 0 0 0 Pedestrian
13.7672758102417 9.215751647949219 -1.475905179977417 0 0 0 0 Pedestrian
-14.1409330368042 4.82702112197876 -2.0238795280456543 0 0 0 0 Pedestrian
16.138105392456055 -7.563474178314209 -1.3796145915985107 0 0 0 0 Pedestrian
-26.40555763244629 1.137245535850525 -1.4615230560302734 0 0 0 0 Pedestrian