1.9215776920318604 4.193759918212891 -1.45578932762146 0 0 0 0 Pedestrian
-2.370593547821045 -4.591338157653809 -1.4620628356933594 0 0 0 0 Pedestrian
5.17418098449707 -0.8402299284934998 -1.5720434188842773 0 0 0 0 Pedestrian
-5.744814395904541 2.7292895317077637 -1.7488594055175781 0 0 0 0 Pedestrian
10.31950855255127 4.023214340209961 -1.4903428554534912 0 0 0 0 Pedestrian
1.5400863885879517 11.980290412902832 -2.004485845565796 0 0 0 0 Pedestrian
9.732072830200195 5.988983631134033 -2.5875866413116455 0 0 0 0 Pedestrian
-11.565211296081543 4.691405296325684 -1.9397637844085693 0 0 0 0 Pedestrian
-14.472089767456055 5.929320335388184 -1.8707046508789062 0 0 0 0 Pedestrian
-14.048839569091797 4.740126132965088 -2.008910894393921 0 0 0 0 Pedestrian
16.14670181274414 -7.612236022949219 -1.3921021223068237 0 0 0 0 Pedestrian
-26.39681053161621 1.1370457410812378 -1.461214542388916 0 0 0 0 Pedestrian