4.223592281341553 1.6107487678527832 -1.4902970790863037 0 0 0 0 Pedestrian
-2.2475783824920654 5.0565266609191895 -1.6817790269851685 0 0 0 0 Pedestrian
5.1808390617370605 -0.8428730368614197 -1.5762958526611328 0 0 0 0 Pedestrian
-5.8712873458862305 2.7098827362060547 -1.7508121728897095 0 0 0 0 Pedestrian
-6.725612163543701 4.440322399139404 -2.0906076431274414 0 0 0 0 Pedestrian
10.320603370666504 4.041309833526611 -1.462502360343933 0 0 0 0 Pedestrian
11.47385025024414 -0.42895227670669556 -1.4165161848068237 0 0 0 0 Pedestrian
9.72104549407959 5.978031635284424 -2.554813861846924 0 0 0 0 Pedestrian
9.751752853393555 -5.952434062957764 -1.2118504047393799 0 0 0 0 Pedestrian
0.05470670014619827 11.269238471984863 -2.296435832977295 0 0 0 0 Pedestrian
-11.59666919708252 4.602901458740234 -1.9122889041900635 0 0 0 0 Pedestrian
2.0120084285736084 15.322694778442383 -2.094275712966919 0 0 0 0 Pedestrian
13.78938102722168 9.238967895507812 -1.4674123525619507 0 0 0 0 Pedestrian
12.519818305969238 -6.803460597991943 -1.5348703861236572 0 0 0 0 Pedestrian
16.16692352294922 -7.589569568634033 -1.3931177854537964 0 0 0 0 Pedestrian