-2.377786874771118 -4.805190563201904 -1.487601399421692 0 0 0 0 Pedestrian
-0.7544631958007812 4.7768354415893555 -1.5916792154312134 0 0 0 0 Pedestrian
5.176799774169922 -0.8480631113052368 -1.6003526449203491 0 0 0 0 Pedestrian
-5.877163887023926 2.693901538848877 -1.7641716003417969 0 0 0 0 Pedestrian
8.002070426940918 -5.178807735443115 -1.220870018005371 0 0 0 0 Pedestrian
10.315652847290039 4.023978233337402 -1.4867668151855469 0 0 0 0 Pedestrian
0.24482238292694092 12.745291709899902 -2.2626595497131348 0 0 0 0 Pedestrian
9.736738204956055 5.962191581726074 -2.578968048095703 0 0 0 0 Pedestrian
0.054410167038440704 11.272787094116211 -2.29714298248291 0 0 0 0 Pedestrian
-11.578699111938477 4.560820579528809 -1.9077396392822266 0 0 0 0 Pedestrian
1.8309969902038574 14.191634178161621 -2.181957244873047 0 0 0 0 Pedestrian
12.53464126586914 -6.788383960723877 -1.5402185916900635 0 0 0 0 Pedestrian
13.745244979858398 9.137916564941406 -1.573360562324524 0 0 0 0 Pedestrian
16.129093170166016 -7.597813606262207 -1.4001637697219849 0 0 0 0 Pedestrian