4.197793960571289 1.6363357305526733 -1.5198183059692383 0 0 0 0 Pedestrian
3.9638423919677734 3.8369028568267822 -1.6895607709884644 0 0 0 0 Pedestrian
5.180312156677246 -0.8498404622077942 -1.5826622247695923 0 0 0 0 Pedestrian
-5.797980785369873 2.7266182899475098 -1.74552321434021 0 0 0 0 Pedestrian
1.296220064163208 10.24683952331543 -1.9849904775619507 0 0 0 0 Pedestrian
10.332963943481445 4.035179138183594 -1.430101752281189 0 0 0 0 Pedestrian
0.2451476901769638 12.75169563293457 -2.263758659362793 0 0 0 0 Pedestrian
-11.635188102722168 4.580585479736328 -1.8886936902999878 0 0 0 0 Pedestrian
13.742627143859863 9.136252403259277 -1.5729615688323975 0 0 0 0 Pedestrian
16.14723777770996 -7.580065727233887 -1.3629146814346313 0 0 0 0 Pedestrian
19.5423641204834 2.735549211502075 -1.618327021598816 0 0 0 0 Pedestrian
-26.42424201965332 1.1380661725997925 -1.4628472328186035 0 0 0 0 Pedestrian