4.200374603271484 1.6446138620376587 -1.4987666606903076 0 0 0 0 Pedestrian
6.244856834411621 3.221263885498047 -1.651173710823059 0 0 0 0 Pedestrian
-5.78292179107666 2.685116767883301 -1.7454359531402588 0 0 0 0 Pedestrian
2.8195581436157227 10.075325012207031 -2.0612282752990723 0 0 0 0 Pedestrian
10.346379280090332 4.009124755859375 -1.4227946996688843 0 0 0 0 Pedestrian
0.23003968596458435 12.750611305236816 -2.235692024230957 0 0 0 0 Pedestrian
0.05438327044248581 11.281464576721191 -2.2989373207092285 0 0 0 0 Pedestrian
-11.614645957946777 4.635292053222656 -1.9279701709747314 0 0 0 0 Pedestrian
-10.80319881439209 -1.902712106704712 -2.3066248893737793 0 0 0 0 Pedestrian
16.150663375854492 -7.608072280883789 -1.4017112255096436 0 0 0 0 Pedestrian
-26.388118743896484 1.0906450748443604 -1.3424161672592163 0 0 0 0 Pedestrian