-0.23309694230556488 4.6543145179748535 -1.506142020225525 0 0 0 0 Pedestrian
-2.361558437347412 -4.808742523193359 -1.4955387115478516 0 0 0 0 Pedestrian
5.173666477203369 -0.834041953086853 -1.5681167840957642 0 0 0 0 Pedestrian
-5.876026153564453 2.7056548595428467 -1.758886694908142 0 0 0 0 Pedestrian
10.323101997375488 4.037519931793213 -1.4658310413360596 0 0 0 0 Pedestrian
0.245032399892807 12.747973442077637 -2.263277530670166 0 0 0 0 Pedestrian
9.718881607055664 5.980750560760498 -2.5841708183288574 0 0 0 0 Pedestrian
6.338895320892334 9.498424530029297 -1.483322262763977 0 0 0 0 Pedestrian
-11.585530281066895 4.674533843994141 -1.8999481201171875 0 0 0 0 Pedestrian
1.6826752424240112 13.775132179260254 -2.225802421569824 0 0 0 0 Pedestrian
12.527444839477539 -6.807636737823486 -1.5358376502990723 0 0 0 0 Pedestrian
16.129453659057617 -7.597696781158447 -1.3998886346817017 0 0 0 0 Pedestrian
-22.360010147094727 9.551434516906738 -1.8581622838974 0 0 0 0 Pedestrian
-24.2111759185791 6.585038661956787 -1.7224371433258057 0 0 0 0 Pedestrian