4.211166858673096 1.621362566947937 -1.5102059841156006 0 0 0 0 Pedestrian
-2.3892440795898438 5.083496570587158 -1.6711037158966064 0 0 0 0 Pedestrian
-5.857614517211914 2.719036817550659 -1.7619534730911255 0 0 0 0 Pedestrian
10.293149948120117 4.042910099029541 -1.4440003633499146 0 0 0 0 Pedestrian
9.752717018127441 -5.952982425689697 -1.2121329307556152 0 0 0 0 Pedestrian
9.728259086608887 5.98691463470459 -2.5868077278137207 0 0 0 0 Pedestrian
0.05458439886569977 11.280113220214844 -2.298722267150879 0 0 0 0 Pedestrian
-11.613052368164062 4.609219074249268 -1.914633870124817 0 0 0 0 Pedestrian
-14.171616554260254 5.942200660705566 -1.8689963817596436 0 0 0 0 Pedestrian
12.503236770629883 -6.791941165924072 -1.5759886503219604 0 0 0 0 Pedestrian
-14.055153846740723 4.742140769958496 -2.0096514225006104 0 0 0 0 Pedestrian
16.165103912353516 -7.589022159576416 -1.3932150602340698 0 0 0 0 Pedestrian
-26.41206169128418 1.1373717784881592 -1.4617645740509033 0 0 0 0 Pedestrian