4.203002452850342 1.6501498222351074 -1.4975723028182983 0 0 0 0 Pedestrian
3.7097370624542236 3.8809564113616943 -1.61502206325531 0 0 0 0 Pedestrian
5.174405097961426 -0.8390056490898132 -1.5715594291687012 0 0 0 0 Pedestrian
-5.820111274719238 2.733931541442871 -1.737713098526001 0 0 0 0 Pedestrian
1.3806746006011963 10.47917366027832 -1.9963937997817993 0 0 0 0 Pedestrian
-6.7455244064331055 4.445870399475098 -2.083503246307373 0 0 0 0 Pedestrian
8.63853931427002 -5.812256813049316 -1.2552860975265503 0 0 0 0 Pedestrian
2.817817449569702 10.069063186645508 -2.0599594116210938 0 0 0 0 Pedestrian
9.713214874267578 -6.005651473999023 -1.3274431228637695 0 0 0 0 Pedestrian
10.298888206481934 4.0641303062438965 -1.4890614748001099 0 0 0 0 Pedestrian
9.746826171875 5.968173980712891 -2.5811469554901123 0 0 0 0 Pedestrian
0.19261816143989563 12.72747802734375 -2.2361786365509033 0 0 0 0 Pedestrian
0.05452578887343407 11.274896621704102 -2.297389507293701 0 0 0 0 Pedestrian
-11.64466667175293 4.5855231285095215 -1.9176236391067505 0 0 0 0 Pedestrian
16.19974708557129 -7.574738025665283 -1.353413701057434 0 0 0 0 Pedestrian