1.7934235334396362 4.2309184074401855 -1.4188379049301147 0 0 0 0 Pedestrian
-2.3810951709747314 -4.61614990234375 -1.4682073593139648 0 0 0 0 Pedestrian
5.1772780418396 -0.8397477865219116 -1.5743094682693481 0 0 0 0 Pedestrian
-6.720983982086182 4.437295913696289 -2.0892462730407715 0 0 0 0 Pedestrian
1.5345662832260132 12.08673095703125 -2.021787405014038 0 0 0 0 Pedestrian
10.359341621398926 4.031778335571289 -1.4601941108703613 0 0 0 0 Pedestrian
9.735808372497559 5.991271018981934 -2.588787078857422 0 0 0 0 Pedestrian
0.05449274554848671 11.276298522949219 -2.298032522201538 0 0 0 0 Pedestrian
-11.568765640258789 4.69271183013916 -1.9401553869247437 0 0 0 0 Pedestrian
-14.079753875732422 4.749998569488525 -2.013986825942993 0 0 0 0 Pedestrian
16.159902572631836 -7.586397171020508 -1.3924957513809204 0 0 0 0 Pedestrian
-26.406354904174805 1.0912278890609741 -1.3436554670333862 0 0 0 0 Pedestrian