0.09140854328870773 4.576385021209717 -1.4989283084869385 0 0 0 0 Pedestrian
4.3602118492126465 1.5541061162948608 -1.4027068614959717 0 0 0 0 Pedestrian
5.171661376953125 -0.8502612113952637 -1.5751882791519165 0 0 0 0 Pedestrian
-5.856307506561279 2.7273287773132324 -1.7642605304718018 0 0 0 0 Pedestrian
2.823960781097412 10.090265274047852 -2.0649309158325195 0 0 0 0 Pedestrian
10.322484970092773 4.046640872955322 -1.389657735824585 0 0 0 0 Pedestrian
1.6775490045547485 13.503663063049316 -2.0594654083251953 0 0 0 0 Pedestrian
9.596142768859863 -6.106086254119873 -1.3153283596038818 0 0 0 0 Pedestrian
0.24501322209835052 12.749815940856934 -2.2632648944854736 0 0 0 0 Pedestrian
9.735960006713867 5.9912333488464355 -2.5882692337036133 0 0 0 0 Pedestrian
-11.57843017578125 4.603297710418701 -1.946664810180664 0 0 0 0 Pedestrian
13.783849716186523 9.179946899414062 -1.475165843963623 0 0 0 0 Pedestrian
16.149457931518555 -7.568781852722168 -1.380583643913269 0 0 0 0 Pedestrian