4.231245517730713 1.607314944267273 -1.5025866031646729 0 0 0 0 Pedestrian
3.011805295944214 3.982543468475342 -1.5224717855453491 0 0 0 0 Pedestrian
5.169442176818848 -0.8473787307739258 -1.5870379209518433 0 0 0 0 Pedestrian
9.68822193145752 -5.993192195892334 -1.3102092742919922 0 0 0 0 Pedestrian
1.4309419393539429 11.058815002441406 -2.074509620666504 0 0 0 0 Pedestrian
10.32505989074707 4.042541027069092 -1.4704667329788208 0 0 0 0 Pedestrian
9.746987342834473 5.962996006011963 -2.5806727409362793 0 0 0 0 Pedestrian
-11.55704402923584 4.687954425811768 -1.9382225275039673 0 0 0 0 Pedestrian
13.751852989196777 9.202981948852539 -1.513505220413208 0 0 0 0 Pedestrian
16.163217544555664 -7.57507848739624 -1.381328821182251 0 0 0 0 Pedestrian
-26.440034866333008 1.1847907304763794 -1.4405072927474976 0 0 0 0 Pedestrian