-0.07147273421287537 4.618577480316162 -1.5057183504104614 0 0 0 0 Pedestrian
5.169503688812256 -0.8505402207374573 -1.587312936782837 0 0 0 0 Pedestrian
-5.853565692901611 2.7294511795043945 -1.7714251279830933 0 0 0 0 Pedestrian
10.350714683532715 4.018423080444336 -1.4293283224105835 0 0 0 0 Pedestrian
1.6848188638687134 13.620231628417969 -2.0213205814361572 0 0 0 0 Pedestrian
9.749894142150879 6.000204086303711 -2.5926918983459473 0 0 0 0 Pedestrian
0.05472753196954727 11.274633407592773 -2.297456741333008 0 0 0 0 Pedestrian
-11.622145652770996 4.5770263671875 -1.9144012928009033 0 0 0 0 Pedestrian
12.549909591674805 -6.782779216766357 -1.4924753904342651 0 0 0 0 Pedestrian
13.753801345825195 9.137731552124023 -1.537937045097351 0 0 0 0 Pedestrian
16.118518829345703 -7.582632541656494 -1.3890326023101807 0 0 0 0 Pedestrian
-26.455135345458984 1.185542345046997 -1.4413700103759766 0 0 0 0 Pedestrian