4.162381172180176 1.705546498298645 -1.5493417978286743 0 0 0 0 Pedestrian
-2.9750313758850098 5.2795634269714355 -1.739283561706543 0 0 0 0 Pedestrian
2.8231360912323 10.087769508361816 -2.064033269882202 0 0 0 0 Pedestrian
10.300097465515137 4.040960311889648 -1.4780107736587524 0 0 0 0 Pedestrian
9.75060749053955 -5.951683044433594 -1.2115544080734253 0 0 0 0 Pedestrian
9.714290618896484 5.9780354499816895 -2.5829405784606934 0 0 0 0 Pedestrian
0.23001869022846222 12.752259254455566 -2.2359392642974854 0 0 0 0 Pedestrian
-11.619903564453125 4.574912071228027 -1.8861957788467407 0 0 0 0 Pedestrian
12.54307746887207 -6.79277229309082 -1.5411735773086548 0 0 0 0 Pedestrian
13.76465129852295 9.250694274902344 -1.4837419986724854 0 0 0 0 Pedestrian
16.11858558654785 -7.599201679229736 -1.3899794816970825 0 0 0 0 Pedestrian
-26.424875259399414 1.1378875970840454 -1.4628950357437134 0 0 0 0 Pedestrian