4.180098533630371 1.6448609828948975 -1.5251625776290894 0 0 0 0 Pedestrian
3.8337297439575195 3.873383045196533 -1.6328941583633423 0 0 0 0 Pedestrian
5.182950019836426 -0.8441245555877686 -1.5706743001937866 0 0 0 0 Pedestrian
-5.7856621742248535 2.7308177947998047 -1.7450214624404907 0 0 0 0 Pedestrian
1.3115968704223633 10.369624137878418 -2.008899211883545 0 0 0 0 Pedestrian
-8.58825969696045 3.0117132663726807 -1.8420441150665283 0 0 0 0 Pedestrian
9.722112655639648 -6.010265827178955 -1.2991310358047485 0 0 0 0 Pedestrian
10.320112228393555 4.048683166503906 -1.3873026371002197 0 0 0 0 Pedestrian
9.741182327270508 5.990542411804199 -2.5598721504211426 0 0 0 0 Pedestrian
0.2295319139957428 12.730016708374023 -2.252925395965576 0 0 0 0 Pedestrian
0.05455978959798813 11.268404960632324 -2.296140193939209 0 0 0 0 Pedestrian
-11.630449295043945 4.580051898956299 -1.915226697921753 0 0 0 0 Pedestrian
13.733851432800293 9.130367279052734 -1.5718666315078735 0 0 0 0 Pedestrian
16.182188034057617 -7.550687789916992 -1.3367215394973755 0 0 0 0 Pedestrian