2.0818800926208496 4.184353351593018 -1.4547168016433716 0 0 0 0 Pedestrian
4.347887992858887 1.5811781883239746 -1.427873969078064 0 0 0 0 Pedestrian
-2.3535678386688232 -4.5616021156311035 -1.4420684576034546 0 0 0 0 Pedestrian
5.1757731437683105 -0.8420197367668152 -1.5623480081558228 0 0 0 0 Pedestrian
-8.284489631652832 -2.685497522354126 -1.181029200553894 0 0 0 0 Pedestrian
9.688727378845215 -5.990494251251221 -1.324388027191162 0 0 0 0 Pedestrian
1.5254154205322266 11.891253471374512 -2.011525869369507 0 0 0 0 Pedestrian
10.395581245422363 3.9871022701263428 -1.4531373977661133 0 0 0 0 Pedestrian
0.2299540638923645 12.747085571289062 -2.2349495887756348 0 0 0 0 Pedestrian
0.05489250272512436 11.277571678161621 -2.2980616092681885 0 0 0 0 Pedestrian
-11.602492332458496 4.6394758224487305 -1.9002647399902344 0 0 0 0 Pedestrian
-10.815330505371094 -1.9043747186660767 -2.3086535930633545 0 0 0 0 Pedestrian
-14.474618911743164 5.930452823638916 -1.871016502380371 0 0 0 0 Pedestrian
-14.073962211608887 4.74827241897583 -2.0126242637634277 0 0 0 0 Pedestrian
16.12000846862793 -7.583339214324951 -1.3892667293548584 0 0 0 0 Pedestrian
-26.40753936767578 1.1373186111450195 -1.4619088172912598 0 0 0 0 Pedestrian
-18.173776626586914 21.580684661865234 -1.7837480306625366 0 0 0 0 Pedestrian