-2.3672924041748047 -4.808095455169678 -1.4886715412139893 0 0 0 0 Pedestrian
-0.5763792395591736 4.790185928344727 -1.567039132118225 0 0 0 0 Pedestrian
-5.882504940032959 2.691751480102539 -1.756507396697998 0 0 0 0 Pedestrian
10.342859268188477 4.026583194732666 -1.4731080532073975 0 0 0 0 Pedestrian
0.2298804223537445 12.745917320251465 -2.2346863746643066 0 0 0 0 Pedestrian
9.729811668395996 5.95816707611084 -2.5767855644226074 0 0 0 0 Pedestrian
6.340888977050781 9.501458168029785 -1.4838480949401855 0 0 0 0 Pedestrian
0.05445098131895065 11.269462585449219 -2.296557664871216 0 0 0 0 Pedestrian
-11.575072288513184 4.601905345916748 -1.946179747581482 0 0 0 0 Pedestrian
1.8027235269546509 14.0894775390625 -2.1487739086151123 0 0 0 0 Pedestrian
12.527131080627441 -6.807438850402832 -1.5357866287231445 0 0 0 0 Pedestrian
16.13237190246582 -7.589341640472412 -1.3905032873153687 0 0 0 0 Pedestrian
-26.434911727905273 1.1388357877731323 -1.2985970973968506 0 0 0 0 Pedestrian