4.210162162780762 1.6408296823501587 -1.4911376237869263 0 0 0 0 Pedestrian
3.4443094730377197 3.970691204071045 -1.604367733001709 0 0 0 0 Pedestrian
-3.806086301803589 -7.084346771240234 -1.579134225845337 0 0 0 0 Pedestrian
-8.575736045837402 3.0071909427642822 -1.83955717086792 0 0 0 0 Pedestrian
10.31252670288086 4.071963787078857 -1.439808964729309 0 0 0 0 Pedestrian
9.737351417541504 5.991925239562988 -2.5890161991119385 0 0 0 0 Pedestrian
-11.598135948181152 4.607848644256592 -1.9239888191223145 0 0 0 0 Pedestrian
0.05470528081059456 11.262577056884766 -2.294677257537842 0 0 0 0 Pedestrian
-10.828651428222656 -1.9067178964614868 -2.3113765716552734 0 0 0 0 Pedestrian
13.738184928894043 9.13327693939209 -1.5724176168441772 0 0 0 0 Pedestrian
16.18575668334961 -7.568417549133301 -1.3526735305786133 0 0 0 0 Pedestrian