-1.7915146350860596 5.005873203277588 -1.6721041202545166 0 0 0 0 Pedestrian
5.176361560821533 -0.8475167155265808 -1.5858967304229736 0 0 0 0 Pedestrian
-5.882058620452881 2.6975066661834717 -1.757318377494812 0 0 0 0 Pedestrian
2.819729804992676 10.076034545898438 -2.0614054203033447 0 0 0 0 Pedestrian
10.313560485839844 4.058459758758545 -1.4341832399368286 0 0 0 0 Pedestrian
9.746078491210938 -5.942275047302246 -1.214117169380188 0 0 0 0 Pedestrian
9.748157501220703 5.9939470291137695 -2.5611159801483154 0 0 0 0 Pedestrian
0.22995783388614655 12.746150970458984 -2.234905481338501 0 0 0 0 Pedestrian
-11.64676284790039 4.611546516418457 -1.904579997062683 0 0 0 0 Pedestrian
-10.845695495605469 -1.9094005823135376 -2.3148179054260254 0 0 0 0 Pedestrian
1.9518859386444092 14.965911865234375 -2.068800926208496 0 0 0 0 Pedestrian
12.536441802978516 -6.789273738861084 -1.5402765274047852 0 0 0 0 Pedestrian
13.772274017333984 9.172127723693848 -1.474240779876709 0 0 0 0 Pedestrian
16.1220645904541 -7.600982189178467 -1.3904954195022583 0 0 0 0 Pedestrian
-26.378437042236328 1.0899254083633423 -1.3419681787490845 0 0 0 0 Pedestrian