4.193194389343262 1.6460376977920532 -1.524112582206726 0 0 0 0 Pedestrian
0.7661465406417847 6.25435733795166 -1.801283597946167 0 0 0 0 Pedestrian
5.182756423950195 -0.8408228158950806 -1.5817621946334839 0 0 0 0 Pedestrian
-5.808655261993408 2.674241781234741 -1.737728238105774 0 0 0 0 Pedestrian
2.8246207237243652 10.092782974243164 -2.0653011798858643 0 0 0 0 Pedestrian
10.277210235595703 4.042731761932373 -1.4708795547485352 0 0 0 0 Pedestrian
0.24504774808883667 12.751096725463867 -2.263559579849243 0 0 0 0 Pedestrian
9.752903938293457 5.972389221191406 -2.5828068256378174 0 0 0 0 Pedestrian
-11.64582633972168 4.621003150939941 -1.9055440425872803 0 0 0 0 Pedestrian
6.505465030670166 9.515510559082031 -1.478779673576355 0 0 0 0 Pedestrian
17.086204528808594 2.5859177112579346 -1.9203972816467285 0 0 0 0 Pedestrian
-26.40381622314453 1.137101411819458 -1.4614436626434326 0 0 0 0 Pedestrian