-0.9222348928451538 4.777223110198975 -1.5776420831680298 0 0 0 0 Pedestrian
5.169269561767578 -0.8520618081092834 -1.5874634981155396 0 0 0 0 Pedestrian
2.8252265453338623 10.095193862915039 -2.0656185150146484 0 0 0 0 Pedestrian
10.323139190673828 4.059930324554443 -1.4000741243362427 0 0 0 0 Pedestrian
9.739754676818848 5.993501663208008 -2.5899124145507812 0 0 0 0 Pedestrian
9.757906913757324 -5.928395748138428 -1.1868137121200562 0 0 0 0 Pedestrian
0.05456172674894333 11.273026466369629 -2.2972209453582764 0 0 0 0 Pedestrian
-11.705780029296875 4.619016170501709 -1.9285708665847778 0 0 0 0 Pedestrian
12.522189140319824 -6.804793834686279 -1.5352998971939087 0 0 0 0 Pedestrian
13.786537170410156 9.181706428527832 -1.4757006168365479 0 0 0 0 Pedestrian
16.124860763549805 -7.557178497314453 -1.3784980773925781 0 0 0 0 Pedestrian
-26.425647735595703 1.184099555015564 -1.439727783203125 0 0 0 0 Pedestrian