4.215636253356934 1.62541925907135 -1.5089329481124878 0 0 0 0 Pedestrian
6.362781047821045 3.153975486755371 -1.6996862888336182 0 0 0 0 Pedestrian
5.1706929206848145 -0.8497949242591858 -1.580532193183899 0 0 0 0 Pedestrian
-5.7857255935668945 2.691737174987793 -1.7421438694000244 0 0 0 0 Pedestrian
2.8233511447906494 10.088040351867676 -2.0643341541290283 0 0 0 0 Pedestrian
10.313329696655273 4.0235114097595215 -1.4986785650253296 0 0 0 0 Pedestrian
9.733454704284668 5.9902191162109375 -2.587996244430542 0 0 0 0 Pedestrian
-11.60239028930664 4.630127429962158 -1.9256322383880615 0 0 0 0 Pedestrian
13.742182731628418 9.16356372833252 -1.595481514930725 0 0 0 0 Pedestrian
16.12550163269043 -7.5961174964904785 -1.3996738195419312 0 0 0 0 Pedestrian
-26.39082908630371 1.0907748937606812 -1.3425261974334717 0 0 0 0 Pedestrian
-24.204599380493164 6.58315372467041 -1.7219668626785278 0 0 0 0 Pedestrian