-2.8078036308288574 5.237028121948242 -1.725891351699829 0 0 0 0 Pedestrian
5.182019233703613 -0.8463023900985718 -1.5744909048080444 0 0 0 0 Pedestrian
-5.825422763824463 2.710524559020996 -1.7510247230529785 0 0 0 0 Pedestrian
10.305242538452148 4.040132999420166 -1.432160496711731 0 0 0 0 Pedestrian
9.760703086853027 -5.9581193923950195 -1.2129617929458618 0 0 0 0 Pedestrian
9.752747535705566 5.9720635414123535 -2.5831992626190186 0 0 0 0 Pedestrian
-0.03732907027006149 11.31533145904541 -2.2225472927093506 0 0 0 0 Pedestrian
-11.602275848388672 4.630359649658203 -1.9257612228393555 0 0 0 0 Pedestrian
-10.816572189331055 -1.9049272537231445 -2.309208869934082 0 0 0 0 Pedestrian
13.74753475189209 9.16481876373291 -1.557441234588623 0 0 0 0 Pedestrian
16.151405334472656 -7.582283973693848 -1.3917896747589111 0 0 0 0 Pedestrian
-26.4244384765625 1.1383757591247559 -1.2979894876480103 0 0 0 0 Pedestrian