-0.3774908781051636 4.683045864105225 -1.4644674062728882 0 0 0 0 Pedestrian
5.179132461547852 -0.8355497717857361 -1.5474576950073242 0 0 0 0 Pedestrian
-0.2433612197637558 4.830050468444824 -1.7145413160324097 0 0 0 0 Pedestrian
-6.7190141677856445 4.440866947174072 -2.0772783756256104 0 0 0 0 Pedestrian
8.627620697021484 -5.836226940155029 -1.2230981588363647 0 0 0 0 Pedestrian
10.340134620666504 4.030735015869141 -1.4529916048049927 0 0 0 0 Pedestrian
9.737305641174316 5.956921100616455 -2.577796459197998 0 0 0 0 Pedestrian
6.338371276855469 9.497861862182617 -1.4831210374832153 0 0 0 0 Pedestrian
0.054672300815582275 11.265218734741211 -2.295501708984375 0 0 0 0 Pedestrian
1.7565443515777588 13.858070373535156 -2.1541905403137207 0 0 0 0 Pedestrian
12.54538345336914 -6.794092655181885 -1.5414036512374878 0 0 0 0 Pedestrian
16.12343978881836 -7.5952277183532715 -1.399515151977539 0 0 0 0 Pedestrian
-26.418630599975586 1.138013243675232 -1.2975901365280151 0 0 0 0 Pedestrian