4.202768325805664 1.6370869874954224 -1.5178967714309692 0 0 0 0 Pedestrian
5.17927360534668 -0.8393117189407349 -1.5688811540603638 0 0 0 0 Pedestrian
-2.1176531314849854 -4.446000099182129 -1.4937556982040405 0 0 0 0 Pedestrian
1.396755337715149 5.394248962402344 -1.506291151046753 0 0 0 0 Pedestrian
-5.79797887802124 2.6867828369140625 -1.7344980239868164 0 0 0 0 Pedestrian
1.2470473051071167 7.361575603485107 -2.1817305088043213 0 0 0 0 Pedestrian
-3.812669038772583 -7.104213714599609 -1.5625824928283691 0 0 0 0 Pedestrian
10.311403274536133 4.036829948425293 -1.459083914756775 0 0 0 0 Pedestrian
9.744145393371582 5.967003345489502 -2.5806829929351807 0 0 0 0 Pedestrian
-11.599624633789062 4.62905216217041 -1.9252139329910278 0 0 0 0 Pedestrian
6.384644508361816 9.338949203491211 -1.451480746269226 0 0 0 0 Pedestrian
16.12856674194336 -7.587430477142334 -1.3902037143707275 0 0 0 0 Pedestrian
17.10690689086914 2.5840580463409424 -2.0005977153778076 0 0 0 0 Pedestrian
-26.418270111083984 1.1378096342086792 -1.4623799324035645 0 0 0 0 Pedestrian