4.189747333526611 1.6453747749328613 -1.5250279903411865 0 0 0 0 Pedestrian
5.1757402420043945 -0.8395358324050903 -1.5624347925186157 0 0 0 0 Pedestrian
-5.810558795928955 2.699080228805542 -1.7401360273361206 0 0 0 0 Pedestrian
7.244524002075195 2.8072218894958496 -1.3852559328079224 0 0 0 0 Pedestrian
-8.571861267089844 3.0057833194732666 -1.8384935855865479 0 0 0 0 Pedestrian
9.754290580749512 5.970305919647217 -2.551668882369995 0 0 0 0 Pedestrian
10.34227180480957 4.072439193725586 -1.1586002111434937 0 0 0 0 Pedestrian
-11.643945693969727 4.640378475189209 -1.9164873361587524 0 0 0 0 Pedestrian
0.054398100823163986 11.270532608032227 -2.2969319820404053 0 0 0 0 Pedestrian
-10.809388160705566 -1.9032871723175049 -2.307262420654297 0 0 0 0 Pedestrian
13.765641212463379 9.251241683959961 -1.4839754104614258 0 0 0 0 Pedestrian
16.13532829284668 -7.600790977478027 -1.4008151292800903 0 0 0 0 Pedestrian