-2.362990140914917 -4.7737579345703125 -1.4651355743408203 0 0 0 0 Pedestrian
-1.16336989402771 4.887317180633545 -1.6458148956298828 0 0 0 0 Pedestrian
5.17765998840332 -0.8316044211387634 -1.5519224405288696 0 0 0 0 Pedestrian
-5.875389099121094 2.693100929260254 -1.7634621858596802 0 0 0 0 Pedestrian
10.318098068237305 4.043252944946289 -1.4618558883666992 0 0 0 0 Pedestrian
9.780014038085938 -5.921582221984863 -1.2308024168014526 0 0 0 0 Pedestrian
0.22991280257701874 12.747546195983887 -2.2350502014160156 0 0 0 0 Pedestrian
9.747309684753418 5.968532085418701 -2.5810723304748535 0 0 0 0 Pedestrian
-11.597245216369629 4.679007530212402 -1.9017152786254883 0 0 0 0 Pedestrian
12.54149341583252 -6.791975975036621 -1.5410157442092896 0 0 0 0 Pedestrian
13.780155181884766 9.177370071411133 -1.4750128984451294 0 0 0 0 Pedestrian
16.161222457885742 -7.58712911605835 -1.392817735671997 0 0 0 0 Pedestrian