4.212165355682373 1.6466923952102661 -1.5176376104354858 0 0 0 0 Pedestrian
5.180187225341797 -0.8407363891601562 -1.5659475326538086 0 0 0 0 Pedestrian
-5.809245586395264 2.6888086795806885 -1.735514521598816 0 0 0 0 Pedestrian
7.521552562713623 2.79372501373291 -1.4775645732879639 0 0 0 0 Pedestrian
9.72867488861084 -6.015519618988037 -1.3291007280349731 0 0 0 0 Pedestrian
10.294119834899902 4.130790710449219 -1.1726752519607544 0 0 0 0 Pedestrian
9.736305236816406 5.961654186248779 -2.578260898590088 0 0 0 0 Pedestrian
-11.613781929016113 4.634881496429443 -1.9275832176208496 0 0 0 0 Pedestrian
-13.778867721557617 6.1870503425598145 -1.730366826057434 0 0 0 0 Pedestrian
13.746764183044434 9.166691780090332 -1.595982551574707 0 0 0 0 Pedestrian
16.139894485473633 -7.564281463623047 -1.3792991638183594 0 0 0 0 Pedestrian
-26.38741111755371 1.0904815196990967 -1.3424111604690552 0 0 0 0 Pedestrian