4.2251482009887695 1.6317301988601685 -1.527178406715393 0 0 0 0 Pedestrian
5.1782145500183105 -0.8390201926231384 -1.5682132244110107 0 0 0 0 Pedestrian
-5.806480407714844 2.699672222137451 -1.7322052717208862 0 0 0 0 Pedestrian
10.326738357543945 4.089052200317383 -1.199378490447998 0 0 0 0 Pedestrian
9.752348899841309 5.966002464294434 -2.581990957260132 0 0 0 0 Pedestrian
0.1868266463279724 12.740483283996582 -2.1896586418151855 0 0 0 0 Pedestrian
0.00954368058592081 11.294914245605469 -2.3414273262023926 0 0 0 0 Pedestrian
-11.632553100585938 4.662184715270996 -1.8929165601730347 0 0 0 0 Pedestrian
-13.751025199890137 6.189838886260986 -1.763435959815979 0 0 0 0 Pedestrian
13.737347602844238 9.160313606262207 -1.5948902368545532 0 0 0 0 Pedestrian
16.1393985748291 -7.576555252075195 -1.3908547163009644 0 0 0 0 Pedestrian
-26.451852798461914 1.1853786706924438 -1.4412670135498047 0 0 0 0 Pedestrian