4.202928066253662 1.6515710353851318 -1.5207555294036865 0 0 0 0 Pedestrian
1.0111891031265259 5.758592128753662 -1.7760790586471558 0 0 0 0 Pedestrian
5.174468517303467 -0.8476248979568481 -1.5848147869110107 0 0 0 0 Pedestrian
-5.801120281219482 2.694401979446411 -1.731403112411499 0 0 0 0 Pedestrian
-2.9575767517089844 -5.262523651123047 -1.7133114337921143 0 0 0 0 Pedestrian
8.619245529174805 -5.799162864685059 -1.2524017095565796 0 0 0 0 Pedestrian
10.320951461791992 4.025614261627197 -1.4685189723968506 0 0 0 0 Pedestrian
11.479192733764648 -0.4292692542076111 -1.417158603668213 0 0 0 0 Pedestrian
9.73354721069336 5.98974609375 -2.588144540786743 0 0 0 0 Pedestrian
0.23019304871559143 12.755285263061523 -2.2364087104797363 0 0 0 0 Pedestrian
0.009601137600839138 11.298770904541016 -2.3419625759124756 0 0 0 0 Pedestrian
-11.605964660644531 4.606350898742676 -1.9136065244674683 0 0 0 0 Pedestrian
17.07410430908203 2.5841362476348877 -1.9188495874404907 0 0 0 0 Pedestrian