5.1769185066223145 -0.840090274810791 -1.575700044631958 0 0 0 0 Pedestrian
-2.9343371391296387 -5.268204689025879 -1.6463639736175537 0 0 0 0 Pedestrian
9.683406829833984 6.102327823638916 -2.0568766593933105 0 0 0 0 Pedestrian
10.306939125061035 4.050215721130371 -1.4603303670883179 0 0 0 0 Pedestrian
0.2300354391336441 12.750441551208496 -2.235496997833252 0 0 0 0 Pedestrian
-11.725229263305664 -1.6987888813018799 -1.5382816791534424 0 0 0 0 Pedestrian
10.221657752990723 7.105201721191406 -1.6342934370040894 0 0 0 0 Pedestrian
13.697946548461914 9.201394081115723 -1.501190185546875 0 0 0 0 Pedestrian
16.14063262939453 -7.603205680847168 -1.4008415937423706 0 0 0 0 Pedestrian
17.836532592773438 -7.773838996887207 -1.3891162872314453 0 0 0 0 Pedestrian
-17.644105911254883 6.410456657409668 -1.8969593048095703 0 0 0 0 Pedestrian
-26.39956283569336 1.1370121240615845 -1.4613804817199707 0 0 0 0 Pedestrian