5.170742511749268 -0.8294357061386108 -1.547634243965149 0 0 0 0 Pedestrian
-5.770392894744873 2.6471753120422363 -1.7554105520248413 0 0 0 0 Pedestrian
7.737232208251953 3.0881569385528564 -1.370247483253479 0 0 0 0 Pedestrian
9.855741500854492 4.3034234046936035 -1.117641568183899 0 0 0 0 Pedestrian
10.373518943786621 4.03798770904541 -1.2510192394256592 0 0 0 0 Pedestrian
9.760167121887207 5.976839542388916 -2.5849568843841553 0 0 0 0 Pedestrian
-0.03699605166912079 11.318839073181152 -2.300926685333252 0 0 0 0 Pedestrian
-11.612028121948242 4.633986949920654 -1.9272007942199707 0 0 0 0 Pedestrian
-13.584755897521973 5.853546142578125 -1.7951449155807495 0 0 0 0 Pedestrian
16.16179084777832 -7.541533470153809 -1.335509181022644 0 0 0 0 Pedestrian
-26.421749114990234 1.137871265411377 -1.462755560874939 0 0 0 0 Pedestrian