5.180237770080566 -0.8372207880020142 -1.5747860670089722 0 0 0 0 Pedestrian
-5.772968292236328 2.654888868331909 -1.7562451362609863 0 0 0 0 Pedestrian
-2.9384419918060303 -5.285836219787598 -1.6779839992523193 0 0 0 0 Pedestrian
7.844657897949219 3.0917463302612305 -1.3858979940414429 0 0 0 0 Pedestrian
8.537089347839355 -5.7556586265563965 -1.2663311958312988 0 0 0 0 Pedestrian
-8.30124282836914 -2.6847314834594727 -1.1623305082321167 0 0 0 0 Pedestrian
9.73615550994873 5.991801738739014 -2.5889618396759033 0 0 0 0 Pedestrian
10.318185806274414 4.156889915466309 -1.1331719160079956 0 0 0 0 Pedestrian
-11.644805908203125 4.6108293533325195 -1.9042538404464722 0 0 0 0 Pedestrian
0.054738786071538925 11.273367881774902 -2.297438144683838 0 0 0 0 Pedestrian
-13.385185241699219 -1.649848222732544 -1.4287865161895752 0 0 0 0 Pedestrian
16.124032974243164 -7.585090160369873 -1.389628529548645 0 0 0 0 Pedestrian
-17.64187240600586 6.4096360206604 -1.896659255027771 0 0 0 0 Pedestrian
-26.41875457763672 1.1378473043441772 -1.4625930786132812 0 0 0 0 Pedestrian