4.293467998504639 4.112811088562012 -1.6875853538513184 0 0 0 0 Pedestrian
-2.332294464111328 -5.044618129730225 -1.5893114805221558 0 0 0 0 Pedestrian
-1.975447654724121 5.122082710266113 -1.8051360845565796 0 0 0 0 Pedestrian
5.164683818817139 -0.8458587527275085 -1.5579009056091309 0 0 0 0 Pedestrian
-5.793574810028076 2.687438726425171 -1.7471563816070557 0 0 0 0 Pedestrian
-3.7818188667297363 -7.093816757202148 -1.597590446472168 0 0 0 0 Pedestrian
2.8192989826202393 10.073942184448242 -2.0612168312072754 0 0 0 0 Pedestrian
9.696076393127441 -5.99505090713501 -1.325493574142456 0 0 0 0 Pedestrian
10.314701080322266 4.0178937911987305 -1.4562945365905762 0 0 0 0 Pedestrian
9.73340892791748 5.989983081817627 -2.58811092376709 0 0 0 0 Pedestrian
11.447136878967285 1.5953083038330078 -1.3412798643112183 0 0 0 0 Pedestrian
-10.488866806030273 4.474307537078857 -1.8320468664169312 0 0 0 0 Pedestrian
0.054674241691827774 11.280163764953613 -2.2984511852264404 0 0 0 0 Pedestrian
-10.845067024230957 -1.910074234008789 -2.3153181076049805 0 0 0 0 Pedestrian
16.14202117919922 -7.604226112365723 -1.4015822410583496 0 0 0 0 Pedestrian
-26.434749603271484 1.1381902694702148 -1.4631489515304565 0 0 0 0 Pedestrian