5.171213150024414 -0.8426458835601807 -1.5556418895721436 0 0 0 0 Pedestrian
-5.784485340118408 2.658363103866577 -1.7383289337158203 0 0 0 0 Pedestrian
6.97799015045166 3.3673436641693115 -1.3991501331329346 0 0 0 0 Pedestrian
-2.9680557250976562 -5.362011909484863 -1.7113990783691406 0 0 0 0 Pedestrian
-6.687027454376221 4.460234642028809 -2.0791473388671875 0 0 0 0 Pedestrian
2.823502540588379 10.08906078338623 -2.064330816268921 0 0 0 0 Pedestrian
9.73391056060791 5.990065097808838 -2.588148355484009 0 0 0 0 Pedestrian
0.009609000757336617 11.300594329833984 -2.3424363136291504 0 0 0 0 Pedestrian
-11.597698211669922 4.628261566162109 -1.9247781038284302 0 0 0 0 Pedestrian
-10.783708572387695 -1.8988878726959229 -2.301941156387329 0 0 0 0 Pedestrian
16.131540298461914 -7.598955154418945 -1.4001215696334839 0 0 0 0 Pedestrian
-26.40019416809082 1.1370826959609985 -1.4612796306610107 0 0 0 0 Pedestrian