2.092294692993164 4.8281025886535645 -1.611263632774353 0 0 0 0 Pedestrian
-5.786375045776367 2.653733015060425 -1.734932780265808 0 0 0 0 Pedestrian
8.622455596923828 -5.801315784454346 -1.2529367208480835 0 0 0 0 Pedestrian
9.693540573120117 -5.993500709533691 -1.324672818183899 0 0 0 0 Pedestrian
10.337132453918457 4.0346784591674805 -1.4703718423843384 0 0 0 0 Pedestrian
-11.25920581817627 6.404776096343994 -2.2784175872802734 0 0 0 0 Pedestrian
0.2450091391801834 12.746500015258789 -2.2626378536224365 0 0 0 0 Pedestrian
9.740376472473145 5.993914604187012 -2.5899221897125244 0 0 0 0 Pedestrian
6.301109313964844 9.319408416748047 -1.487961769104004 0 0 0 0 Pedestrian
-11.606918334960938 4.618912696838379 -1.9144365787506104 0 0 0 0 Pedestrian
13.791419982910156 9.215231895446777 -1.4245799779891968 0 0 0 0 Pedestrian
16.156896591186523 -7.539000988006592 -1.334892749786377 0 0 0 0 Pedestrian
-26.41478729248047 1.1374759674072266 -1.4621838331222534 0 0 0 0 Pedestrian