5.1956071853637695 -0.8402194976806641 -1.5568281412124634 0 0 0 0 Pedestrian
-5.79233980178833 2.6546928882598877 -1.7383313179016113 0 0 0 0 Pedestrian
-2.9577889442443848 -5.343479156494141 -1.7047786712646484 0 0 0 0 Pedestrian
-3.7539196014404297 -7.054904460906982 -1.6218369007110596 0 0 0 0 Pedestrian
7.308575630187988 3.2354071140289307 -1.4128321409225464 0 0 0 0 Pedestrian
10.42651653289795 3.9588780403137207 -1.3484395742416382 0 0 0 0 Pedestrian
9.736650466918945 5.992093563079834 -2.5891470909118652 0 0 0 0 Pedestrian
-11.611212730407715 4.633939743041992 -1.927291750907898 0 0 0 0 Pedestrian
16.140771865844727 -7.582249641418457 -1.3800016641616821 0 0 0 0 Pedestrian
-17.642236709594727 6.409770965576172 -1.8967618942260742 0 0 0 0 Pedestrian
-26.440475463867188 1.1847625970840454 -1.4404103755950928 0 0 0 0 Pedestrian