4.202141761779785 1.6539077758789062 -1.5196067094802856 0 0 0 0 Pedestrian
1.7119346857070923 5.057357311248779 -1.6108275651931763 0 0 0 0 Pedestrian
5.174614429473877 -0.8466335535049438 -1.5748540163040161 0 0 0 0 Pedestrian
-5.785793781280518 2.672213077545166 -1.7381325960159302 0 0 0 0 Pedestrian
-3.7853758335113525 -7.098565101623535 -1.5648043155670166 0 0 0 0 Pedestrian
10.291274070739746 1.9457283020019531 -1.2246614694595337 0 0 0 0 Pedestrian
10.325942039489746 4.03361177444458 -1.451067566871643 0 0 0 0 Pedestrian
9.755099296569824 5.998713970184326 -2.563600540161133 0 0 0 0 Pedestrian
-11.617024421691895 4.636358261108398 -1.928295612335205 0 0 0 0 Pedestrian
-13.586935043334961 5.865421772003174 -1.761195421218872 0 0 0 0 Pedestrian
16.155344009399414 -7.584021091461182 -1.3639148473739624 0 0 0 0 Pedestrian
-21.315776824951172 1.479185938835144 -1.3896522521972656 0 0 0 0 Pedestrian
-26.404056549072266 1.1372523307800293 -1.4614927768707275 0 0 0 0 Pedestrian