4.101039409637451 0.9210604429244995 -1.1106164455413818 0 0 0 0 Pedestrian
3.941307306289673 4.160536766052246 -1.6375616788864136 0 0 0 0 Pedestrian
-1.6194974184036255 5.007351398468018 -1.7480171918869019 0 0 0 0 Pedestrian
5.184688091278076 -0.8322334289550781 -1.5627299547195435 0 0 0 0 Pedestrian
-5.774633407592773 2.6773457527160645 -1.7573515176773071 0 0 0 0 Pedestrian
10.305892944335938 4.040282249450684 -1.4539344310760498 0 0 0 0 Pedestrian
9.760295867919922 6.002184867858887 -2.5648720264434814 0 0 0 0 Pedestrian
-10.001667022705078 4.940877914428711 -1.8796907663345337 0 0 0 0 Pedestrian
-0.036802444607019424 11.31679630279541 -2.3262250423431396 0 0 0 0 Pedestrian
-10.841148376464844 -1.8932338953018188 -2.2676477432250977 0 0 0 0 Pedestrian
16.147533416748047 -7.567868709564209 -1.3804084062576294 0 0 0 0 Pedestrian
17.02803611755371 2.6432950496673584 -1.8207495212554932 0 0 0 0 Pedestrian
17.805076599121094 -7.760180473327637 -1.3864259719848633 0 0 0 0 Pedestrian
-26.409648895263672 1.1375118494033813 -1.4620667695999146 0 0 0 0 Pedestrian