-3.142421007156372 -3.449188709259033 -1.3444929122924805 0 0 0 0 Pedestrian
4.727396011352539 4.040663242340088 -1.756412386894226 0 0 0 0 Pedestrian
5.173954486846924 -0.8411017656326294 -1.558249592781067 0 0 0 0 Pedestrian
-2.4036591053009033 5.353963375091553 -1.8297010660171509 0 0 0 0 Pedestrian
-5.780993461608887 2.6806492805480957 -1.7397874593734741 0 0 0 0 Pedestrian
-2.2963144779205322 -5.117223262786865 -1.6679648160934448 0 0 0 0 Pedestrian
-3.7218611240386963 -7.065044403076172 -1.6411012411117554 0 0 0 0 Pedestrian
-8.57281494140625 3.009870767593384 -1.8167403936386108 0 0 0 0 Pedestrian
-9.663185119628906 4.165776252746582 -1.5992845296859741 0 0 0 0 Pedestrian
2.821946382522583 10.083510398864746 -2.063204526901245 0 0 0 0 Pedestrian
10.304080963134766 4.002486228942871 -1.4854085445404053 0 0 0 0 Pedestrian
9.74126148223877 5.964978218078613 -2.5804057121276855 0 0 0 0 Pedestrian
11.158233642578125 1.9003256559371948 -1.3136271238327026 0 0 0 0 Pedestrian
0.009603990241885185 11.293733596801758 -2.341136932373047 0 0 0 0 Pedestrian
-10.16633415222168 4.119750499725342 -1.7239456176757812 0 0 0 0 Pedestrian
16.122480392456055 -7.584446430206299 -1.3896749019622803 0 0 0 0 Pedestrian