5.180879592895508 -0.8409030437469482 -1.556574821472168 0 0 0 0 Pedestrian
-5.771048069000244 2.647515058517456 -1.7557613849639893 0 0 0 0 Pedestrian
-3.8074541091918945 -7.105045795440674 -1.5827386379241943 0 0 0 0 Pedestrian
8.862154960632324 3.548830509185791 -1.5378618240356445 0 0 0 0 Pedestrian
7.1649885177612305 3.462644100189209 -1.3288861513137817 0 0 0 0 Pedestrian
8.630558013916016 -5.8066229820251465 -1.2544375658035278 0 0 0 0 Pedestrian
2.8254122734069824 10.095941543579102 -2.0655717849731445 0 0 0 0 Pedestrian
9.716282844543457 -6.007577896118164 -1.3279634714126587 0 0 0 0 Pedestrian
11.484865188598633 -0.4291461408138275 -1.4175046682357788 0 0 0 0 Pedestrian
10.378044128417969 4.03516960144043 -1.319269061088562 0 0 0 0 Pedestrian
9.752687454223633 5.9719462394714355 -2.583047389984131 0 0 0 0 Pedestrian
0.00948457233607769 11.302290916442871 -2.3430349826812744 0 0 0 0 Pedestrian
-11.60163688659668 4.604907989501953 -1.9131492376327515 0 0 0 0 Pedestrian
-13.584138870239258 5.86421537399292 -1.760833740234375 0 0 0 0 Pedestrian
13.703031539916992 9.110250473022461 -1.5680551528930664 0 0 0 0 Pedestrian
16.144323348999023 -7.605208396911621 -1.401657223701477 0 0 0 0 Pedestrian
-17.66181182861328 6.416784763336182 -1.8997232913970947 0 0 0 0 Pedestrian
-21.34942054748535 1.5308451652526855 -1.4051491022109985 0 0 0 0 Pedestrian
-26.3972225189209 1.136816143989563 -1.4609133005142212 0 0 0 0 Pedestrian