-5.769350051879883 2.658771276473999 -1.7520225048065186 0 0 0 0 Pedestrian
-2.8186519145965576 -5.5175018310546875 -2.134244203567505 0 0 0 0 Pedestrian
-10.069255828857422 -0.9253900051116943 -1.6721075773239136 0 0 0 0 Pedestrian
2.822361469268799 10.085201263427734 -2.063443899154663 0 0 0 0 Pedestrian
10.294445037841797 4.027942657470703 -1.4777995347976685 0 0 0 0 Pedestrian
0.25402235984802246 12.759442329406738 -2.289807081222534 0 0 0 0 Pedestrian
-11.689516067504883 4.590996742248535 -1.9205318689346313 0 0 0 0 Pedestrian
10.244609832763672 7.234682559967041 -1.42415452003479 0 0 0 0 Pedestrian
0.054508376866579056 11.282247543334961 -2.2994933128356934 0 0 0 0 Pedestrian
16.114625930786133 -7.580752372741699 -1.3887330293655396 0 0 0 0 Pedestrian
-26.439619064331055 1.1847654581069946 -1.4403893947601318 0 0 0 0 Pedestrian