4.10621452331543 0.8841084241867065 -1.0870498418807983 0 0 0 0 Pedestrian
4.062642574310303 4.15150260925293 -1.6599889993667603 0 0 0 0 Pedestrian
-1.7425414323806763 5.025954246520996 -1.762269377708435 0 0 0 0 Pedestrian
5.171113967895508 -0.8473788499832153 -1.5691710710525513 0 0 0 0 Pedestrian
-2.335365056991577 -4.895473003387451 -1.7052786350250244 0 0 0 0 Pedestrian
-5.778383731842041 2.6773295402526855 -1.7595731019973755 0 0 0 0 Pedestrian
-6.739643096923828 4.445972442626953 -2.0745835304260254 0 0 0 0 Pedestrian
-3.8003978729248047 -7.102464199066162 -1.588563323020935 0 0 0 0 Pedestrian
-7.981680870056152 2.05704665184021 -2.3013293743133545 0 0 0 0 Pedestrian
9.683451652526855 -6.00406551361084 -1.3159937858581543 0 0 0 0 Pedestrian
10.302959442138672 4.044233798980713 -1.45175039768219 0 0 0 0 Pedestrian
0.22986754775047302 12.740897178649902 -2.2548911571502686 0 0 0 0 Pedestrian
9.754846572875977 5.973260402679443 -2.5835158824920654 0 0 0 0 Pedestrian
0.05456050485372543 11.272534370422363 -2.297119140625 0 0 0 0 Pedestrian
16.14335823059082 -7.60441255569458 -1.4011458158493042 0 0 0 0 Pedestrian
17.04422378540039 2.633431911468506 -1.831189751625061 0 0 0 0 Pedestrian