5.175316333770752 -0.8420736789703369 -1.565038800239563 0 0 0 0 Pedestrian
-5.7766852378845215 2.654686212539673 -1.747878909111023 0 0 0 0 Pedestrian
7.9329986572265625 3.045999050140381 -1.3967149257659912 0 0 0 0 Pedestrian
9.735941886901855 5.991702079772949 -2.5891013145446777 0 0 0 0 Pedestrian
0.2297498881816864 12.74121379852295 -2.276553153991699 0 0 0 0 Pedestrian
10.355712890625 4.156454086303711 -1.1124378442764282 0 0 0 0 Pedestrian
-11.635750770568848 4.607895851135254 -1.9031949043273926 0 0 0 0 Pedestrian
0.05448862537741661 11.272552490234375 -2.2970385551452637 0 0 0 0 Pedestrian
13.746028900146484 9.184391021728516 -1.5222214460372925 0 0 0 0 Pedestrian
16.11740493774414 -7.598245143890381 -1.3891905546188354 0 0 0 0 Pedestrian
-26.396713256835938 1.1368272304534912 -1.4610278606414795 0 0 0 0 Pedestrian