-3.3007094860076904 5.642818450927734 -1.8711819648742676 0 0 0 0 Pedestrian
-5.785973072052002 2.670222282409668 -1.7366533279418945 0 0 0 0 Pedestrian
-2.9484939575195312 -5.316183090209961 -1.6996643543243408 0 0 0 0 Pedestrian
-3.899661064147949 -7.113839626312256 -1.5611721277236938 0 0 0 0 Pedestrian
-10.066750526428223 3.2963666915893555 -1.7638639211654663 0 0 0 0 Pedestrian
9.694846153259277 -5.9971137046813965 -1.3113232851028442 0 0 0 0 Pedestrian
10.299420356750488 4.0475239753723145 -1.4519721269607544 0 0 0 0 Pedestrian
9.81816577911377 5.910691738128662 -2.5229291915893555 0 0 0 0 Pedestrian
0.054648928344249725 11.277336120605469 -2.2979352474212646 0 0 0 0 Pedestrian
-11.60265827178955 4.681736469268799 -1.9029970169067383 0 0 0 0 Pedestrian
13.713829040527344 9.117374420166016 -1.5693331956863403 0 0 0 0 Pedestrian
16.17487907409668 -7.563288688659668 -1.3516950607299805 0 0 0 0 Pedestrian