-5.779843807220459 2.655893087387085 -1.7558106184005737 0 0 0 0 Pedestrian
-2.915886402130127 -5.259189128875732 -1.700211763381958 0 0 0 0 Pedestrian
8.487225532531738 2.743769884109497 -1.651850700378418 0 0 0 0 Pedestrian
10.352211952209473 4.070359706878662 -1.1969906091690063 0 0 0 0 Pedestrian
9.74829387664795 5.998229026794434 -2.577310085296631 0 0 0 0 Pedestrian
-11.59791374206543 4.602901935577393 -1.9122852087020874 0 0 0 0 Pedestrian
-10.83184814453125 -1.9070011377334595 -2.31170392036438 0 0 0 0 Pedestrian
13.698841094970703 9.107370376586914 -1.567411184310913 0 0 0 0 Pedestrian
16.13121223449707 -7.560074329376221 -1.3790258169174194 0 0 0 0 Pedestrian
-17.634788513183594 6.406930446624756 -1.8960788249969482 0 0 0 0 Pedestrian
-26.40004539489746 1.1372156143188477 -1.4615161418914795 0 0 0 0 Pedestrian