-2.2873873710632324 -4.6353068351745605 -1.577244520187378 0 0 0 0 Pedestrian
3.098803997039795 4.4276347160339355 -1.6413675546646118 0 0 0 0 Pedestrian
5.177542209625244 -0.8511615991592407 -1.5697129964828491 0 0 0 0 Pedestrian
-5.791476249694824 2.663060188293457 -1.7409367561340332 0 0 0 0 Pedestrian
-0.6583437919616699 4.779038429260254 -1.6538022756576538 0 0 0 0 Pedestrian
10.313055038452148 4.033299446105957 -1.4993919134140015 0 0 0 0 Pedestrian
9.741388320922852 5.995182991027832 -2.5904242992401123 0 0 0 0 Pedestrian
11.60001277923584 1.5559853315353394 -1.4505161046981812 0 0 0 0 Pedestrian
0.009721875190734863 11.291029930114746 -2.340471029281616 0 0 0 0 Pedestrian
-11.587875366210938 4.6934661865234375 -1.9162236452102661 0 0 0 0 Pedestrian
6.269398212432861 9.339486122131348 -1.5224696397781372 0 0 0 0 Pedestrian
16.16878890991211 -7.560355186462402 -1.3510891199111938 0 0 0 0 Pedestrian