5.178487300872803 -0.8384585380554199 -1.5634459257125854 0 0 0 0 Pedestrian
-5.791495323181152 2.66819429397583 -1.736967921257019 0 0 0 0 Pedestrian
-7.994319915771484 2.0546953678131104 -2.3250083923339844 0 0 0 0 Pedestrian
10.328431129455566 4.036584854125977 -1.454555869102478 0 0 0 0 Pedestrian
0.009764475747942924 11.29666519165039 -2.341749429702759 0 0 0 0 Pedestrian
-11.628125190734863 4.604996681213379 -1.9021449089050293 0 0 0 0 Pedestrian
6.41672945022583 9.323996543884277 -1.533761978149414 0 0 0 0 Pedestrian
-12.573200225830078 -1.2767889499664307 -2.340480089187622 0 0 0 0 Pedestrian
-13.588949203491211 5.8664164543151855 -1.7615259885787964 0 0 0 0 Pedestrian
16.148340225219727 -7.568192005157471 -1.380286455154419 0 0 0 0 Pedestrian
-26.439058303833008 1.1846736669540405 -1.4402447938919067 0 0 0 0 Pedestrian