5.177351951599121 -0.8407101035118103 -1.5810848474502563 0 0 0 0 Pedestrian
-5.777363300323486 2.657438039779663 -1.748378038406372 0 0 0 0 Pedestrian
-2.804887056350708 -5.525106430053711 -2.1424412727355957 0 0 0 0 Pedestrian
-7.988893985748291 2.0590124130249023 -2.303471803665161 0 0 0 0 Pedestrian
10.316082954406738 4.0316548347473145 -1.4762969017028809 0 0 0 0 Pedestrian
11.461438179016113 -0.40741005539894104 -1.389183759689331 0 0 0 0 Pedestrian
0.22973918914794922 12.740647315979004 -2.2338807582855225 0 0 0 0 Pedestrian
9.728265762329102 6.055670738220215 -2.5363528728485107 0 0 0 0 Pedestrian
-11.61553955078125 4.65493631362915 -1.889816164970398 0 0 0 0 Pedestrian
13.704339981079102 9.110995292663574 -1.568122386932373 0 0 0 0 Pedestrian
16.13791275024414 -7.601696968078613 -1.4004511833190918 0 0 0 0 Pedestrian
-17.62297821044922 6.402685642242432 -1.894937515258789 0 0 0 0 Pedestrian
-26.464391708374023 1.185949683189392 -1.4419647455215454 0 0 0 0 Pedestrian