-3.6545519828796387 5.781365871429443 -2.003556251525879 0 0 0 0 Pedestrian
5.175355434417725 -0.845146656036377 -1.5879437923431396 0 0 0 0 Pedestrian
-5.777698040008545 2.6686508655548096 -1.749708890914917 0 0 0 0 Pedestrian
-9.49034595489502 3.038484573364258 -1.7949981689453125 0 0 0 0 Pedestrian
10.1550874710083 2.9616527557373047 -2.090289831161499 0 0 0 0 Pedestrian
9.709542274475098 -6.003325939178467 -1.3270901441574097 0 0 0 0 Pedestrian
10.31038761138916 4.039186000823975 -1.5091602802276611 0 0 0 0 Pedestrian
9.866719245910645 5.852454662322998 -2.441962718963623 0 0 0 0 Pedestrian
6.298216819763184 9.335808753967285 -1.525551438331604 0 0 0 0 Pedestrian
-11.591150283813477 4.694499492645264 -1.9165204763412476 0 0 0 0 Pedestrian
-13.586719512939453 5.865401268005371 -1.7612550258636475 0 0 0 0 Pedestrian
13.70473575592041 9.111274719238281 -1.5683122873306274 0 0 0 0 Pedestrian
16.152790069580078 -7.582646369934082 -1.3632913827896118 0 0 0 0 Pedestrian
-26.42461395263672 1.1383321285247803 -1.2978800535202026 0 0 0 0 Pedestrian