5.172389984130859 -0.8518245220184326 -1.56486976146698 0 0 0 0 Pedestrian
-5.80142879486084 2.677837371826172 -1.7295165061950684 0 0 0 0 Pedestrian
10.301801681518555 4.037760257720947 -1.4239054918289185 0 0 0 0 Pedestrian
10.93691635131836 2.277596950531006 -1.3159765005111694 0 0 0 0 Pedestrian
0.21278665959835052 12.742600440979004 -2.2249374389648438 0 0 0 0 Pedestrian
0.009515875019133091 11.291454315185547 -2.340613842010498 0 0 0 0 Pedestrian
10.247076034545898 7.241703033447266 -1.4337157011032104 0 0 0 0 Pedestrian
13.761513710021973 9.287957191467285 -1.4257665872573853 0 0 0 0 Pedestrian
16.116134643554688 -7.5812668800354 -1.3889482021331787 0 0 0 0 Pedestrian
-17.64223861694336 6.4097442626953125 -1.8968251943588257 0 0 0 0 Pedestrian
-26.43221664428711 1.1843847036361694 -1.439876675605774 0 0 0 0 Pedestrian