5.174203395843506 -0.845128059387207 -1.569446086883545 0 0 0 0 Pedestrian
-5.802557945251465 2.6884725093841553 -1.7475500106811523 0 0 0 0 Pedestrian
9.541916847229004 6.042530536651611 -2.036977529525757 0 0 0 0 Pedestrian
10.298810005187988 4.052191734313965 -1.478569746017456 0 0 0 0 Pedestrian
0.22986774146556854 12.742034912109375 -2.255340576171875 0 0 0 0 Pedestrian
-11.636096000671387 4.66364860534668 -1.893489122390747 0 0 0 0 Pedestrian
-12.059098243713379 -1.6746243238449097 -1.5771328210830688 0 0 0 0 Pedestrian
10.230865478515625 7.2039971351623535 -1.4747068881988525 0 0 0 0 Pedestrian
-13.597197532653809 5.869849681854248 -1.7625635862350464 0 0 0 0 Pedestrian
13.72071361541748 9.291675567626953 -1.4242773056030273 0 0 0 0 Pedestrian
16.15169334411621 -7.608333110809326 -1.4020029306411743 0 0 0 0 Pedestrian
-26.410165786743164 1.1373679637908936 -1.4620051383972168 0 0 0 0 Pedestrian