5.176449775695801 -0.8325406908988953 -1.5668507814407349 0 0 0 0 Pedestrian
-5.823272705078125 2.7045609951019287 -1.741383671760559 0 0 0 0 Pedestrian
-2.9378981590270996 -5.274611473083496 -1.6483759880065918 0 0 0 0 Pedestrian
2.820803165435791 10.07924747467041 -2.0623180866241455 0 0 0 0 Pedestrian
10.336196899414062 4.0099992752075195 -1.4483803510665894 0 0 0 0 Pedestrian
12.388018608093262 2.1100966930389404 -1.3930633068084717 0 0 0 0 Pedestrian
-11.6694974899292 -1.6902724504470825 -1.5936791896820068 0 0 0 0 Pedestrian
-11.588414192199707 4.693630218505859 -1.9163072109222412 0 0 0 0 Pedestrian
-13.589574813842773 5.8666486740112305 -1.7615628242492676 0 0 0 0 Pedestrian
16.154211044311523 -7.570944786071777 -1.3807010650634766 0 0 0 0 Pedestrian
-17.655719757080078 6.4146728515625 -1.8980029821395874 0 0 0 0 Pedestrian
-26.442625045776367 1.1848570108413696 -1.440386414527893 0 0 0 0 Pedestrian