3.6443710327148438 4.309884548187256 -1.6607998609542847 0 0 0 0 Pedestrian
5.180552005767822 -0.8403074741363525 -1.5792754888534546 0 0 0 0 Pedestrian
-1.2675668001174927 4.896488666534424 -1.671303629875183 0 0 0 0 Pedestrian
-5.775874137878418 2.6701393127441406 -1.7507805824279785 0 0 0 0 Pedestrian
-3.7281172275543213 -7.0833306312561035 -1.5598524808883667 0 0 0 0 Pedestrian
2.8259689807891846 10.097334861755371 -2.0664148330688477 0 0 0 0 Pedestrian
10.351668357849121 4.002274036407471 -1.5138345956802368 0 0 0 0 Pedestrian
-10.224991798400879 5.177060127258301 -1.9440168142318726 0 0 0 0 Pedestrian
9.74704647064209 5.968691825866699 -2.5810353755950928 0 0 0 0 Pedestrian
-11.615790367126465 4.635523319244385 -1.927881121635437 0 0 0 0 Pedestrian
16.1666316986084 -7.54367733001709 -1.3358713388442993 0 0 0 0 Pedestrian
17.068387985229492 2.617344379425049 -1.8805832862854004 0 0 0 0 Pedestrian
-23.820405960083008 8.220038414001465 -1.967541217803955 0 0 0 0 Pedestrian