4.2279558181762695 1.5971122980117798 -1.5032341480255127 0 0 0 0 Pedestrian
2.195910930633545 4.787337303161621 -1.5996366739273071 0 0 0 0 Pedestrian
5.176047325134277 -0.846118152141571 -1.5768029689788818 0 0 0 0 Pedestrian
-5.792419910430908 2.6524720191955566 -1.7370805740356445 0 0 0 0 Pedestrian
8.613283157348633 -5.794956684112549 -1.2519241571426392 0 0 0 0 Pedestrian
10.339399337768555 4.017251968383789 -1.3937968015670776 0 0 0 0 Pedestrian
9.737398147583008 5.988197326660156 -2.5594851970672607 0 0 0 0 Pedestrian
0.22994224727153778 12.742657661437988 -2.2552597522735596 0 0 0 0 Pedestrian
10.836431503295898 1.8953421115875244 -1.2792805433273315 0 0 0 0 Pedestrian
0.05442899465560913 11.264666557312012 -2.295715570449829 0 0 0 0 Pedestrian
-13.584396362304688 5.853185176849365 -1.7954809665679932 0 0 0 0 Pedestrian
13.77734661102295 9.18613052368164 -1.4232687950134277 0 0 0 0 Pedestrian
16.155912399291992 -7.583976745605469 -1.3635313510894775 0 0 0 0 Pedestrian
-26.447153091430664 1.1851799488067627 -1.4409741163253784 0 0 0 0 Pedestrian