5.176059722900391 -0.8260002732276917 -1.5624029636383057 0 0 0 0 Pedestrian
-5.776007175445557 2.6694350242614746 -1.7471615076065063 0 0 0 0 Pedestrian
-2.8162519931793213 -5.512898921966553 -2.1323561668395996 0 0 0 0 Pedestrian
8.622136116027832 -5.832709789276123 -1.2223773002624512 0 0 0 0 Pedestrian
10.33399772644043 4.02644157409668 -1.467951774597168 0 0 0 0 Pedestrian
10.635257720947266 6.168472766876221 -1.89605712890625 0 0 0 0 Pedestrian
0.22985884547233582 12.747207641601562 -2.2350642681121826 0 0 0 0 Pedestrian
10.249757766723633 7.23805570602417 -1.4250946044921875 0 0 0 0 Pedestrian
9.78321361541748 5.888750076293945 -2.5852267742156982 0 0 0 0 Pedestrian
0.05435025691986084 11.272403717041016 -2.2971222400665283 0 0 0 0 Pedestrian
-13.594608306884766 5.868921756744385 -1.7619819641113281 0 0 0 0 Pedestrian
16.123315811157227 -7.585030555725098 -1.3897240161895752 0 0 0 0 Pedestrian
-26.42812728881836 1.138087511062622 -1.4628751277923584 0 0 0 0 Pedestrian