4.832056522369385 4.00243616104126 -1.7488434314727783 0 0 0 0 Pedestrian
-2.4964730739593506 5.398829936981201 -1.825353980064392 0 0 0 0 Pedestrian
-5.788297653198242 2.668041229248047 -1.743362545967102 0 0 0 0 Pedestrian
-2.9490644931793213 -5.299860000610352 -1.6897847652435303 0 0 0 0 Pedestrian
-3.750093936920166 -7.09025239944458 -1.6227755546569824 0 0 0 0 Pedestrian
-8.59722900390625 3.006953477859497 -1.8685016632080078 0 0 0 0 Pedestrian
2.8237802982330322 10.090128898620605 -2.064577102661133 0 0 0 0 Pedestrian
10.307921409606934 4.038223743438721 -1.4617559909820557 0 0 0 0 Pedestrian
9.724998474121094 5.954960823059082 -2.575495958328247 0 0 0 0 Pedestrian
11.110696792602539 1.9978983402252197 -1.310540795326233 0 0 0 0 Pedestrian
0.05429013445973396 11.279960632324219 -2.298825263977051 0 0 0 0 Pedestrian
-10.838963508605957 -1.9083017110824585 -2.3132636547088623 0 0 0 0 Pedestrian
13.757172584533691 9.20993423461914 -1.3720351457595825 0 0 0 0 Pedestrian
16.130014419555664 -7.576951503753662 -1.379346489906311 0 0 0 0 Pedestrian
-24.22150230407715 6.587763786315918 -1.723239779472351 0 0 0 0 Pedestrian