5.165884971618652 -0.8491246104240417 -1.581317663192749 0 0 0 0 Pedestrian
-5.8177337646484375 2.7101032733917236 -1.7484557628631592 0 0 0 0 Pedestrian
-2.79830002784729 -5.536717891693115 -2.1728851795196533 0 0 0 0 Pedestrian
10.297636985778809 4.022984027862549 -1.4257317781448364 0 0 0 0 Pedestrian
12.273713111877441 2.1360607147216797 -1.3948266506195068 0 0 0 0 Pedestrian
-11.755827903747559 -1.6751699447631836 -1.6055350303649902 0 0 0 0 Pedestrian
7.074100971221924 10.338558197021484 -1.5571032762527466 0 0 0 0 Pedestrian
-11.596430778503418 4.627713203430176 -1.9246950149536133 0 0 0 0 Pedestrian
-13.58612060546875 5.865209102630615 -1.7608410120010376 0 0 0 0 Pedestrian
16.14525604248047 -7.579295635223389 -1.391128659248352 0 0 0 0 Pedestrian
-17.649538040161133 6.412386894226074 -1.8975651264190674 0 0 0 0 Pedestrian
-26.450586318969727 1.185245156288147 -1.4410680532455444 0 0 0 0 Pedestrian
-18.189159393310547 21.583337783813477 -1.9551881551742554 0 0 0 0 Pedestrian