-3.5453436374664307 5.7603559494018555 -1.9444656372070312 0 0 0 0 Pedestrian
-5.795209884643555 2.6549272537231445 -1.7388978004455566 0 0 0 0 Pedestrian
-2.949747323989868 -5.318325996398926 -1.7005826234817505 0 0 0 0 Pedestrian
-3.928954601287842 -7.128314971923828 -1.5616976022720337 0 0 0 0 Pedestrian
2.823019504547119 10.087428092956543 -2.063927412033081 0 0 0 0 Pedestrian
10.289987564086914 4.050986289978027 -1.4969240427017212 0 0 0 0 Pedestrian
0.2300274670124054 12.751069068908691 -2.2357749938964844 0 0 0 0 Pedestrian
9.831727981567383 5.855088233947754 -2.52693772315979 0 0 0 0 Pedestrian
-11.60551643371582 4.618208408355713 -1.914266586303711 0 0 0 0 Pedestrian
16.139009475708008 -7.5761799812316895 -1.3622061014175415 0 0 0 0 Pedestrian
-26.413776397705078 1.137676477432251 -1.462159276008606 0 0 0 0 Pedestrian