5.367584228515625 3.87444806098938 -1.698103427886963 0 0 0 0 Pedestrian
5.169661045074463 -0.8424738049507141 -1.5923504829406738 0 0 0 0 Pedestrian
-3.0998713970184326 5.5679826736450195 -1.831135869026184 0 0 0 0 Pedestrian
-5.771635055541992 2.660808563232422 -1.7485765218734741 0 0 0 0 Pedestrian
-2.952181339263916 -5.32271146774292 -1.7018340826034546 0 0 0 0 Pedestrian
-6.743850231170654 4.4465789794921875 -2.0833380222320557 0 0 0 0 Pedestrian
-3.8905954360961914 -7.0933918952941895 -1.5762324333190918 0 0 0 0 Pedestrian
-9.868342399597168 3.5190484523773193 -1.6664540767669678 0 0 0 0 Pedestrian
8.604692459106445 -5.8206095695495605 -1.2200607061386108 0 0 0 0 Pedestrian
2.8216118812561035 10.082071304321289 -2.06294584274292 0 0 0 0 Pedestrian
10.287084579467773 4.026595592498779 -1.4742703437805176 0 0 0 0 Pedestrian
0.22989702224731445 12.747233390808105 -2.234888792037964 0 0 0 0 Pedestrian
9.769433975219727 5.941471099853516 -2.541722059249878 0 0 0 0 Pedestrian
0.009444543160498142 11.305693626403809 -2.343541383743286 0 0 0 0 Pedestrian
-11.60827922821045 4.821786880493164 -2.014786958694458 0 0 0 0 Pedestrian
13.705126762390137 9.088380813598633 -1.5310546159744263 0 0 0 0 Pedestrian
16.188426971435547 -7.570072174072266 -1.3531001806259155 0 0 0 0 Pedestrian
-26.440322875976562 1.1847798824310303 -1.4405286312103271 0 0 0 0 Pedestrian