-3.742853879928589 5.8143391609191895 -1.9803816080093384 0 0 0 0 Pedestrian
-5.771864414215088 2.6662588119506836 -1.7478057146072388 0 0 0 0 Pedestrian
-3.926523208618164 -7.130125045776367 -1.5382928848266602 0 0 0 0 Pedestrian
10.045437812805176 2.963364839553833 -1.9630359411239624 0 0 0 0 Pedestrian
9.703645706176758 -6.002667427062988 -1.3118023872375488 0 0 0 0 Pedestrian
10.362863540649414 3.9974703788757324 -1.4798405170440674 0 0 0 0 Pedestrian
10.636129379272461 6.029941082000732 -1.7200827598571777 0 0 0 0 Pedestrian
10.27189826965332 7.1258158683776855 -1.527061939239502 0 0 0 0 Pedestrian
-11.624932289123535 4.632577896118164 -1.9133179187774658 0 0 0 0 Pedestrian
0.0547654926776886 11.273555755615234 -2.297128200531006 0 0 0 0 Pedestrian
6.317444324493408 9.32935905456543 -1.5733102560043335 0 0 0 0 Pedestrian
13.74118709564209 9.15173053741455 -1.4704474210739136 0 0 0 0 Pedestrian
16.134769439697266 -7.5286970138549805 -1.3332844972610474 0 0 0 0 Pedestrian
-26.402179718017578 1.1371630430221558 -1.4615168571472168 0 0 0 0 Pedestrian