4.204761505126953 1.6413296461105347 -1.503995418548584 0 0 0 0 Pedestrian
5.186580181121826 -0.83991938829422 -1.5721880197525024 0 0 0 0 Pedestrian
-5.793543815612793 2.6980135440826416 -1.7501534223556519 0 0 0 0 Pedestrian
-2.9343302249908447 -5.281482219696045 -1.6671541929244995 0 0 0 0 Pedestrian
10.30819320678711 4.02434778213501 -1.4175337553024292 0 0 0 0 Pedestrian
11.052424430847168 2.2639951705932617 -1.3421599864959717 0 0 0 0 Pedestrian
-11.686714172363281 4.589958667755127 -1.920236349105835 0 0 0 0 Pedestrian
-12.080615043640137 -1.6241871118545532 -1.5943243503570557 0 0 0 0 Pedestrian
0.00991162471473217 11.292278289794922 -2.340472936630249 0 0 0 0 Pedestrian
10.18305778503418 7.217489719390869 -1.433633804321289 0 0 0 0 Pedestrian
-13.596776008605957 5.869691848754883 -1.7624248266220093 0 0 0 0 Pedestrian
16.133270263671875 -7.5999226570129395 -1.4004565477371216 0 0 0 0 Pedestrian
-26.415014266967773 1.1377272605895996 -1.4623197317123413 0 0 0 0 Pedestrian