5.050057411193848 3.9364993572235107 -1.7359373569488525 0 0 0 0 Pedestrian
5.178996562957764 -0.8391857743263245 -1.5533162355422974 0 0 0 0 Pedestrian
-2.7336747646331787 5.465712547302246 -1.862053394317627 0 0 0 0 Pedestrian
-5.7730631828308105 2.65932559967041 -1.7453770637512207 0 0 0 0 Pedestrian
-2.9533002376556396 -5.324893474578857 -1.7028824090957642 0 0 0 0 Pedestrian
-3.795583724975586 -7.027538776397705 -1.6238213777542114 0 0 0 0 Pedestrian
-9.545037269592285 3.9023263454437256 -1.6315388679504395 0 0 0 0 Pedestrian
10.329829216003418 4.012619495391846 -1.4577548503875732 0 0 0 0 Pedestrian
10.920286178588867 2.1946423053741455 -1.2694436311721802 0 0 0 0 Pedestrian
0.2246638834476471 12.740559577941895 -2.2547338008880615 0 0 0 0 Pedestrian
9.752961158752441 5.972553253173828 -2.5828537940979004 0 0 0 0 Pedestrian
0.009526465088129044 11.298304557800293 -2.3420021533966064 0 0 0 0 Pedestrian
16.144290924072266 -7.578995704650879 -1.3911057710647583 0 0 0 0 Pedestrian
-26.399343490600586 1.1369420289993286 -1.4609261751174927 0 0 0 0 Pedestrian