2.9887588024139404 4.451442241668701 -1.6397223472595215 0 0 0 0 Pedestrian
-2.274034261703491 -4.641584396362305 -1.5455965995788574 0 0 0 0 Pedestrian
5.177096366882324 -0.8331298232078552 -1.5719183683395386 0 0 0 0 Pedestrian
-5.777461051940918 2.6607205867767334 -1.7450954914093018 0 0 0 0 Pedestrian
10.303410530090332 4.021371841430664 -1.4861425161361694 0 0 0 0 Pedestrian
-10.491327285766602 5.759464263916016 -2.127516269683838 0 0 0 0 Pedestrian
11.49393081665039 1.5612599849700928 -1.4461088180541992 0 0 0 0 Pedestrian
9.743622779846191 5.960938453674316 -2.57965350151062 0 0 0 0 Pedestrian
0.00960555300116539 11.294594764709473 -2.341331958770752 0 0 0 0 Pedestrian
-11.607584953308105 4.63239049911499 -1.9266154766082764 0 0 0 0 Pedestrian
6.266231536865234 9.334839820861816 -1.5217596292495728 0 0 0 0 Pedestrian
-13.578994750976562 5.862099647521973 -1.760224461555481 0 0 0 0 Pedestrian
16.164609909057617 -7.558387756347656 -1.3506364822387695 0 0 0 0 Pedestrian
-26.45412254333496 1.1854850053787231 -1.4415594339370728 0 0 0 0 Pedestrian
-18.17917823791504 21.60485076904297 -2.017012357711792 0 0 0 0 Pedestrian