5.166204929351807 -0.8489169478416443 -1.5813905000686646 0 0 0 0 Pedestrian
6.742502212524414 3.535649061203003 -1.6168255805969238 0 0 0 0 Pedestrian
-5.793267250061035 2.669189214706421 -1.729427695274353 0 0 0 0 Pedestrian
-2.9612457752227783 -5.3496575355529785 -1.7072690725326538 0 0 0 0 Pedestrian
-6.704806804656982 4.447638034820557 -2.0866968631744385 0 0 0 0 Pedestrian
-3.8267252445220947 -7.03115177154541 -1.5852491855621338 0 0 0 0 Pedestrian
8.790285110473633 5.239983558654785 -2.5925309658050537 0 0 0 0 Pedestrian
8.62298583984375 -5.80148458480835 -1.2534443140029907 0 0 0 0 Pedestrian
9.736950874328613 5.9725542068481445 -2.6158945560455322 0 0 0 0 Pedestrian
10.296584129333496 4.145188331604004 -1.1229978799819946 0 0 0 0 Pedestrian
0.009656310081481934 11.296745300292969 -2.341928005218506 0 0 0 0 Pedestrian
13.70561695098877 9.111954689025879 -1.5685110092163086 0 0 0 0 Pedestrian
16.113109588623047 -7.586030006408691 -1.3780107498168945 0 0 0 0 Pedestrian
-26.40020751953125 1.1369534730911255 -1.4610817432403564 0 0 0 0 Pedestrian