3.2189853191375732 4.412463665008545 -1.6089379787445068 0 0 0 0 Pedestrian
-2.2993721961975098 -4.651310443878174 -1.5942096710205078 0 0 0 0 Pedestrian
5.170949459075928 -0.8413775563240051 -1.578904151916504 0 0 0 0 Pedestrian
-0.843353271484375 4.737287521362305 -1.6598089933395386 0 0 0 0 Pedestrian
-5.788206100463867 2.669086456298828 -1.7444552183151245 0 0 0 0 Pedestrian
8.624040603637695 -5.802307605743408 -1.2532962560653687 0 0 0 0 Pedestrian
7.89647912979126 -2.005424737930298 -1.0328067541122437 0 0 0 0 Pedestrian
9.706796646118164 -5.997692108154297 -1.3127963542938232 0 0 0 0 Pedestrian
10.334122657775879 4.01968240737915 -1.4804800748825073 0 0 0 0 Pedestrian
9.742156028747559 5.995458602905273 -2.5905301570892334 0 0 0 0 Pedestrian
11.661643028259277 1.5279511213302612 -1.458975911140442 0 0 0 0 Pedestrian
0.23522986471652985 12.728181838989258 -2.236455202102661 0 0 0 0 Pedestrian
-11.600296020507812 4.629382610321045 -1.9253028631210327 0 0 0 0 Pedestrian
6.26854944229126 9.338252067565918 -1.5223478078842163 0 0 0 0 Pedestrian
-13.584768295288086 5.853484630584717 -1.7952567338943481 0 0 0 0 Pedestrian
16.15920066833496 -7.585612773895264 -1.363623857498169 0 0 0 0 Pedestrian
-26.4195499420166 1.1375046968460083 -1.4621756076812744 0 0 0 0 Pedestrian