3.846109390258789 4.216421604156494 -1.6571376323699951 0 0 0 0 Pedestrian
5.170917987823486 -0.8530116677284241 -1.5773860216140747 0 0 0 0 Pedestrian
-1.503260612487793 4.973662853240967 -1.7168484926223755 0 0 0 0 Pedestrian
-5.779747486114502 2.682494640350342 -1.7438209056854248 0 0 0 0 Pedestrian
2.823192834854126 10.087715148925781 -2.0642168521881104 0 0 0 0 Pedestrian
10.304102897644043 4.043728351593018 -1.4663599729537964 0 0 0 0 Pedestrian
0.22997690737247467 12.747552871704102 -2.234994649887085 0 0 0 0 Pedestrian
-10.108194351196289 5.0241475105285645 -1.8956148624420166 0 0 0 0 Pedestrian
13.752985000610352 9.138626098632812 -1.4200303554534912 0 0 0 0 Pedestrian
16.134258270263672 -7.600306510925293 -1.400553584098816 0 0 0 0 Pedestrian
17.080190658569336 2.614990234375 -1.9689511060714722 0 0 0 0 Pedestrian
-26.38873291015625 1.1364721059799194 -1.4605612754821777 0 0 0 0 Pedestrian