5.172732353210449 -0.8482745885848999 -1.5789978504180908 0 0 0 0 Pedestrian
-5.7747883796691895 2.6674771308898926 -1.7487908601760864 0 0 0 0 Pedestrian
-6.673364639282227 4.443874359130859 -2.0735697746276855 0 0 0 0 Pedestrian
-3.882641553878784 -7.10533332824707 -1.556922435760498 0 0 0 0 Pedestrian
9.685604095458984 3.092454195022583 -1.852998971939087 0 0 0 0 Pedestrian
-9.469210624694824 2.615906238555908 -1.93442964553833 0 0 0 0 Pedestrian
10.302821159362793 4.019284248352051 -1.4971328973770142 0 0 0 0 Pedestrian
-11.626981735229492 4.604552268981934 -1.902086853981018 0 0 0 0 Pedestrian
0.00978701189160347 11.304054260253906 -2.3432798385620117 0 0 0 0 Pedestrian
13.745715141296387 9.154609680175781 -1.4708184003829956 0 0 0 0 Pedestrian
16.166072845458984 -7.5890703201293945 -1.3928478956222534 0 0 0 0 Pedestrian