5.189141273498535 -0.8292473554611206 -1.5548535585403442 0 0 0 0 Pedestrian
-5.773470878601074 2.6607115268707275 -1.7536107301712036 0 0 0 0 Pedestrian
-2.9373250007629395 -5.27338981628418 -1.6474812030792236 0 0 0 0 Pedestrian
-8.560728073120117 3.0054590702056885 -1.8142277002334595 0 0 0 0 Pedestrian
-10.20169448852539 -0.8536815047264099 -1.6930197477340698 0 0 0 0 Pedestrian
10.335094451904297 4.004126071929932 -1.478163719177246 0 0 0 0 Pedestrian
0.251989483833313 12.729853630065918 -2.222688913345337 0 0 0 0 Pedestrian
-0.005813705734908581 11.300579071044922 -2.260890007019043 0 0 0 0 Pedestrian
10.243216514587402 7.233608722686768 -1.4238648414611816 0 0 0 0 Pedestrian
9.84107494354248 5.8607683181762695 -2.5294435024261475 0 0 0 0 Pedestrian
-11.596744537353516 4.720755100250244 -1.9301719665527344 0 0 0 0 Pedestrian
-10.834854125976562 -1.9077441692352295 -2.312572479248047 0 0 0 0 Pedestrian
13.754148483276367 9.208625793457031 -1.4238568544387817 0 0 0 0 Pedestrian
16.143476486206055 -7.578667163848877 -1.3912004232406616 0 0 0 0 Pedestrian
-26.39632225036621 1.136922001838684 -1.4611314535140991 0 0 0 0 Pedestrian