-5.7791643142700195 2.662834882736206 -1.7458789348602295 0 0 0 0 Pedestrian
-2.9538886547088623 -5.325822830200195 -1.703006386756897 0 0 0 0 Pedestrian
-3.67325758934021 -7.080887317657471 -1.6178147792816162 0 0 0 0 Pedestrian
8.041047096252441 2.980710744857788 -1.4170923233032227 0 0 0 0 Pedestrian
9.725947380065918 -6.013852119445801 -1.3291678428649902 0 0 0 0 Pedestrian
10.290818214416504 4.151489734649658 -1.125543236732483 0 0 0 0 Pedestrian
9.723011016845703 5.983517169952393 -2.585139036178589 0 0 0 0 Pedestrian
0.22994323074817657 12.742433547973633 -2.25537371635437 0 0 0 0 Pedestrian
0.009753506630659103 11.299484252929688 -2.3423523902893066 0 0 0 0 Pedestrian
-11.623331069946289 4.613469123840332 -1.9165223836898804 0 0 0 0 Pedestrian
-10.7944917678833 -1.9009736776351929 -2.3041598796844482 0 0 0 0 Pedestrian
-13.587519645690918 5.854747772216797 -1.79517662525177 0 0 0 0 Pedestrian
13.709166526794434 9.1083345413208 -1.5326383113861084 0 0 0 0 Pedestrian
16.12875747680664 -7.58751916885376 -1.3901578187942505 0 0 0 0 Pedestrian
-26.409767150878906 1.1375235319137573 -1.4621455669403076 0 0 0 0 Pedestrian