5.178319931030273 -0.8408377170562744 -1.5746188163757324 0 0 0 0 Pedestrian
-5.788641452789307 2.6455600261688232 -1.7447062730789185 0 0 0 0 Pedestrian
-2.955413818359375 -5.339303970336914 -1.703401803970337 0 0 0 0 Pedestrian
-3.799731492996216 -7.086284637451172 -1.599985122680664 0 0 0 0 Pedestrian
8.762167930603027 3.5626323223114014 -1.4889458417892456 0 0 0 0 Pedestrian
10.429638862609863 3.965447425842285 -1.3279836177825928 0 0 0 0 Pedestrian
0.22483332455158234 12.753437995910645 -2.2360215187072754 0 0 0 0 Pedestrian
0.009777643717825413 11.289010047912598 -2.339810371398926 0 0 0 0 Pedestrian
16.150732040405273 -7.581975936889648 -1.3918434381484985 0 0 0 0 Pedestrian
-17.63774299621582 6.4081010818481445 -1.8964427709579468 0 0 0 0 Pedestrian
-26.446170806884766 1.1850624084472656 -1.440736174583435 0 0 0 0 Pedestrian