5.173637866973877 -0.8418553471565247 -1.5573844909667969 0 0 0 0 Pedestrian
-5.775297164916992 2.6473653316497803 -1.754485011100769 0 0 0 0 Pedestrian
7.632631301879883 3.1231372356414795 -1.3325644731521606 0 0 0 0 Pedestrian
10.434117317199707 3.9665794372558594 -1.2888977527618408 0 0 0 0 Pedestrian
0.26635485887527466 12.726991653442383 -2.2741661071777344 0 0 0 0 Pedestrian
-0.005516767501831055 11.302324295043945 -2.2326581478118896 0 0 0 0 Pedestrian
-11.64416790008545 4.584248065948486 -1.8897953033447266 0 0 0 0 Pedestrian
13.757484436035156 9.141616821289062 -1.420567512512207 0 0 0 0 Pedestrian
16.144460678100586 -7.566074371337891 -1.349436640739441 0 0 0 0 Pedestrian
-17.643522262573242 6.410207271575928 -1.8972079753875732 0 0 0 0 Pedestrian
-26.442609786987305 1.18486487865448 -1.4405771493911743 0 0 0 0 Pedestrian