5.167327404022217 -0.8512477278709412 -1.5807052850723267 0 0 0 0 Pedestrian
-5.795458793640137 2.6991078853607178 -1.7454169988632202 0 0 0 0 Pedestrian
-2.9220082759857178 -5.260507106781006 -1.6756113767623901 0 0 0 0 Pedestrian
9.596136093139648 6.058412075042725 -2.04559588432312 0 0 0 0 Pedestrian
10.286474227905273 4.035398483276367 -1.504353404045105 0 0 0 0 Pedestrian
-0.005559855606406927 11.301056861877441 -2.2323575019836426 0 0 0 0 Pedestrian
-12.018486022949219 -1.6877260208129883 -1.5726383924484253 0 0 0 0 Pedestrian
10.207139015197754 7.2340545654296875 -1.4376565217971802 0 0 0 0 Pedestrian
13.77861499786377 9.281084060668945 -1.346932291984558 0 0 0 0 Pedestrian
16.10730743408203 -7.587287425994873 -1.3977628946304321 0 0 0 0 Pedestrian
-26.43535041809082 1.1845070123672485 -1.4400449991226196 0 0 0 0 Pedestrian