5.169692039489746 -0.850278377532959 -1.582971215248108 0 0 0 0 Pedestrian
-5.7983927726745605 2.6792476177215576 -1.7373931407928467 0 0 0 0 Pedestrian
-2.8035056591033936 -5.522583484649658 -2.141160726547241 0 0 0 0 Pedestrian
9.71572208404541 -6.010195255279541 -1.3135349750518799 0 0 0 0 Pedestrian
10.344634056091309 4.026522636413574 -1.503000259399414 0 0 0 0 Pedestrian
6.430190086364746 9.325286865234375 -1.5352180004119873 0 0 0 0 Pedestrian
0.05421121418476105 11.273938179016113 -2.2977402210235596 0 0 0 0 Pedestrian
-12.588202476501465 -1.278205394744873 -2.3428752422332764 0 0 0 0 Pedestrian
-11.941181182861328 -1.831402063369751 -1.2778069972991943 0 0 0 0 Pedestrian
-17.65871238708496 6.4156317710876465 -1.898718237876892 0 0 0 0 Pedestrian
-26.42275619506836 1.137998104095459 -1.462684154510498 0 0 0 0 Pedestrian