5.172989368438721 -0.8537996411323547 -1.5710856914520264 0 0 0 0 Pedestrian
-2.951420783996582 -5.321344375610352 -1.701711654663086 0 0 0 0 Pedestrian
2.8223369121551514 10.084928512573242 -2.0635292530059814 0 0 0 0 Pedestrian
10.282408714294434 4.01484489440918 -1.4938873052597046 0 0 0 0 Pedestrian
0.24522437155246735 12.753149032592773 -2.2641360759735107 0 0 0 0 Pedestrian
-11.619928359985352 4.60134744644165 -1.9005118608474731 0 0 0 0 Pedestrian
0.05468781292438507 11.259387016296387 -2.29408860206604 0 0 0 0 Pedestrian
10.200727462768555 7.072025299072266 -1.6188255548477173 0 0 0 0 Pedestrian
-13.595534324645996 5.869222640991211 -1.7622922658920288 0 0 0 0 Pedestrian
13.76749324798584 9.34411334991455 -1.2939118146896362 0 0 0 0 Pedestrian
16.127077102661133 -7.603060722351074 -1.3904176950454712 0 0 0 0 Pedestrian
-26.44146156311035 1.1848617792129517 -1.440630555152893 0 0 0 0 Pedestrian