4.289209365844727 1.5563833713531494 -1.545928955078125 0 0 0 0 Pedestrian
-2.277069091796875 -4.598174571990967 -1.5509740114212036 0 0 0 0 Pedestrian
2.773430824279785 4.532029628753662 -1.5811865329742432 0 0 0 0 Pedestrian
5.173055171966553 -0.8434339761734009 -1.5677975416183472 0 0 0 0 Pedestrian
-5.7985920906066895 2.6606192588806152 -1.733311414718628 0 0 0 0 Pedestrian
10.316547393798828 4.006418228149414 -1.4974697828292847 0 0 0 0 Pedestrian
-10.682987213134766 5.9013142585754395 -2.1637609004974365 0 0 0 0 Pedestrian
0.22992128133773804 12.743559837341309 -2.234233856201172 0 0 0 0 Pedestrian
0.054457176476716995 11.276185035705566 -2.297964334487915 0 0 0 0 Pedestrian
6.261167049407959 9.327322006225586 -1.520398736000061 0 0 0 0 Pedestrian
13.753142356872559 9.17221736907959 -1.4786707162857056 0 0 0 0 Pedestrian
16.13371467590332 -7.560842037200928 -1.348401665687561 0 0 0 0 Pedestrian
-26.392860412597656 1.136562466621399 -1.4606600999832153 0 0 0 0 Pedestrian