4.631173133850098 4.061610698699951 -1.7181251049041748 0 0 0 0 Pedestrian
5.178624629974365 -0.8344857692718506 -1.5624719858169556 0 0 0 0 Pedestrian
-2.3168230056762695 5.312622547149658 -1.7958358526229858 0 0 0 0 Pedestrian
-5.786948204040527 2.690484046936035 -1.741516351699829 0 0 0 0 Pedestrian
-2.3006837368011475 -5.078283309936523 -1.6688884496688843 0 0 0 0 Pedestrian
-2.959989070892334 -5.339925765991211 -1.67483389377594 0 0 0 0 Pedestrian
-3.748943567276001 -7.099287986755371 -1.6039937734603882 0 0 0 0 Pedestrian
-8.594440460205078 3.0059549808502197 -1.8677140474319458 0 0 0 0 Pedestrian
2.822847843170166 10.086820602416992 -2.063908576965332 0 0 0 0 Pedestrian
9.703351020812988 -5.999387741088867 -1.326937198638916 0 0 0 0 Pedestrian
10.297922134399414 4.026747226715088 -1.5058565139770508 0 0 0 0 Pedestrian
9.7586030960083 5.975836753845215 -2.584423065185547 0 0 0 0 Pedestrian
11.228800773620605 1.8368909358978271 -1.2996647357940674 0 0 0 0 Pedestrian
-10.207832336425781 4.211472034454346 -1.7703295946121216 0 0 0 0 Pedestrian
0.009642253629863262 11.293957710266113 -2.3411080837249756 0 0 0 0 Pedestrian
16.135229110717773 -7.5620927810668945 -1.3792508840560913 0 0 0 0 Pedestrian
-26.43918800354004 1.184700608253479 -1.440490484237671 0 0 0 0 Pedestrian
23.978479385375977 -9.218093872070312 -1.071365475654602 0 0 0 0 Pedestrian