5.178237438201904 -0.8482897877693176 -1.5728249549865723 0 0 0 0 Pedestrian
-5.784837245941162 2.662341594696045 -1.7371573448181152 0 0 0 0 Pedestrian
-4.050878524780273 5.949674606323242 -1.9709711074829102 0 0 0 0 Pedestrian
-3.890753984451294 -7.119394779205322 -1.5746623277664185 0 0 0 0 Pedestrian
-9.493729591369629 2.65505313873291 -1.880026936531067 0 0 0 0 Pedestrian
9.769094467163086 3.068559169769287 -1.8638291358947754 0 0 0 0 Pedestrian
9.702916145324707 -5.999236106872559 -1.3258236646652222 0 0 0 0 Pedestrian
10.323980331420898 4.023974895477295 -1.4804238080978394 0 0 0 0 Pedestrian
0.009660790674388409 11.292643547058105 -2.3409156799316406 0 0 0 0 Pedestrian
-11.62015151977539 4.637274742126465 -1.9285774230957031 0 0 0 0 Pedestrian
16.136873245239258 -7.563201427459717 -1.379819631576538 0 0 0 0 Pedestrian