4.102465629577637 0.8707759976387024 -1.0831271409988403 0 0 0 0 Pedestrian
4.169168949127197 4.123786926269531 -1.6892844438552856 0 0 0 0 Pedestrian
-1.8554121255874634 5.075368404388428 -1.783219337463379 0 0 0 0 Pedestrian
5.167205810546875 -0.8461403846740723 -1.5748066902160645 0 0 0 0 Pedestrian
-2.3297719955444336 -4.902791976928711 -1.67234468460083 0 0 0 0 Pedestrian
-5.790679454803467 2.6620869636535645 -1.752008080482483 0 0 0 0 Pedestrian
5.356537818908691 4.547781944274902 -2.5829317569732666 0 0 0 0 Pedestrian
-2.8853726387023926 -5.535403728485107 -2.1048548221588135 0 0 0 0 Pedestrian
-3.7942259311676025 -7.117435455322266 -1.5838801860809326 0 0 0 0 Pedestrian
10.301844596862793 4.027694225311279 -1.4188556671142578 0 0 0 0 Pedestrian
0.2299223691225052 12.74450969696045 -2.2345962524414062 0 0 0 0 Pedestrian
9.75732421875 5.969269275665283 -2.583547353744507 0 0 0 0 Pedestrian
11.504790306091309 1.5384925603866577 -1.381005883216858 0 0 0 0 Pedestrian
13.74667739868164 9.140259742736816 -1.4700119495391846 0 0 0 0 Pedestrian
16.13785171508789 -7.5632643699646 -1.3792370557785034 0 0 0 0 Pedestrian
17.025293350219727 2.6423773765563965 -1.7719621658325195 0 0 0 0 Pedestrian
-19.827707290649414 8.049713134765625 -2.195328950881958 0 0 0 0 Pedestrian
-26.40891456604004 1.1374311447143555 -1.461878776550293 0 0 0 0 Pedestrian
-24.21683120727539 6.586491584777832 -1.722864031791687 0 0 0 0 Pedestrian