4.2719926834106445 1.5671968460083008 -1.5484126806259155 0 0 0 0 Pedestrian
2.6863255500793457 4.573170185089111 -1.6094523668289185 0 0 0 0 Pedestrian
5.180367946624756 -0.8361771702766418 -1.5640389919281006 0 0 0 0 Pedestrian
-5.773674964904785 2.6635658740997314 -1.7431715726852417 0 0 0 0 Pedestrian
10.29914379119873 4.0342326164245605 -1.4384793043136597 0 0 0 0 Pedestrian
-10.757574081420898 6.001009464263916 -2.1276090145111084 0 0 0 0 Pedestrian
9.742241859436035 5.995330333709717 -2.5901710987091064 0 0 0 0 Pedestrian
0.0543585866689682 11.277177810668945 -2.2980754375457764 0 0 0 0 Pedestrian
-11.593220710754395 4.677554607391357 -1.9010452032089233 0 0 0 0 Pedestrian
16.162555694580078 -7.592110633850098 -1.3515207767486572 0 0 0 0 Pedestrian
17.715511322021484 -7.823688507080078 -1.4789683818817139 0 0 0 0 Pedestrian
-26.4202880859375 1.1381306648254395 -1.2976964712142944 0 0 0 0 Pedestrian