3.335557699203491 4.405534744262695 -1.6186895370483398 0 0 0 0 Pedestrian
-0.9628098607063293 4.778446674346924 -1.6840465068817139 0 0 0 0 Pedestrian
5.172006130218506 -0.8451811671257019 -1.5864348411560059 0 0 0 0 Pedestrian
-5.781302452087402 2.6734864711761475 -1.748719334602356 0 0 0 0 Pedestrian
9.703129768371582 -6.002255916595459 -1.312757968902588 0 0 0 0 Pedestrian
10.301323890686035 4.062077522277832 -1.43866765499115 0 0 0 0 Pedestrian
11.695734024047852 1.4954055547714233 -1.4644702672958374 0 0 0 0 Pedestrian
0.05420117825269699 11.26320743560791 -2.2953710556030273 0 0 0 0 Pedestrian
-11.592048645019531 4.636356830596924 -1.9244083166122437 0 0 0 0 Pedestrian
6.2659149169921875 9.334424018859863 -1.521885871887207 0 0 0 0 Pedestrian
16.1718807220459 -7.561834812164307 -1.3512531518936157 0 0 0 0 Pedestrian
-26.455839157104492 1.185567021369934 -1.4415693283081055 0 0 0 0 Pedestrian