4.41428279876709 4.094023704528809 -1.66287362575531 0 0 0 0 Pedestrian
-2.0735020637512207 5.2023091316223145 -1.8070441484451294 0 0 0 0 Pedestrian
5.176380157470703 -0.8388470411300659 -1.5717337131500244 0 0 0 0 Pedestrian
-2.30208158493042 -4.987808704376221 -1.6838197708129883 0 0 0 0 Pedestrian
-5.776960849761963 2.7024989128112793 -1.7520555257797241 0 0 0 0 Pedestrian
-3.7757225036621094 -7.097479343414307 -1.5905418395996094 0 0 0 0 Pedestrian
-8.591192245483398 3.004875659942627 -1.8668105602264404 0 0 0 0 Pedestrian
-9.671363830566406 4.600778102874756 -1.7169990539550781 0 0 0 0 Pedestrian
9.695425987243652 -5.99459981918335 -1.325352430343628 0 0 0 0 Pedestrian
10.350934982299805 3.986452102661133 -1.4663619995117188 0 0 0 0 Pedestrian
11.366984367370605 1.6432468891143799 -1.3287032842636108 0 0 0 0 Pedestrian
9.76989459991455 5.976303577423096 -2.5865862369537354 0 0 0 0 Pedestrian
16.124752044677734 -7.595572471618652 -1.3993490934371948 0 0 0 0 Pedestrian