5.1754374504089355 -0.8516075015068054 -1.5887384414672852 0 0 0 0 Pedestrian
-5.789244174957275 2.658418655395508 -1.7316797971725464 0 0 0 0 Pedestrian
-2.934894323348999 -5.2693915367126465 -1.646831750869751 0 0 0 0 Pedestrian
8.746928215026855 2.7198333740234375 -1.7345813512802124 0 0 0 0 Pedestrian
10.342508316040039 4.016505718231201 -1.5466986894607544 0 0 0 0 Pedestrian
0.24513453245162964 12.751152992248535 -2.263580799102783 0 0 0 0 Pedestrian
0.009474671445786953 11.309009552001953 -2.344536781311035 0 0 0 0 Pedestrian
-11.590143203735352 4.694276332855225 -1.916515588760376 0 0 0 0 Pedestrian
13.703580856323242 9.11054801940918 -1.5681239366531372 0 0 0 0 Pedestrian
16.15154266357422 -7.608647346496582 -1.4020617008209229 0 0 0 0 Pedestrian
-17.632339477539062 6.406184196472168 -1.8955411911010742 0 0 0 0 Pedestrian
-26.444156646728516 1.1850053071975708 -1.4409809112548828 0 0 0 0 Pedestrian