4.2398786544799805 1.5871737003326416 -1.5308603048324585 0 0 0 0 Pedestrian
1.8862214088439941 4.927389621734619 -1.5949797630310059 0 0 0 0 Pedestrian
-5.791234493255615 2.6617910861968994 -1.7343205213546753 0 0 0 0 Pedestrian
-3.7819907665252686 -7.1083664894104 -1.5590195655822754 0 0 0 0 Pedestrian
10.295735359191895 4.040720462799072 -1.5074551105499268 0 0 0 0 Pedestrian
11.486493110656738 -0.42960235476493835 -1.4182090759277344 0 0 0 0 Pedestrian
0.25395894050598145 12.759560585021973 -2.2710514068603516 0 0 0 0 Pedestrian
9.746064186096191 5.993114471435547 -2.5610294342041016 0 0 0 0 Pedestrian
-11.599968910217285 4.698263645172119 -1.9180701971054077 0 0 0 0 Pedestrian
6.323612689971924 9.320314407348633 -1.5253716707229614 0 0 0 0 Pedestrian
16.17299461364746 -7.562417030334473 -1.3516476154327393 0 0 0 0 Pedestrian
-26.425853729248047 1.1382272243499756 -1.4630366563796997 0 0 0 0 Pedestrian