-2.946573495864868 -5.312540054321289 -1.698881983757019 0 0 0 0 Pedestrian
9.719243049621582 -6.009618282318115 -1.3279088735580444 0 0 0 0 Pedestrian
10.320456504821777 4.0246195793151855 -1.4768741130828857 0 0 0 0 Pedestrian
12.146410942077637 2.1542775630950928 -1.3810454607009888 0 0 0 0 Pedestrian
-11.73282241821289 -1.7016695737838745 -1.505545973777771 0 0 0 0 Pedestrian
0.2664966583251953 12.731545448303223 -2.2533223628997803 0 0 0 0 Pedestrian
-0.00548960268497467 11.2855863571167 -2.2578978538513184 0 0 0 0 Pedestrian
-11.605388641357422 4.63134241104126 -1.925976276397705 0 0 0 0 Pedestrian
-13.600796699523926 5.871388912200928 -1.7629750967025757 0 0 0 0 Pedestrian
16.15462303161621 -7.571110248565674 -1.3805582523345947 0 0 0 0 Pedestrian
-17.655323028564453 6.4144768714904785 -1.8983590602874756 0 0 0 0 Pedestrian
-26.443180084228516 1.1849429607391357 -1.4405378103256226 0 0 0 0 Pedestrian