-5.7733659744262695 2.6709113121032715 -1.7490425109863281 0 0 0 0 Pedestrian
-2.9355337619781494 -5.270362377166748 -1.6469632387161255 0 0 0 0 Pedestrian
8.166647911071777 2.917462110519409 -1.452555775642395 0 0 0 0 Pedestrian
2.8217620849609375 10.083076477050781 -2.0630064010620117 0 0 0 0 Pedestrian
10.28114128112793 4.106831073760986 -1.4164223670959473 0 0 0 0 Pedestrian
9.73995590209961 5.994269847869873 -2.589768886566162 0 0 0 0 Pedestrian
-0.00550991902127862 11.289449691772461 -2.2302536964416504 0 0 0 0 Pedestrian
-11.61192512512207 4.6341729164123535 -1.9273626804351807 0 0 0 0 Pedestrian
-13.594259262084961 5.857663631439209 -1.796337366104126 0 0 0 0 Pedestrian
16.149036407470703 -7.581126689910889 -1.3912885189056396 0 0 0 0 Pedestrian
-26.44089698791504 1.1848310232162476 -1.440482497215271 0 0 0 0 Pedestrian