-5.774753093719482 2.6544384956359863 -1.7540937662124634 0 0 0 0 Pedestrian
-2.8207054138183594 -5.521058559417725 -2.1358413696289062 0 0 0 0 Pedestrian
8.973406791687012 2.7194228172302246 -1.8081225156784058 0 0 0 0 Pedestrian
-7.988400936126709 2.05881404876709 -2.3032946586608887 0 0 0 0 Pedestrian
2.822775363922119 10.086324691772461 -2.0638234615325928 0 0 0 0 Pedestrian
10.300023078918457 4.013887405395508 -1.4874874353408813 0 0 0 0 Pedestrian
10.290189743041992 7.0479512214660645 -1.5460854768753052 0 0 0 0 Pedestrian
0.22996248304843903 12.746088027954102 -2.2348625659942627 0 0 0 0 Pedestrian
10.72751522064209 5.913797378540039 -1.5586001873016357 0 0 0 0 Pedestrian
-11.62911605834961 4.605393886566162 -1.9024996757507324 0 0 0 0 Pedestrian
13.721236228942871 9.116393089294434 -1.5339006185531616 0 0 0 0 Pedestrian
16.150278091430664 -7.581608772277832 -1.3914600610733032 0 0 0 0 Pedestrian
-26.419506072998047 1.137884497642517 -1.4625556468963623 0 0 0 0 Pedestrian