5.174079418182373 -0.8480324745178223 -1.5769681930541992 0 0 0 0 Pedestrian
-5.781237602233887 2.6599009037017822 -1.7473742961883545 0 0 0 0 Pedestrian
-2.953078031539917 -5.33509635925293 -1.7020946741104126 0 0 0 0 Pedestrian
-10.291874885559082 -0.8023028373718262 -1.571032166481018 0 0 0 0 Pedestrian
-8.331357955932617 -2.6880292892456055 -1.2115130424499512 0 0 0 0 Pedestrian
2.8235929012298584 10.089570999145508 -2.0643081665039062 0 0 0 0 Pedestrian
10.334477424621582 4.017001628875732 -1.4662551879882812 0 0 0 0 Pedestrian
9.77175235748291 5.900753498077393 -2.584824562072754 0 0 0 0 Pedestrian
0.009707610122859478 11.29117202758789 -2.3403425216674805 0 0 0 0 Pedestrian
10.243178367614746 7.233689308166504 -1.4237323999404907 0 0 0 0 Pedestrian
-11.600822448730469 4.629617691040039 -1.9256294965744019 0 0 0 0 Pedestrian
6.40974235534668 9.340725898742676 -1.464098572731018 0 0 0 0 Pedestrian
-13.586544036865234 5.865350246429443 -1.7610994577407837 0 0 0 0 Pedestrian
16.09904670715332 -7.5795722007751465 -1.3771135807037354 0 0 0 0 Pedestrian
-26.380741119384766 1.1362191438674927 -1.4602247476577759 0 0 0 0 Pedestrian