5.183955669403076 -0.8423821330070496 -1.576597809791565 0 0 0 0 Pedestrian
-5.775920867919922 2.647669553756714 -1.7547736167907715 0 0 0 0 Pedestrian
-3.7658488750457764 -7.092811107635498 -1.606459140777588 0 0 0 0 Pedestrian
7.42270565032959 3.1680476665496826 -1.3546887636184692 0 0 0 0 Pedestrian
-8.560408592224121 3.0054423809051514 -1.814237117767334 0 0 0 0 Pedestrian
10.078625679016113 4.02923059463501 -1.201470136642456 0 0 0 0 Pedestrian
9.718964576721191 -6.012326717376709 -1.3138329982757568 0 0 0 0 Pedestrian
10.377534866333008 3.963221788406372 -1.4077280759811401 0 0 0 0 Pedestrian
-11.580374717712402 4.6724114418029785 -1.8989585638046265 0 0 0 0 Pedestrian
-10.809313774108887 -1.8879547119140625 -2.2615933418273926 0 0 0 0 Pedestrian
13.7567138671875 9.14695930480957 -1.4711601734161377 0 0 0 0 Pedestrian
16.142786026000977 -7.604409694671631 -1.4013885259628296 0 0 0 0 Pedestrian