4.518632888793945 4.080494403839111 -1.7064659595489502 0 0 0 0 Pedestrian
-2.2005138397216797 5.2768731117248535 -1.7612526416778564 0 0 0 0 Pedestrian
5.17734432220459 -0.838326096534729 -1.5447770357131958 0 0 0 0 Pedestrian
-5.780877590179443 2.6882376670837402 -1.7462748289108276 0 0 0 0 Pedestrian
-3.7681901454925537 -7.091466426849365 -1.6054131984710693 0 0 0 0 Pedestrian
2.8211171627044678 10.080735206604004 -2.062396764755249 0 0 0 0 Pedestrian
10.310135841369629 4.028399467468262 -1.4887418746948242 0 0 0 0 Pedestrian
11.30768871307373 1.735205054283142 -1.2842098474502563 0 0 0 0 Pedestrian
9.736454010009766 5.991653919219971 -2.5887722969055176 0 0 0 0 Pedestrian
-0.005574831273406744 11.301109313964844 -2.232607364654541 0 0 0 0 Pedestrian
-10.807001113891602 -1.903080701828003 -2.306964874267578 0 0 0 0 Pedestrian
13.744836807250977 9.138973236083984 -1.469864010810852 0 0 0 0 Pedestrian
-13.584840774536133 5.9116339683532715 -1.5946204662322998 0 0 0 0 Pedestrian
16.130687713623047 -7.577369689941406 -1.3794010877609253 0 0 0 0 Pedestrian