3.537874937057495 4.352497100830078 -1.6555655002593994 0 0 0 0 Pedestrian
5.1722259521484375 -0.8486564755439758 -1.5730336904525757 0 0 0 0 Pedestrian
-1.1685417890548706 4.864005088806152 -1.6676381826400757 0 0 0 0 Pedestrian
-2.302964448928833 -4.700027942657471 -1.776145339012146 0 0 0 0 Pedestrian
-5.783505439758301 2.6689610481262207 -1.739375114440918 0 0 0 0 Pedestrian
2.820199489593506 10.077400207519531 -2.0618503093719482 0 0 0 0 Pedestrian
10.327570915222168 4.044469356536865 -1.4470123052597046 0 0 0 0 Pedestrian
-10.212209701538086 5.249780178070068 -2.037393808364868 0 0 0 0 Pedestrian
-11.622103691101074 4.553436756134033 -1.8685506582260132 0 0 0 0 Pedestrian
-10.780558586120605 -1.8985481262207031 -2.301436424255371 0 0 0 0 Pedestrian
16.136171340942383 -7.562187671661377 -1.3788594007492065 0 0 0 0 Pedestrian
17.042749404907227 2.644096612930298 -1.8311164379119873 0 0 0 0 Pedestrian
-26.411029815673828 1.1374295949935913 -1.462111234664917 0 0 0 0 Pedestrian