-5.791659832000732 2.6682417392730713 -1.7370975017547607 0 0 0 0 Pedestrian
-2.813843011856079 -5.530120372772217 -2.165708541870117 0 0 0 0 Pedestrian
-6.722644805908203 4.445008754730225 -2.1090850830078125 0 0 0 0 Pedestrian
10.443102836608887 2.277431011199951 -1.2397115230560303 0 0 0 0 Pedestrian
10.298649787902832 4.022270202636719 -1.5065721273422241 0 0 0 0 Pedestrian
9.79973030090332 5.93513822555542 -2.5357165336608887 0 0 0 0 Pedestrian
-11.735655784606934 -1.7812957763671875 -1.3942217826843262 0 0 0 0 Pedestrian
0.009988125413656235 11.298765182495117 -2.3420114517211914 0 0 0 0 Pedestrian
6.411144256591797 9.373943328857422 -1.5035772323608398 0 0 0 0 Pedestrian
-13.591924667358398 5.905173301696777 -1.7206941843032837 0 0 0 0 Pedestrian
13.703909873962402 9.157475471496582 -1.4867067337036133 0 0 0 0 Pedestrian
16.13018798828125 -7.588317394256592 -1.3905529975891113 0 0 0 0 Pedestrian
-17.64297866821289 6.409960746765137 -1.8971275091171265 0 0 0 0 Pedestrian