5.173689842224121 -0.8401196599006653 -1.571679711341858 0 0 0 0 Pedestrian
-5.7856316566467285 2.6444308757781982 -1.7436633110046387 0 0 0 0 Pedestrian
7.531211853027344 3.1258656978607178 -1.4007720947265625 0 0 0 0 Pedestrian
8.621674537658691 -5.800626277923584 -1.2531013488769531 0 0 0 0 Pedestrian
-7.984364032745361 2.0577571392059326 -2.302130699157715 0 0 0 0 Pedestrian
2.8216845989227295 10.082386016845703 -2.063255786895752 0 0 0 0 Pedestrian
10.382735252380371 3.9674911499023438 -1.3035898208618164 0 0 0 0 Pedestrian
9.732701301574707 5.989791393280029 -2.5885140895843506 0 0 0 0 Pedestrian
0.009355811402201653 11.300220489501953 -2.342630386352539 0 0 0 0 Pedestrian
-11.603254318237305 4.699799537658691 -1.9189363718032837 0 0 0 0 Pedestrian
13.71216106414795 9.110255241394043 -1.5329469442367554 0 0 0 0 Pedestrian
16.141889572143555 -7.57771110534668 -1.390870213508606 0 0 0 0 Pedestrian
-17.645435333251953 6.410846710205078 -1.897181510925293 0 0 0 0 Pedestrian
-26.447431564331055 1.1851881742477417 -1.4411154985427856 0 0 0 0 Pedestrian