5.18001651763916 -0.8322758674621582 -1.5569323301315308 0 0 0 0 Pedestrian
-5.773345947265625 2.666883945465088 -1.7483731508255005 0 0 0 0 Pedestrian
-2.9533751010894775 -5.32478666305542 -1.7024232149124146 0 0 0 0 Pedestrian
-6.692500114440918 4.4543609619140625 -2.0488359928131104 0 0 0 0 Pedestrian
-3.8564834594726562 -7.092995643615723 -1.5707063674926758 0 0 0 0 Pedestrian
9.43532657623291 3.281165838241577 -1.6170430183410645 0 0 0 0 Pedestrian
8.623793601989746 -5.8021674156188965 -1.2531442642211914 0 0 0 0 Pedestrian
10.294437408447266 4.065781593322754 -1.4241057634353638 0 0 0 0 Pedestrian
9.734326362609863 5.9906158447265625 -2.5883357524871826 0 0 0 0 Pedestrian
-11.609201431274414 4.633113861083984 -1.9266653060913086 0 0 0 0 Pedestrian
-13.583008766174316 5.863861083984375 -1.7606158256530762 0 0 0 0 Pedestrian
16.117685317993164 -7.582304954528809 -1.3893378973007202 0 0 0 0 Pedestrian