5.4250569343566895 -4.820292949676514 -1.7973601818084717 0 0 0 0 Pedestrian
5.181251525878906 -0.8498674035072327 -1.5733884572982788 0 0 0 0 Pedestrian
-5.818265914916992 2.6942996978759766 -1.7472699880599976 0 0 0 0 Pedestrian
-2.7880914211273193 -5.546243667602539 -2.1467316150665283 0 0 0 0 Pedestrian
2.8240883350372314 10.0909423828125 -2.0646414756774902 0 0 0 0 Pedestrian
10.350306510925293 4.039300441741943 -1.4687024354934692 0 0 0 0 Pedestrian
12.48576831817627 2.0875253677368164 -1.4178071022033691 0 0 0 0 Pedestrian
0.21276815235614777 12.744297981262207 -2.2251884937286377 0 0 0 0 Pedestrian
-11.788074493408203 -1.7088313102722168 -1.4510948657989502 0 0 0 0 Pedestrian
0.009437711909413338 11.297808647155762 -2.3422460556030273 0 0 0 0 Pedestrian
-11.609346389770508 4.702121257781982 -1.9197758436203003 0 0 0 0 Pedestrian
-13.599035263061523 5.908310890197754 -1.7212110757827759 0 0 0 0 Pedestrian
16.138715744018555 -7.563832759857178 -1.379775047302246 0 0 0 0 Pedestrian
-26.430137634277344 1.1558525562286377 -1.554944634437561 0 0 0 0 Pedestrian