4.218962669372559 1.6206517219543457 -1.456193208694458 0 0 0 0 Pedestrian
2.3901379108428955 4.7208051681518555 -1.6030712127685547 0 0 0 0 Pedestrian
5.178442478179932 -0.8451734185218811 -1.5525579452514648 0 0 0 0 Pedestrian
-5.786027431488037 2.662843704223633 -1.7368063926696777 0 0 0 0 Pedestrian
-8.576536178588867 3.0075488090515137 -1.8396220207214355 0 0 0 0 Pedestrian
10.29539966583252 4.029852867126465 -1.4162095785140991 0 0 0 0 Pedestrian
-11.024657249450684 6.186992645263672 -2.226331949234009 0 0 0 0 Pedestrian
9.735334396362305 5.991276741027832 -2.588433027267456 0 0 0 0 Pedestrian
-11.6073579788208 4.6306281089782715 -1.9152742624282837 0 0 0 0 Pedestrian
6.257566452026367 9.322159767150879 -1.5196799039840698 0 0 0 0 Pedestrian
13.72605037689209 9.130518913269043 -1.5536226034164429 0 0 0 0 Pedestrian
16.15835952758789 -7.5726447105407715 -1.3507155179977417 0 0 0 0 Pedestrian