5.175746917724609 -0.84681636095047 -1.5769463777542114 0 0 0 0 Pedestrian
-5.816615581512451 2.719515562057495 -1.7451399564743042 0 0 0 0 Pedestrian
-2.9431402683258057 -5.297298431396484 -1.6725887060165405 0 0 0 0 Pedestrian
8.615273475646973 -5.827862739562988 -1.2214455604553223 0 0 0 0 Pedestrian
10.312421798706055 4.035879611968994 -1.4569262266159058 0 0 0 0 Pedestrian
11.90587043762207 2.1397948265075684 -1.4003139734268188 0 0 0 0 Pedestrian
-11.733903884887695 -1.683544397354126 -1.5824273824691772 0 0 0 0 Pedestrian
0.009604427963495255 11.295374870300293 -2.34140682220459 0 0 0 0 Pedestrian
-11.606438636779785 4.70077657699585 -1.9189741611480713 0 0 0 0 Pedestrian
-13.592042922973633 5.905282497406006 -1.7206147909164429 0 0 0 0 Pedestrian
13.726311683654785 9.2955322265625 -1.4249433279037476 0 0 0 0 Pedestrian
16.134450912475586 -7.589968681335449 -1.3903999328613281 0 0 0 0 Pedestrian
-17.652164459228516 6.413368225097656 -1.8976997137069702 0 0 0 0 Pedestrian
-26.45595932006836 1.1856826543807983 -1.4417864084243774 0 0 0 0 Pedestrian