2.574695348739624 4.627225399017334 -1.6100337505340576 0 0 0 0 Pedestrian
-5.799430847167969 2.665264368057251 -1.732041358947754 0 0 0 0 Pedestrian
10.30499267578125 4.016665458679199 -1.471806526184082 0 0 0 0 Pedestrian
-10.861307144165039 6.072408676147461 -2.1806676387786865 0 0 0 0 Pedestrian
11.06480598449707 1.5270646810531616 -1.3285757303237915 0 0 0 0 Pedestrian
9.732220649719238 5.988856315612793 -2.5879669189453125 0 0 0 0 Pedestrian
0.009543852880597115 11.303627967834473 -2.343132734298706 0 0 0 0 Pedestrian
-11.600008964538574 4.629181861877441 -1.9250668287277222 0 0 0 0 Pedestrian
6.257286071777344 9.321383476257324 -1.5194088220596313 0 0 0 0 Pedestrian
-13.576098442077637 5.860800743103027 -1.7597841024398804 0 0 0 0 Pedestrian
16.187376022338867 -7.5693039894104 -1.3529393672943115 0 0 0 0 Pedestrian
-26.411001205444336 1.1376276016235352 -1.3809620141983032 0 0 0 0 Pedestrian