4.301432132720947 1.57461678981781 -1.5126739740371704 0 0 0 0 Pedestrian
2.4914093017578125 4.673447608947754 -1.6042500734329224 0 0 0 0 Pedestrian
5.177182674407959 -0.8351543545722961 -1.5565769672393799 0 0 0 0 Pedestrian
-5.8002424240112305 2.6649160385131836 -1.7318637371063232 0 0 0 0 Pedestrian
2.8192155361175537 10.073556900024414 -2.0612943172454834 0 0 0 0 Pedestrian
10.331886291503906 4.018504619598389 -1.3979220390319824 0 0 0 0 Pedestrian
-10.942055702209473 6.130223274230957 -2.1981139183044434 0 0 0 0 Pedestrian
9.754496574401855 5.973026752471924 -2.58345365524292 0 0 0 0 Pedestrian
-11.601761817932129 4.604992866516113 -1.9131205081939697 0 0 0 0 Pedestrian
6.25823974609375 9.32289981842041 -1.5198320150375366 0 0 0 0 Pedestrian
16.157344818115234 -7.5849528312683105 -1.3638519048690796 0 0 0 0 Pedestrian