5.167996406555176 -0.8480924367904663 -1.5743893384933472 0 0 0 0 Pedestrian
-5.787414073944092 2.657696008682251 -1.7403160333633423 0 0 0 0 Pedestrian
-2.8186748027801514 -5.536555767059326 -2.1522536277770996 0 0 0 0 Pedestrian
-8.576000213623047 3.0072717666625977 -1.839422345161438 0 0 0 0 Pedestrian
2.8242335319519043 10.091775894165039 -2.064950942993164 0 0 0 0 Pedestrian
10.276067733764648 4.033504009246826 -1.494900107383728 0 0 0 0 Pedestrian
10.6281099319458 6.081807613372803 -1.8737493753433228 0 0 0 0 Pedestrian
10.265816688537598 7.1862993240356445 -1.4728596210479736 0 0 0 0 Pedestrian
0.009473191574215889 11.300349235534668 -2.342562675476074 0 0 0 0 Pedestrian
13.709757804870605 9.141179084777832 -1.4862174987792969 0 0 0 0 Pedestrian
16.136850357055664 -7.591339111328125 -1.391056776046753 0 0 0 0 Pedestrian
23.982336044311523 -9.219693183898926 -1.072039246559143 0 0 0 0 Pedestrian