5.172949314117432 -0.8410159349441528 -1.5623877048492432 0 0 0 0 Pedestrian
-5.778076648712158 2.6625094413757324 -1.7457343339920044 0 0 0 0 Pedestrian
-9.995285034179688 -0.9610173106193542 -1.640717625617981 0 0 0 0 Pedestrian
2.824110984802246 10.091144561767578 -2.064978837966919 0 0 0 0 Pedestrian
10.324461936950684 4.042789936065674 -1.4098867177963257 0 0 0 0 Pedestrian
9.799234390258789 5.909156322479248 -2.5564651489257812 0 0 0 0 Pedestrian
0.05416679009795189 11.274656295776367 -2.297977924346924 0 0 0 0 Pedestrian
-11.658736228942871 4.5675811767578125 -1.8743860721588135 0 0 0 0 Pedestrian
-13.588193893432617 5.866076469421387 -1.7611714601516724 0 0 0 0 Pedestrian
13.781262397766113 9.23049259185791 -1.3595352172851562 0 0 0 0 Pedestrian
16.148963928222656 -7.581223487854004 -1.3915419578552246 0 0 0 0 Pedestrian
-17.65382957458496 6.4139084815979 -1.898231863975525 0 0 0 0 Pedestrian
-26.404804229736328 1.137292504310608 -1.4615511894226074 0 0 0 0 Pedestrian