5.179255485534668 -0.8378093838691711 -1.5668889284133911 0 0 0 0 Pedestrian
-5.77488374710083 2.6673874855041504 -1.7487807273864746 0 0 0 0 Pedestrian
6.813966274261475 3.525338888168335 -1.5421005487442017 0 0 0 0 Pedestrian
-2.9489169120788574 -5.32753849029541 -1.6988017559051514 0 0 0 0 Pedestrian
-3.87103271484375 -7.119269371032715 -1.5749316215515137 0 0 0 0 Pedestrian
9.714427947998047 -6.006509780883789 -1.327416181564331 0 0 0 0 Pedestrian
9.72597885131836 5.971317768096924 -2.6136045455932617 0 0 0 0 Pedestrian
10.337491035461426 4.170417785644531 -1.118361473083496 0 0 0 0 Pedestrian
0.05480985343456268 11.267446517944336 -2.2958083152770996 0 0 0 0 Pedestrian
-11.608254432678223 4.701517581939697 -1.9193733930587769 0 0 0 0 Pedestrian
13.693120956420898 9.103551864624023 -1.567126989364624 0 0 0 0 Pedestrian
16.11260986328125 -7.5799946784973145 -1.3887982368469238 0 0 0 0 Pedestrian
-26.41265869140625 1.1375919580459595 -1.4620161056518555 0 0 0 0 Pedestrian