5.173406600952148 -0.8449682593345642 -1.5792157649993896 0 0 0 0 Pedestrian
-5.775457382202148 2.6473236083984375 -1.7545605897903442 0 0 0 0 Pedestrian
-2.9553709030151367 -5.328315258026123 -1.7037516832351685 0 0 0 0 Pedestrian
9.053400993347168 2.7272539138793945 -1.8128817081451416 0 0 0 0 Pedestrian
-7.986061096191406 2.0523810386657715 -2.3222687244415283 0 0 0 0 Pedestrian
7.917559623718262 -1.9644873142242432 -1.0602128505706787 0 0 0 0 Pedestrian
10.346817970275879 4.027409076690674 -1.503030776977539 0 0 0 0 Pedestrian
0.25180140137672424 12.729387283325195 -2.2455103397369385 0 0 0 0 Pedestrian
-0.005243822932243347 11.294646263122559 -2.231302499771118 0 0 0 0 Pedestrian
-11.582008361816406 4.673135280609131 -1.8993767499923706 0 0 0 0 Pedestrian
13.726152420043945 9.119538307189941 -1.5344269275665283 0 0 0 0 Pedestrian
16.14093589782715 -7.593057155609131 -1.3909083604812622 0 0 0 0 Pedestrian