3.5639901161193848 1.1881111860275269 -1.3158071041107178 0 0 0 0 Pedestrian
3.437929391860962 4.38458251953125 -1.6381711959838867 0 0 0 0 Pedestrian
-2.301239013671875 -4.736743450164795 -1.6507363319396973 0 0 0 0 Pedestrian
-1.0793513059616089 4.829723358154297 -1.6576608419418335 0 0 0 0 Pedestrian
-5.794155597686768 2.673685073852539 -1.7423592805862427 0 0 0 0 Pedestrian
-2.9656026363372803 -5.422917366027832 -2.0645320415496826 0 0 0 0 Pedestrian
9.699347496032715 -5.997224807739258 -1.3258967399597168 0 0 0 0 Pedestrian
10.345913887023926 4.036930561065674 -1.4161113500595093 0 0 0 0 Pedestrian
-10.293994903564453 5.3226094245910645 -2.0454297065734863 0 0 0 0 Pedestrian
9.750249862670898 6.000147819519043 -2.592686414718628 0 0 0 0 Pedestrian
0.05439118295907974 11.275836944580078 -2.2977890968322754 0 0 0 0 Pedestrian
-11.609550476074219 4.607718467712402 -1.91403329372406 0 0 0 0 Pedestrian
6.2654900550842285 9.33373737335205 -1.5216408967971802 0 0 0 0 Pedestrian
13.698447227478027 9.084043502807617 -1.5302742719650269 0 0 0 0 Pedestrian
16.125804901123047 -7.596311569213867 -1.3998762369155884 0 0 0 0 Pedestrian