5.156197547912598 3.8849472999572754 -1.6606781482696533 0 0 0 0 Pedestrian
5.177825927734375 -0.8467305302619934 -1.5863428115844727 0 0 0 0 Pedestrian
-2.856948137283325 5.501287937164307 -1.865290880203247 0 0 0 0 Pedestrian
-5.795307159423828 2.6599104404449463 -1.7343910932540894 0 0 0 0 Pedestrian
-6.71979284286499 4.441943168640137 -2.1020612716674805 0 0 0 0 Pedestrian
9.699031829833984 -5.999856948852539 -1.312003493309021 0 0 0 0 Pedestrian
10.292548179626465 4.0173163414001465 -1.475970983505249 0 0 0 0 Pedestrian
9.74077320098877 5.990095138549805 -2.5596251487731934 0 0 0 0 Pedestrian
10.880316734313965 2.318387508392334 -1.2909917831420898 0 0 0 0 Pedestrian
16.141849517822266 -7.565053462982178 -1.3799378871917725 0 0 0 0 Pedestrian
-26.419544219970703 1.218511939048767 -1.462634801864624 0 0 0 0 Pedestrian