-5.718540191650391 2.7148470878601074 -1.7374533414840698 0 0 0 0 Pedestrian
5.177469253540039 -0.838327944278717 -1.5629913806915283 0 0 0 0 Pedestrian
-6.7297892570495605 4.44090461730957 -2.0979723930358887 0 0 0 0 Pedestrian
10.481841087341309 1.5871912240982056 -1.2259464263916016 0 0 0 0 Pedestrian
10.038557052612305 4.0849385261535645 -1.2799170017242432 0 0 0 0 Pedestrian
9.752111434936523 -5.965574264526367 -1.199691891670227 0 0 0 0 Pedestrian
10.346681594848633 4.0322346687316895 -1.1951874494552612 0 0 0 0 Pedestrian
9.760004043579102 5.973628520965576 -2.5532608032226562 0 0 0 0 Pedestrian
-11.64046859741211 4.599842548370361 -1.97356116771698 0 0 0 0 Pedestrian
-10.847355842590332 -1.894013524055481 -2.2686760425567627 0 0 0 0 Pedestrian
-26.457683563232422 1.1570265293121338 -1.5572559833526611 0 0 0 0 Pedestrian