-3.222994804382324 -2.4640591144561768 -1.3596901893615723 0 0 0 0 Pedestrian
5.182522773742676 -0.8444913625717163 -1.582024097442627 0 0 0 0 Pedestrian
-5.718714237213135 2.6895363330841064 -1.71267569065094 0 0 0 0 Pedestrian
2.820441484451294 10.078211784362793 -2.0620903968811035 0 0 0 0 Pedestrian
10.305490493774414 4.018093109130859 -1.442550539970398 0 0 0 0 Pedestrian
0.24516309797763824 12.754572868347168 -2.2643284797668457 0 0 0 0 Pedestrian
9.839070320129395 5.859753131866455 -2.5293099880218506 0 0 0 0 Pedestrian
0.054528143256902695 11.273053169250488 -2.2970638275146484 0 0 0 0 Pedestrian
-10.803561210632324 -1.9024121761322021 -2.3061416149139404 0 0 0 0 Pedestrian
-14.30249309539795 6.597984313964844 -1.856400728225708 0 0 0 0 Pedestrian
16.184167861938477 -7.567802906036377 -1.3524446487426758 0 0 0 0 Pedestrian
-17.4013729095459 6.187553405761719 -1.970755696296692 0 0 0 0 Pedestrian