5.166393280029297 -0.8497791886329651 -1.5800672769546509 0 0 0 0 Pedestrian
-5.812644004821777 2.6961758136749268 -1.7436057329177856 0 0 0 0 Pedestrian
-2.821629762649536 -5.523257255554199 -2.1365859508514404 0 0 0 0 Pedestrian
-7.630399703979492 -1.110161304473877 -1.4797368049621582 0 0 0 0 Pedestrian
2.8217315673828125 10.082528114318848 -2.0631470680236816 0 0 0 0 Pedestrian
10.337203025817871 4.0262980461120605 -1.4589426517486572 0 0 0 0 Pedestrian
12.982953071594238 1.990746259689331 -1.4238369464874268 0 0 0 0 Pedestrian
0.21258330345153809 12.738866806030273 -2.224320888519287 0 0 0 0 Pedestrian
-11.67674732208252 4.614024639129639 -1.9445421695709229 0 0 0 0 Pedestrian
-13.584413528442383 5.864529609680176 -1.7605230808258057 0 0 0 0 Pedestrian
16.12360382080078 -7.585012912750244 -1.3898452520370483 0 0 0 0 Pedestrian
-17.660219192504883 6.416179656982422 -1.8987696170806885 0 0 0 0 Pedestrian