-5.730278491973877 2.7181413173675537 -1.7338801622390747 0 0 0 0 Pedestrian
5.179876327514648 -0.8404996395111084 -1.5575116872787476 0 0 0 0 Pedestrian
10.413484573364258 1.5572774410247803 -1.2437790632247925 0 0 0 0 Pedestrian
2.822378158569336 10.08504581451416 -2.063521385192871 0 0 0 0 Pedestrian
6.1873698234558105 8.898825645446777 -1.413296103477478 0 0 0 0 Pedestrian
9.764577865600586 -5.97327995300293 -1.2010159492492676 0 0 0 0 Pedestrian
10.306735038757324 4.07493257522583 -1.226366639137268 0 0 0 0 Pedestrian
9.729385375976562 5.987769603729248 -2.5872435569763184 0 0 0 0 Pedestrian
-11.615065574645996 4.58984375 -1.9691338539123535 0 0 0 0 Pedestrian
-13.593233108520508 5.8682756423950195 -1.761759638786316 0 0 0 0 Pedestrian
-26.420686721801758 1.1174821853637695 -1.4626498222351074 0 0 0 0 Pedestrian