-3.9875192642211914 -2.2976644039154053 -1.2889961004257202 0 0 0 0 Pedestrian
-1.8756582736968994 -3.2173683643341064 -1.2295035123825073 0 0 0 0 Pedestrian
5.166921138763428 -0.8556203246116638 -1.5818560123443604 0 0 0 0 Pedestrian
-5.7183403968811035 2.659536361694336 -1.7121260166168213 0 0 0 0 Pedestrian
-6.705313205718994 4.439148426055908 -2.085836887359619 0 0 0 0 Pedestrian
8.95534610748291 6.042877197265625 -1.4864259958267212 0 0 0 0 Pedestrian
6.124636173248291 8.874156951904297 -1.4591023921966553 0 0 0 0 Pedestrian
9.785537719726562 -5.9689154624938965 -1.3087526559829712 0 0 0 0 Pedestrian
10.317548751831055 3.999138116836548 -1.4870389699935913 0 0 0 0 Pedestrian
-9.693868637084961 6.289525985717773 -1.9869787693023682 0 0 0 0 Pedestrian
-11.613962173461914 4.583142280578613 -1.8860080242156982 0 0 0 0 Pedestrian
-10.817381858825684 -1.9044582843780518 -2.308684825897217 0 0 0 0 Pedestrian
16.156780242919922 -7.5847907066345215 -1.3920472860336304 0 0 0 0 Pedestrian