-2.0433881282806396 -4.437114238739014 -1.4996223449707031 0 0 0 0 Pedestrian
5.169794082641602 -0.8340111374855042 -1.5653473138809204 0 0 0 0 Pedestrian
-5.822402477264404 2.699195623397827 -1.7245534658432007 0 0 0 0 Pedestrian
-2.9492061138153076 -5.305453300476074 -1.678754210472107 0 0 0 0 Pedestrian
9.777860641479492 6.173196792602539 -2.050896167755127 0 0 0 0 Pedestrian
10.31233024597168 4.0389485359191895 -1.4466509819030762 0 0 0 0 Pedestrian
0.24479089677333832 12.74449348449707 -2.2625303268432617 0 0 0 0 Pedestrian
11.485114097595215 1.574588656425476 -1.4167935848236084 0 0 0 0 Pedestrian
0.05473695695400238 11.277920722961426 -2.298239231109619 0 0 0 0 Pedestrian
-11.635576248168945 4.640791893005371 -1.8751589059829712 0 0 0 0 Pedestrian
10.216723442077637 6.931407451629639 -1.5702853202819824 0 0 0 0 Pedestrian
-13.588672637939453 5.866094589233398 -1.7613316774368286 0 0 0 0 Pedestrian
16.11151885986328 -7.579437732696533 -1.389034628868103 0 0 0 0 Pedestrian
-17.65683364868164 6.4150190353393555 -1.8983999490737915 0 0 0 0 Pedestrian