-5.812272548675537 2.7023260593414307 -1.7459421157836914 0 0 0 0 Pedestrian
5.468165874481201 -4.768625736236572 -1.6811292171478271 0 0 0 0 Pedestrian
-2.93341064453125 -5.266581058502197 -1.6453617811203003 0 0 0 0 Pedestrian
9.72484302520752 -6.012974262237549 -1.328989028930664 0 0 0 0 Pedestrian
10.338201522827148 4.034900665283203 -1.3957878351211548 0 0 0 0 Pedestrian
12.725112915039062 2.047344923019409 -1.42851984500885 0 0 0 0 Pedestrian
-0.036519408226013184 11.305988311767578 -2.272412061691284 0 0 0 0 Pedestrian
-12.558893203735352 -1.2812060117721558 -2.247424602508545 0 0 0 0 Pedestrian
-11.594828605651855 4.627038955688477 -1.9244866371154785 0 0 0 0 Pedestrian
-11.960121154785156 -1.7734408378601074 -1.2888439893722534 0 0 0 0 Pedestrian
-13.58215618133545 5.8634843826293945 -1.7605712413787842 0 0 0 0 Pedestrian
16.132587432861328 -7.59946346282959 -1.4004461765289307 0 0 0 0 Pedestrian