5.1767683029174805 -0.8408015370368958 -1.564807653427124 0 0 0 0 Pedestrian
-5.736079692840576 2.7190237045288086 -1.7170664072036743 0 0 0 0 Pedestrian
10.312100410461426 4.026692867279053 -1.4793920516967773 0 0 0 0 Pedestrian
0.230121448636055 12.748311996459961 -2.235287666320801 0 0 0 0 Pedestrian
9.75825023651123 -6.145537376403809 -1.1058411598205566 0 0 0 0 Pedestrian
9.801263809204102 5.890863418579102 -2.5262510776519775 0 0 0 0 Pedestrian
-11.602926254272461 4.630417346954346 -1.9258060455322266 0 0 0 0 Pedestrian
0.05447464436292648 11.269142150878906 -2.296241283416748 0 0 0 0 Pedestrian
-14.305462837219238 6.599255561828613 -1.8570449352264404 0 0 0 0 Pedestrian
16.177289962768555 -7.5644025802612305 -1.351605772972107 0 0 0 0 Pedestrian
-26.45022201538086 1.1619526147842407 -1.441102385520935 0 0 0 0 Pedestrian