-5.7070488929748535 2.7066848278045654 -1.7332947254180908 0 0 0 0 Pedestrian
5.1742634773254395 -0.8420884609222412 -1.5685482025146484 0 0 0 0 Pedestrian
8.720863342285156 3.1717302799224854 -1.4681658744812012 0 0 0 0 Pedestrian
2.8209574222564697 10.079986572265625 -2.062394618988037 0 0 0 0 Pedestrian
5.787853717803955 -5.628607749938965 -1.490501046180725 0 0 0 0 Pedestrian
9.733613014221191 5.985767364501953 -2.558100700378418 0 0 0 0 Pedestrian
11.057184219360352 1.7951064109802246 -1.2589389085769653 0 0 0 0 Pedestrian
10.306439399719238 4.2003912925720215 -1.094760537147522 0 0 0 0 Pedestrian
-11.708009719848633 4.570350170135498 -1.9112873077392578 0 0 0 0 Pedestrian
0.05434311181306839 11.280982971191406 -2.2987678050994873 0 0 0 0 Pedestrian
-13.63819694519043 5.977959156036377 -1.734445333480835 0 0 0 0 Pedestrian