-3.0900094509124756 -2.2691309452056885 -1.2899441719055176 0 0 0 0 Pedestrian
-3.7104287147521973 -2.3523716926574707 -1.33976149559021 0 0 0 0 Pedestrian
5.173675060272217 -0.8443576097488403 -1.5764268636703491 0 0 0 0 Pedestrian
-5.7144060134887695 2.6588661670684814 -1.7145155668258667 0 0 0 0 Pedestrian
10.295646667480469 4.043470859527588 -1.4272388219833374 0 0 0 0 Pedestrian
9.856266975402832 -5.91355037689209 -1.2413839101791382 0 0 0 0 Pedestrian
9.765963554382324 5.939357280731201 -2.5405821800231934 0 0 0 0 Pedestrian
0.009502828121185303 11.295154571533203 -2.3413338661193848 0 0 0 0 Pedestrian
-13.596353530883789 5.837857246398926 -1.7791810035705566 0 0 0 0 Pedestrian
-14.31706428527832 6.604649066925049 -1.858319640159607 0 0 0 0 Pedestrian
16.131824493408203 -7.577784538269043 -1.3795112371444702 0 0 0 0 Pedestrian