-1.7700482606887817 -3.438342809677124 -1.2742058038711548 0 0 0 0 Pedestrian
-5.720714569091797 2.648869752883911 -1.7143192291259766 0 0 0 0 Pedestrian
-2.9486453533172607 -5.281213283538818 -1.63621187210083 0 0 0 0 Pedestrian
2.8230319023132324 10.087421417236328 -2.0639350414276123 0 0 0 0 Pedestrian
10.330403327941895 4.017812252044678 -1.4892534017562866 0 0 0 0 Pedestrian
0.2301287204027176 12.754266738891602 -2.2360689640045166 0 0 0 0 Pedestrian
0.009894786402583122 11.303305625915527 -2.343062162399292 0 0 0 0 Pedestrian
-11.579668045043945 4.6897478103637695 -1.9146134853363037 0 0 0 0 Pedestrian
-14.33604907989502 6.612957000732422 -1.7493293285369873 0 0 0 0 Pedestrian
16.160123825073242 -7.586358070373535 -1.3926475048065186 0 0 0 0 Pedestrian
17.755325317382812 -7.738490104675293 -1.3827645778656006 0 0 0 0 Pedestrian
-17.64261817932129 6.409897804260254 -1.8967726230621338 0 0 0 0 Pedestrian
-22.256174087524414 9.150548934936523 -2.1601414680480957 0 0 0 0 Pedestrian
-26.41115951538086 1.137555718421936 -1.4620044231414795 0 0 0 0 Pedestrian