-1.8874684572219849 -3.9079039096832275 -1.3980282545089722 0 0 0 0 Pedestrian
4.0908966064453125 0.9160205125808716 -1.127435564994812 0 0 0 0 Pedestrian
-5.740572452545166 2.686730146408081 -1.7266168594360352 0 0 0 0 Pedestrian
10.32746696472168 4.028750896453857 -1.455251693725586 0 0 0 0 Pedestrian
11.486597061157227 1.6953842639923096 -1.3727750778198242 0 0 0 0 Pedestrian
0.22996169328689575 12.748090744018555 -2.235015630722046 0 0 0 0 Pedestrian
-11.621623992919922 4.60209846496582 -1.9008909463882446 0 0 0 0 Pedestrian
0.05439925938844681 11.280838966369629 -2.2988662719726562 0 0 0 0 Pedestrian
-13.577611923217773 5.8613786697387695 -1.7603081464767456 0 0 0 0 Pedestrian
16.114620208740234 -7.580721378326416 -1.3889262676239014 0 0 0 0 Pedestrian
-26.458160400390625 1.1995244026184082 -1.5476889610290527 0 0 0 0 Pedestrian