-1.7013181447982788 -3.6018402576446533 -1.2797597646713257 0 0 0 0 Pedestrian
-4.139420032501221 -2.009336233139038 -1.4177334308624268 0 0 0 0 Pedestrian
5.177699565887451 -0.8442092537879944 -1.5657174587249756 0 0 0 0 Pedestrian
-5.716158390045166 2.642892360687256 -1.7192471027374268 0 0 0 0 Pedestrian
-2.9596498012542725 -5.336178302764893 -1.706511378288269 0 0 0 0 Pedestrian
-8.579793930053711 3.0051591396331787 -1.8262649774551392 0 0 0 0 Pedestrian
2.8219571113586426 10.083641052246094 -2.0632271766662598 0 0 0 0 Pedestrian
10.330939292907715 4.014833450317383 -1.4603521823883057 0 0 0 0 Pedestrian
-10.494882583618164 6.392160415649414 -2.1963160037994385 0 0 0 0 Pedestrian
0.2297673374414444 12.740314483642578 -2.2338476181030273 0 0 0 0 Pedestrian
0.009832375682890415 11.289871215820312 -2.3400416374206543 0 0 0 0 Pedestrian
-11.588157653808594 4.693511486053467 -1.9162652492523193 0 0 0 0 Pedestrian
-13.583354949951172 5.85764217376709 -1.833315134048462 0 0 0 0 Pedestrian
16.142383575439453 -7.5780205726623535 -1.3910800218582153 0 0 0 0 Pedestrian
-17.636083602905273 6.407405853271484 -1.896315574645996 0 0 0 0 Pedestrian
-26.4298038482666 1.1842525005340576 -1.439660668373108 0 0 0 0 Pedestrian