5.181270122528076 -0.8437688946723938 -1.5619869232177734 0 0 0 0 Pedestrian
-5.801630020141602 2.6931302547454834 -1.727469801902771 0 0 0 0 Pedestrian
-2.0436599254608154 -4.322899341583252 -1.5938674211502075 0 0 0 0 Pedestrian
-2.955495595932007 -5.328532695770264 -1.7032049894332886 0 0 0 0 Pedestrian
9.762825965881348 6.147344589233398 -2.0776751041412354 0 0 0 0 Pedestrian
10.30408000946045 4.031838893890381 -1.4416346549987793 0 0 0 0 Pedestrian
0.22986552119255066 12.74340534210205 -2.2343528270721436 0 0 0 0 Pedestrian
11.525680541992188 1.6149704456329346 -1.3931301832199097 0 0 0 0 Pedestrian
0.009732105769217014 11.292305946350098 -2.3408923149108887 0 0 0 0 Pedestrian
-11.606918334960938 4.607006072998047 -1.9137842655181885 0 0 0 0 Pedestrian
16.145753860473633 -7.579241752624512 -1.3908233642578125 0 0 0 0 Pedestrian
-26.437902450561523 1.1847397089004517 -1.4402910470962524 0 0 0 0 Pedestrian