-1.824753761291504 -4.256898403167725 -1.2696532011032104 0 0 0 0 Pedestrian
5.180860996246338 -0.8446780443191528 -1.5658854246139526 0 0 0 0 Pedestrian
-5.715909481048584 2.7103893756866455 -1.7446746826171875 0 0 0 0 Pedestrian
2.8236308097839355 10.089533805847168 -2.064434289932251 0 0 0 0 Pedestrian
10.346579551696777 4.006740093231201 -1.4310661554336548 0 0 0 0 Pedestrian
11.475238800048828 -0.42886215448379517 -1.416643500328064 0 0 0 0 Pedestrian
0.21292933821678162 12.748451232910156 -2.2258834838867188 0 0 0 0 Pedestrian
9.745132446289062 5.967640399932861 -2.581000804901123 0 0 0 0 Pedestrian
-11.636730194091797 4.607609748840332 -1.9030568599700928 0 0 0 0 Pedestrian
13.750173568725586 9.204452514648438 -1.4735963344573975 0 0 0 0 Pedestrian
-26.405994415283203 1.1169030666351318 -1.4614754915237427 0 0 0 0 Pedestrian