-1.7327332496643066 -3.48764705657959 -1.2667639255523682 0 0 0 0 Pedestrian
4.141197681427002 0.922107994556427 -1.1163681745529175 0 0 0 0 Pedestrian
5.179052829742432 -0.8491460084915161 -1.5878956317901611 0 0 0 0 Pedestrian
-5.707127094268799 2.643021583557129 -1.7247220277786255 0 0 0 0 Pedestrian
5.426947116851807 -4.22553825378418 -1.2826929092407227 0 0 0 0 Pedestrian
-2.951984167098999 -5.315510272979736 -1.64658784866333 0 0 0 0 Pedestrian
6.254770278930664 -5.240111827850342 -1.7364779710769653 0 0 0 0 Pedestrian
2.8199846744537354 10.076570510864258 -2.061685085296631 0 0 0 0 Pedestrian
10.301436424255371 4.022435188293457 -1.5169700384140015 0 0 0 0 Pedestrian
9.719281196594238 5.97582483291626 -2.5538489818573 0 0 0 0 Pedestrian
-10.82421875 6.493695259094238 -2.190917491912842 0 0 0 0 Pedestrian
11.407103538513184 7.195107936859131 -2.2960572242736816 0 0 0 0 Pedestrian
-11.62696361541748 4.604188442230225 -1.9016096591949463 0 0 0 0 Pedestrian
0.05470205470919609 11.263520240783691 -2.295055866241455 0 0 0 0 Pedestrian
-10.794222831726074 -1.9005401134490967 -2.30380916595459 0 0 0 0 Pedestrian
16.110580444335938 -7.578953742980957 -1.388839840888977 0 0 0 0 Pedestrian
-26.405075073242188 1.1371235847473145 -1.461390495300293 0 0 0 0 Pedestrian