5.183250904083252 -0.8417125940322876 -1.5643478631973267 0 0 0 0 Pedestrian
-5.70004940032959 2.7031748294830322 -1.7436310052871704 0 0 0 0 Pedestrian
-6.716914176940918 4.467816352844238 -2.0275089740753174 0 0 0 0 Pedestrian
8.78094482421875 3.078770399093628 -1.4908251762390137 0 0 0 0 Pedestrian
-7.989552021026611 2.0533218383789062 -2.32326078414917 0 0 0 0 Pedestrian
0.24481742084026337 12.745808601379395 -2.2626147270202637 0 0 0 0 Pedestrian
9.753689765930176 5.969680309295654 -2.551456928253174 0 0 0 0 Pedestrian
10.269067764282227 4.111330509185791 -1.2413825988769531 0 0 0 0 Pedestrian
-11.59812068939209 4.697230815887451 -1.9176104068756104 0 0 0 0 Pedestrian
-13.650044441223145 5.983047008514404 -1.7361150979995728 0 0 0 0 Pedestrian
-26.416725158691406 1.1553195714950562 -1.5542181730270386 0 0 0 0 Pedestrian