-1.7758822441101074 -3.1015734672546387 -1.2000713348388672 0 0 0 0 Pedestrian
4.20955753326416 1.6286450624465942 -1.49899423122406 0 0 0 0 Pedestrian
-5.710011959075928 2.731816053390503 -1.7553945779800415 0 0 0 0 Pedestrian
9.696450233459473 -6.054581165313721 -1.3560532331466675 0 0 0 0 Pedestrian
10.285088539123535 4.072685718536377 -1.497184157371521 0 0 0 0 Pedestrian
-11.615340232849121 4.635306358337402 -1.9278409481048584 0 0 0 0 Pedestrian
-13.588440895080566 5.866121768951416 -1.7613426446914673 0 0 0 0 Pedestrian
13.781240463256836 9.237117767333984 -1.425954818725586 0 0 0 0 Pedestrian
16.15708351135254 -7.584860324859619 -1.364012360572815 0 0 0 0 Pedestrian
-16.8819522857666 5.6176018714904785 -1.9707845449447632 0 0 0 0 Pedestrian
-26.4300479888916 1.1177877187728882 -1.4630584716796875 0 0 0 0 Pedestrian