-3.723223924636841 -2.019150733947754 -1.339633584022522 0 0 0 0 Pedestrian
-1.663629412651062 -3.749492883682251 -1.2903223037719727 0 0 0 0 Pedestrian
5.169488430023193 -0.8451208472251892 -1.5737855434417725 0 0 0 0 Pedestrian
-4.148608684539795 -2.547621011734009 -1.4522780179977417 0 0 0 0 Pedestrian
-5.732246398925781 2.662616014480591 -1.7198489904403687 0 0 0 0 Pedestrian
10.32160758972168 4.011797904968262 -1.456756591796875 0 0 0 0 Pedestrian
-10.058426856994629 6.374333381652832 -2.1748461723327637 0 0 0 0 Pedestrian
-11.608171463012695 4.632632255554199 -1.9266154766082764 0 0 0 0 Pedestrian
16.133127212524414 -7.589709758758545 -1.3908448219299316 0 0 0 0 Pedestrian
-17.61981201171875 6.401564121246338 -1.8943933248519897 0 0 0 0 Pedestrian
-21.097681045532227 9.042455673217773 -1.791763186454773 0 0 0 0 Pedestrian