-1.6949007511138916 -3.6476922035217285 -1.2849491834640503 0 0 0 0 Pedestrian
-4.047778129577637 -2.0447587966918945 -1.417862892150879 0 0 0 0 Pedestrian
-4.35811185836792 -2.5660758018493652 -1.4494245052337646 0 0 0 0 Pedestrian
5.170191764831543 -0.8483546376228333 -1.5796964168548584 0 0 0 0 Pedestrian
-5.723873138427734 2.6466712951660156 -1.715411901473999 0 0 0 0 Pedestrian
4.917970180511475 -5.427492141723633 -1.27828848361969 0 0 0 0 Pedestrian
-2.934009552001953 -5.497513771057129 -2.0004897117614746 0 0 0 0 Pedestrian
10.324117660522461 4.023898124694824 -1.4684160947799683 0 0 0 0 Pedestrian
-10.406780242919922 6.368225574493408 -2.193105697631836 0 0 0 0 Pedestrian
0.009553160518407822 11.302865028381348 -2.3429930210113525 0 0 0 0 Pedestrian
-11.618749618530273 4.637021064758301 -1.928601861000061 0 0 0 0 Pedestrian
16.124418258666992 -7.593639850616455 -1.390264630317688 0 0 0 0 Pedestrian
-17.633087158203125 6.406385898590088 -1.8958327770233154 0 0 0 0 Pedestrian
-26.407302856445312 1.1372501850128174 -1.4616985321044922 0 0 0 0 Pedestrian