5.177436351776123 -0.8424527645111084 -1.587464451789856 0 0 0 0 Pedestrian
-5.717851161956787 2.7347545623779297 -1.7473715543746948 0 0 0 0 Pedestrian
6.215603828430176 -5.230503559112549 -1.9590646028518677 0 0 0 0 Pedestrian
10.475536346435547 1.519758939743042 -1.1991549730300903 0 0 0 0 Pedestrian
2.8228044509887695 10.086865425109863 -2.063753843307495 0 0 0 0 Pedestrian
10.326798439025879 4.023197174072266 -1.425410509109497 0 0 0 0 Pedestrian
0.23032547533512115 12.757325172424316 -2.2367331981658936 0 0 0 0 Pedestrian
10.286116600036621 7.049829483032227 -1.5933462381362915 0 0 0 0 Pedestrian
10.744468688964844 6.060369968414307 -1.4303100109100342 0 0 0 0 Pedestrian
-11.60493278503418 4.605821132659912 -1.9135762453079224 0 0 0 0 Pedestrian
16.169239044189453 -7.560721397399902 -1.3512213230133057 0 0 0 0 Pedestrian