-1.7940715551376343 -3.4896295070648193 -1.2782530784606934 0 0 0 0 Pedestrian
5.178768157958984 -0.8384928703308105 -1.5601634979248047 0 0 0 0 Pedestrian
-5.720547676086426 2.6631078720092773 -1.7117583751678467 0 0 0 0 Pedestrian
7.896364688873291 -1.9967297315597534 -1.0323381423950195 0 0 0 0 Pedestrian
10.293488502502441 4.052459716796875 -1.4881476163864136 0 0 0 0 Pedestrian
0.22992326319217682 12.745388984680176 -2.23462176322937 0 0 0 0 Pedestrian
-11.665380477905273 4.6191086769104 -1.9076483249664307 0 0 0 0 Pedestrian
0.0550641231238842 11.267973899841309 -2.295757293701172 0 0 0 0 Pedestrian
-10.81773853302002 -1.9050853252410889 -2.309436321258545 0 0 0 0 Pedestrian
-13.590998649597168 5.867228031158447 -1.7616325616836548 0 0 0 0 Pedestrian
-14.350339889526367 6.619575500488281 -1.751156210899353 0 0 0 0 Pedestrian
16.14429473876953 -7.604762554168701 -1.401234745979309 0 0 0 0 Pedestrian
-22.471527099609375 9.192914962768555 -2.1790900230407715 0 0 0 0 Pedestrian