5.180245399475098 -0.8349082469940186 -1.563727617263794 0 0 0 0 Pedestrian
-5.7471113204956055 2.7271363735198975 -1.7339346408843994 0 0 0 0 Pedestrian
2.8195581436157227 10.074885368347168 -2.0614449977874756 0 0 0 0 Pedestrian
10.333669662475586 4.013821601867676 -1.5322386026382446 0 0 0 0 Pedestrian
10.651698112487793 6.066103458404541 -1.7574905157089233 0 0 0 0 Pedestrian
9.760151863098145 -6.178262233734131 -1.1161023378372192 0 0 0 0 Pedestrian
0.009593125432729721 11.295822143554688 -2.3414132595062256 0 0 0 0 Pedestrian
9.780753135681152 5.942007064819336 -2.5915956497192383 0 0 0 0 Pedestrian
-11.574624061584473 4.687855243682861 -1.9139244556427002 0 0 0 0 Pedestrian
-13.598149299621582 5.8592119216918945 -1.7967803478240967 0 0 0 0 Pedestrian
16.158123016357422 -7.585184097290039 -1.3638279438018799 0 0 0 0 Pedestrian
-26.446081161499023 1.1617909669876099 -1.4409188032150269 0 0 0 0 Pedestrian