-1.673251748085022 -3.8536159992218018 -1.3512965440750122 0 0 0 0 Pedestrian
-4.11570930480957 -2.3619766235351562 -1.2330377101898193 0 0 0 0 Pedestrian
5.177084445953369 -0.8404008746147156 -1.5665148496627808 0 0 0 0 Pedestrian
-5.732345104217529 2.667412519454956 -1.7068333625793457 0 0 0 0 Pedestrian
8.934727668762207 6.048638820648193 -1.4394429922103882 0 0 0 0 Pedestrian
9.755020141601562 -6.006783485412598 -1.3340181112289429 0 0 0 0 Pedestrian
10.313776969909668 4.015938758850098 -1.5176877975463867 0 0 0 0 Pedestrian
-9.85576057434082 6.301157474517822 -2.0803487300872803 0 0 0 0 Pedestrian
-11.61347770690918 4.66353178024292 -1.9379054307937622 0 0 0 0 Pedestrian
-13.58547592163086 5.85634183883667 -1.8353298902511597 0 0 0 0 Pedestrian
16.133455276489258 -7.561066150665283 -1.3788058757781982 0 0 0 0 Pedestrian