-5.708700180053711 2.7038519382476807 -1.7468663454055786 0 0 0 0 Pedestrian
5.17752742767334 -0.8396723866462708 -1.5574222803115845 0 0 0 0 Pedestrian
8.864034652709961 3.0097436904907227 -1.5620135068893433 0 0 0 0 Pedestrian
-8.36209487915039 -2.6767282485961914 -1.2445029020309448 0 0 0 0 Pedestrian
2.821033000946045 10.080360412597656 -2.062405586242676 0 0 0 0 Pedestrian
10.304098129272461 4.077920436859131 -1.3974145650863647 0 0 0 0 Pedestrian
0.24491915106773376 12.744651794433594 -2.2623393535614014 0 0 0 0 Pedestrian
9.756768226623535 5.933844566345215 -2.538482904434204 0 0 0 0 Pedestrian
-11.625386238098145 4.6035590171813965 -1.9016813039779663 0 0 0 0 Pedestrian
6.9848504066467285 10.395037651062012 -1.5672937631607056 0 0 0 0 Pedestrian
-13.673358917236328 5.99323844909668 -1.739013433456421 0 0 0 0 Pedestrian
-26.431581497192383 1.1610480546951294 -1.4396851062774658 0 0 0 0 Pedestrian