-3.795632839202881 -2.331372022628784 -1.3399314880371094 0 0 0 0 Pedestrian
-5.724788188934326 2.670269727706909 -1.717105746269226 0 0 0 0 Pedestrian
-6.719789505004883 4.443810939788818 -2.0704004764556885 0 0 0 0 Pedestrian
10.309860229492188 4.010351181030273 -1.434518814086914 0 0 0 0 Pedestrian
9.829243659973145 -5.917051315307617 -1.255814790725708 0 0 0 0 Pedestrian
9.78271484375 5.949420928955078 -2.5451598167419434 0 0 0 0 Pedestrian
-11.645195007324219 4.601807594299316 -1.973940134048462 0 0 0 0 Pedestrian
-13.595922470092773 5.83773136138916 -1.7790452241897583 0 0 0 0 Pedestrian
-14.306520462036133 6.5997419357299805 -1.8569352626800537 0 0 0 0 Pedestrian
16.129573822021484 -7.587702751159668 -1.3899379968643188 0 0 0 0 Pedestrian
-26.43688201904297 1.1560438871383667 -1.5555806159973145 0 0 0 0 Pedestrian