5.167758941650391 -0.8594008684158325 -1.589626431465149 0 0 0 0 Pedestrian
-5.717893600463867 2.722060441970825 -1.7440226078033447 0 0 0 0 Pedestrian
-8.3571138381958 -2.702936887741089 -1.2704113721847534 0 0 0 0 Pedestrian
5.760705471038818 -5.620155334472656 -1.5175853967666626 0 0 0 0 Pedestrian
10.342727661132812 4.024372100830078 -1.3595777750015259 0 0 0 0 Pedestrian
10.63615608215332 6.057678699493408 -1.696432113647461 0 0 0 0 Pedestrian
10.268888473510742 7.109429836273193 -1.566739797592163 0 0 0 0 Pedestrian
-11.628561019897461 4.578473091125488 -1.8877882957458496 0 0 0 0 Pedestrian
-10.830597877502441 -1.9069621562957764 -2.3117692470550537 0 0 0 0 Pedestrian
13.716983795166016 9.145872116088867 -1.4871691465377808 0 0 0 0 Pedestrian
16.182031631469727 -7.566815376281738 -1.3523482084274292 0 0 0 0 Pedestrian
-26.43271827697754 1.1611372232437134 -1.4397799968719482 0 0 0 0 Pedestrian