-2.079007148742676 -4.543484687805176 -1.4785720109939575 0 0 0 0 Pedestrian
5.174280643463135 -0.8432108759880066 -1.5721468925476074 0 0 0 0 Pedestrian
-5.821848392486572 2.7106800079345703 -1.7255549430847168 0 0 0 0 Pedestrian
-2.884091854095459 -5.519819259643555 -2.1320254802703857 0 0 0 0 Pedestrian
10.296335220336914 4.046466827392578 -1.4695661067962646 0 0 0 0 Pedestrian
0.19265753030776978 12.730131149291992 -2.236635684967041 0 0 0 0 Pedestrian
-11.597663879394531 4.628277778625488 -1.924937129020691 0 0 0 0 Pedestrian
0.054517533630132675 11.2770414352417 -2.2981488704681396 0 0 0 0 Pedestrian
16.153343200683594 -7.5832695960998535 -1.3921849727630615 0 0 0 0 Pedestrian
-17.652729034423828 6.413479804992676 -1.8980220556259155 0 0 0 0 Pedestrian
-26.458524703979492 1.199565052986145 -1.547795295715332 0 0 0 0 Pedestrian