5.175579071044922 -0.8398143649101257 -1.5642955303192139 0 0 0 0 Pedestrian
-5.781035900115967 2.6890413761138916 -1.7276633977890015 0 0 0 0 Pedestrian
-2.9354026317596436 -5.283699989318848 -1.668235182762146 0 0 0 0 Pedestrian
-3.699700355529785 -7.061509609222412 -1.622995138168335 0 0 0 0 Pedestrian
-7.970280647277832 2.0483906269073486 -2.317821979522705 0 0 0 0 Pedestrian
10.301959037780762 4.029138088226318 -1.461059331893921 0 0 0 0 Pedestrian
11.49533462524414 1.658786416053772 -1.3595197200775146 0 0 0 0 Pedestrian
-11.603523254394531 4.63067102432251 -1.9257285594940186 0 0 0 0 Pedestrian
0.054733872413635254 11.274517059326172 -2.297424077987671 0 0 0 0 Pedestrian
-13.582854270935059 5.86368989944458 -1.7606810331344604 0 0 0 0 Pedestrian
16.132930755615234 -7.560986518859863 -1.3789116144180298 0 0 0 0 Pedestrian