-1.690514087677002 -3.682931661605835 -1.2923998832702637 0 0 0 0 Pedestrian
-3.94165301322937 -2.0542452335357666 -1.3953477144241333 0 0 0 0 Pedestrian
-4.286854267120361 -2.554335594177246 -1.4405139684677124 0 0 0 0 Pedestrian
5.170421123504639 -0.8476134538650513 -1.5761383771896362 0 0 0 0 Pedestrian
-5.7197794914245605 2.657269239425659 -1.7087814807891846 0 0 0 0 Pedestrian
10.33023452758789 4.026419639587402 -1.4798333644866943 0 0 0 0 Pedestrian
-10.303155899047852 6.378983974456787 -2.2154462337493896 0 0 0 0 Pedestrian
0.05484912544488907 11.275850296020508 -2.2977447509765625 0 0 0 0 Pedestrian
-11.606541633605957 4.700865745544434 -1.9190753698349 0 0 0 0 Pedestrian
6.997446537017822 10.35946273803711 -1.5659774541854858 0 0 0 0 Pedestrian
-13.582173347473145 5.8980231285095215 -1.792877197265625 0 0 0 0 Pedestrian
16.146459579467773 -7.579901218414307 -1.3911212682724 0 0 0 0 Pedestrian
-17.627662658691406 6.404398441314697 -1.8953237533569336 0 0 0 0 Pedestrian