5.178761005401611 -0.8401684165000916 -1.5730494260787964 0 0 0 0 Pedestrian
-5.830057621002197 2.706676721572876 -1.73552668094635 0 0 0 0 Pedestrian
-2.79876446723938 -5.537718296051025 -2.173393964767456 0 0 0 0 Pedestrian
4.918722152709961 -5.446176528930664 -1.2853435277938843 0 0 0 0 Pedestrian
-7.734327793121338 -1.8246631622314453 -1.5732513666152954 0 0 0 0 Pedestrian
10.3322114944458 4.0466084480285645 -1.4042381048202515 0 0 0 0 Pedestrian
-0.039607807993888855 11.321011543273926 -2.2838289737701416 0 0 0 0 Pedestrian
-11.578736305236816 4.595651149749756 -1.9093377590179443 0 0 0 0 Pedestrian
-13.59139347076416 5.867276668548584 -1.7617878913879395 0 0 0 0 Pedestrian
16.1374454498291 -7.591445446014404 -1.3905425071716309 0 0 0 0 Pedestrian
-17.667688369750977 6.418971061706543 -1.8994381427764893 0 0 0 0 Pedestrian