-3.0499866008758545 -2.4763615131378174 -1.3093972206115723 0 0 0 0 Pedestrian
-5.715437412261963 2.6939022541046143 -1.7134051322937012 0 0 0 0 Pedestrian
2.82368803024292 10.089506149291992 -2.064486026763916 0 0 0 0 Pedestrian
10.295101165771484 4.068951606750488 -1.410702109336853 0 0 0 0 Pedestrian
9.743290901184082 5.939785003662109 -2.5602517127990723 0 0 0 0 Pedestrian
0.054991934448480606 11.263541221618652 -2.294997215270996 0 0 0 0 Pedestrian
6.990447998046875 10.348489761352539 -1.5637109279632568 0 0 0 0 Pedestrian
-14.305967330932617 6.599567413330078 -1.856964349746704 0 0 0 0 Pedestrian
13.731070518493652 9.298588752746582 -1.425343632698059 0 0 0 0 Pedestrian
16.129369735717773 -7.56309700012207 -1.3332915306091309 0 0 0 0 Pedestrian
-26.4141902923584 1.1173813343048096 -1.4623743295669556 0 0 0 0 Pedestrian