-3.628789186477661 -2.0278987884521484 -1.3325670957565308 0 0 0 0 Pedestrian
-1.6602073907852173 -3.7888050079345703 -1.2903589010238647 0 0 0 0 Pedestrian
5.180410385131836 -0.8422723412513733 -1.5597832202911377 0 0 0 0 Pedestrian
-5.7240118980407715 2.662342071533203 -1.7075245380401611 0 0 0 0 Pedestrian
-4.092308521270752 -2.5722904205322266 -1.4889394044876099 0 0 0 0 Pedestrian
8.922246932983398 6.0715651512146 -1.4626052379608154 0 0 0 0 Pedestrian
10.30007266998291 4.052945613861084 -1.4599615335464478 0 0 0 0 Pedestrian
0.009746206924319267 11.300153732299805 -2.3424086570739746 0 0 0 0 Pedestrian
-11.605668067932129 4.631480693817139 -1.9264017343521118 0 0 0 0 Pedestrian
-10.830296516418457 -1.8915907144546509 -2.2655956745147705 0 0 0 0 Pedestrian
16.150693893432617 -7.607997894287109 -1.401838779449463 0 0 0 0 Pedestrian
-17.640560150146484 6.409093379974365 -1.896715521812439 0 0 0 0 Pedestrian
-26.40457534790039 1.137096881866455 -1.4613410234451294 0 0 0 0 Pedestrian