-1.8158133029937744 -3.537259340286255 -1.3005049228668213 0 0 0 0 Pedestrian
5.181307792663574 -0.8414028882980347 -1.566136121749878 0 0 0 0 Pedestrian
-5.72119140625 2.6524715423583984 -1.7228556871414185 0 0 0 0 Pedestrian
-2.9712345600128174 -5.353946685791016 -1.6099270582199097 0 0 0 0 Pedestrian
10.320029258728027 4.024931907653809 -1.4808852672576904 0 0 0 0 Pedestrian
0.05497897416353226 11.268462181091309 -2.295837879180908 0 0 0 0 Pedestrian
-11.58629322052002 4.674532413482666 -1.899746298789978 0 0 0 0 Pedestrian
-14.366082191467285 6.626827239990234 -1.7529528141021729 0 0 0 0 Pedestrian
16.12382698059082 -7.595316410064697 -1.3993821144104004 0 0 0 0 Pedestrian
-26.393722534179688 1.136747121810913 -1.460732102394104 0 0 0 0 Pedestrian
-24.20058822631836 6.582202911376953 -1.7214937210083008 0 0 0 0 Pedestrian
24.013134002685547 -9.231467247009277 -1.0733325481414795 0 0 0 0 Pedestrian