5.222329616546631 -4.233336925506592 -1.3505334854125977 0 0 0 0 Pedestrian
5.175033092498779 -0.8428606986999512 -1.5704724788665771 0 0 0 0 Pedestrian
-5.724008560180664 2.655640125274658 -1.7114936113357544 0 0 0 0 Pedestrian
-2.941913604736328 -5.284749984741211 -1.6451390981674194 0 0 0 0 Pedestrian
-7.710506916046143 -2.6201539039611816 -2.0022318363189697 0 0 0 0 Pedestrian
10.378437042236328 3.9590306282043457 -1.4250364303588867 0 0 0 0 Pedestrian
0.22983792424201965 12.737610816955566 -2.2543435096740723 0 0 0 0 Pedestrian
-11.591853141784668 4.6009297370910645 -1.9113619327545166 0 0 0 0 Pedestrian
-13.596285820007324 5.9071550369262695 -1.720890998840332 0 0 0 0 Pedestrian
16.13448715209961 -7.606607913970947 -1.3913682699203491 0 0 0 0 Pedestrian
-22.170825958251953 9.104259490966797 -2.0664520263671875 0 0 0 0 Pedestrian
-26.429481506347656 1.155770182609558 -1.5548515319824219 0 0 0 0 Pedestrian