5.171080589294434 -0.8447774648666382 -1.5653529167175293 0 0 0 0 Pedestrian
-5.744011402130127 2.7302358150482178 -1.7284345626831055 0 0 0 0 Pedestrian
6.705513954162598 -5.08005428314209 -1.2681634426116943 0 0 0 0 Pedestrian
8.619043350219727 -5.830329418182373 -1.2220522165298462 0 0 0 0 Pedestrian
2.822455406188965 10.085549354553223 -2.063539743423462 0 0 0 0 Pedestrian
10.302542686462402 4.032948017120361 -1.4770761728286743 0 0 0 0 Pedestrian
10.62256145477295 6.078622817993164 -1.8724145889282227 0 0 0 0 Pedestrian
0.24499432742595673 12.751795768737793 -2.2635574340820312 0 0 0 0 Pedestrian
-11.643009185791016 4.610734939575195 -1.9044053554534912 0 0 0 0 Pedestrian
9.782827377319336 5.943401336669922 -2.58107590675354 0 0 0 0 Pedestrian
-14.301446914672852 6.597456455230713 -1.8565529584884644 0 0 0 0 Pedestrian
16.15174674987793 -7.58219575881958 -1.3632639646530151 0 0 0 0 Pedestrian
-26.418325424194336 1.1173548698425293 -1.4624300003051758 0 0 0 0 Pedestrian