-5.809942722320557 2.697713613510132 -1.7512725591659546 0 0 0 0 Pedestrian
4.885970592498779 -5.421588897705078 -1.2890136241912842 0 0 0 0 Pedestrian
-2.9334285259246826 -5.266473770141602 -1.6450854539871216 0 0 0 0 Pedestrian
-8.14535903930664 -1.7249583005905151 -1.5709166526794434 0 0 0 0 Pedestrian
-7.896842002868652 -0.9886733293533325 -1.4169508218765259 0 0 0 0 Pedestrian
9.719929695129395 -6.012884616851807 -1.3138867616653442 0 0 0 0 Pedestrian
10.3120698928833 4.035361289978027 -1.3683624267578125 0 0 0 0 Pedestrian
12.602843284606934 2.091353178024292 -1.431639552116394 0 0 0 0 Pedestrian
0.009463940747082233 11.297216415405273 -2.3417961597442627 0 0 0 0 Pedestrian
-11.804094314575195 -1.7837251424789429 -1.4198832511901855 0 0 0 0 Pedestrian
-11.616960525512695 4.635979652404785 -1.9279563426971436 0 0 0 0 Pedestrian
-12.618146896362305 -1.2080553770065308 -2.350581407546997 0 0 0 0 Pedestrian
-13.587178230285645 5.865511417388916 -1.761265516281128 0 0 0 0 Pedestrian
16.120576858520508 -7.593711853027344 -1.3992178440093994 0 0 0 0 Pedestrian
-26.461750030517578 1.1997445821762085 -1.5481741428375244 0 0 0 0 Pedestrian