5.171881675720215 -0.8396499156951904 -1.5708667039871216 0 0 0 0 Pedestrian
5.392297267913818 -4.952630996704102 -1.6424320936203003 0 0 0 0 Pedestrian
2.818819284439087 10.072433471679688 -2.060863494873047 0 0 0 0 Pedestrian
9.726079940795898 -6.009998798370361 -1.315726637840271 0 0 0 0 Pedestrian
10.29659652709961 4.02427339553833 -1.523221731185913 0 0 0 0 Pedestrian
0.2677743434906006 12.454935073852539 -2.2436816692352295 0 0 0 0 Pedestrian
-0.011533739976584911 11.30410099029541 -2.220365285873413 0 0 0 0 Pedestrian
-11.606636047363281 4.682734489440918 -1.9029197692871094 0 0 0 0 Pedestrian
16.122995376586914 -7.58487606048584 -1.3899191617965698 0 0 0 0 Pedestrian
-17.655315399169922 6.41451358795166 -1.8982919454574585 0 0 0 0 Pedestrian
-26.406333923339844 1.1547976732254028 -1.553272008895874 0 0 0 0 Pedestrian