5.179088592529297 -0.8482954502105713 -1.5650584697723389 0 0 0 0 Pedestrian
-5.720774173736572 2.696470260620117 -1.715355634689331 0 0 0 0 Pedestrian
10.312898635864258 4.008847236633301 -1.4656214714050293 0 0 0 0 Pedestrian
0.22986026108264923 12.744996070861816 -2.234532117843628 0 0 0 0 Pedestrian
9.780030250549316 5.876446723937988 -2.53586745262146 0 0 0 0 Pedestrian
-11.634257316589355 4.607348918914795 -1.9032491445541382 0 0 0 0 Pedestrian
0.05456770211458206 11.269007682800293 -2.296267509460449 0 0 0 0 Pedestrian
-10.831853866577148 -1.907406210899353 -2.3123316764831543 0 0 0 0 Pedestrian
13.742691993713379 9.267127990722656 -1.3582148551940918 0 0 0 0 Pedestrian
16.142980575561523 -7.564952373504639 -1.348868727684021 0 0 0 0 Pedestrian
-26.43502426147461 1.1179643869400024 -1.4635510444641113 0 0 0 0 Pedestrian