-1.866873860359192 -3.7328217029571533 -1.3535387516021729 0 0 0 0 Pedestrian
5.166182994842529 -0.8356152176856995 -1.5638039112091064 0 0 0 0 Pedestrian
-5.734466075897217 2.6693508625030518 -1.7288297414779663 0 0 0 0 Pedestrian
2.823477029800415 10.088754653930664 -2.06459641456604 0 0 0 0 Pedestrian
7.895045757293701 -2.005189895629883 -1.0323524475097656 0 0 0 0 Pedestrian
10.301997184753418 4.025301933288574 -1.4491382837295532 0 0 0 0 Pedestrian
-11.611766815185547 4.598546028137207 -1.8995778560638428 0 0 0 0 Pedestrian
0.009651684202253819 11.297868728637695 -2.3419370651245117 0 0 0 0 Pedestrian
16.12404441833496 -7.569553852081299 -1.3895666599273682 0 0 0 0 Pedestrian
-17.665241241455078 6.4180588722229 -1.8994216918945312 0 0 0 0 Pedestrian
-26.425369262695312 1.1841020584106445 -1.4395511150360107 0 0 0 0 Pedestrian