-1.7370744943618774 -3.4639368057250977 -1.2799339294433594 0 0 0 0 Pedestrian
5.175288200378418 -0.8472679853439331 -1.575333595275879 0 0 0 0 Pedestrian
5.3539652824401855 -4.2405900955200195 -1.3371365070343018 0 0 0 0 Pedestrian
-5.710653781890869 2.646145820617676 -1.7228337526321411 0 0 0 0 Pedestrian
-2.943566083908081 -5.28553581237793 -1.620813012123108 0 0 0 0 Pedestrian
10.315104484558105 4.0037126541137695 -1.4867907762527466 0 0 0 0 Pedestrian
9.741175651550293 5.98928165435791 -2.559434652328491 0 0 0 0 Pedestrian
-10.932730674743652 6.546910285949707 -2.2118782997131348 0 0 0 0 Pedestrian
0.2296176701784134 12.743266105651855 -2.2344038486480713 0 0 0 0 Pedestrian
9.236730575561523 6.115329265594482 -1.419947862625122 0 0 0 0 Pedestrian
-11.68105697631836 4.587223052978516 -1.918891191482544 0 0 0 0 Pedestrian
16.147672653198242 -7.5807671546936035 -1.3918898105621338 0 0 0 0 Pedestrian