-1.7434699535369873 -3.4434030055999756 -1.2676910161972046 0 0 0 0 Pedestrian
-4.849935054779053 -2.5027103424072266 -1.500981092453003 0 0 0 0 Pedestrian
5.167965412139893 -0.8326841592788696 -1.5538498163223267 0 0 0 0 Pedestrian
-4.581850528717041 -1.8929563760757446 -1.4485770463943481 0 0 0 0 Pedestrian
-5.717487812042236 2.645911693572998 -1.717038631439209 0 0 0 0 Pedestrian
-2.961071491241455 -5.342007160186768 -1.6753278970718384 0 0 0 0 Pedestrian
10.316659927368164 4.019838809967041 -1.4658257961273193 0 0 0 0 Pedestrian
0.24007633328437805 12.74351692199707 -2.2821056842803955 0 0 0 0 Pedestrian
0.05458177626132965 11.281288146972656 -2.2992119789123535 0 0 0 0 Pedestrian
-11.599480628967285 4.698234558105469 -1.9182523488998413 0 0 0 0 Pedestrian
-13.589340209960938 5.866540431976318 -1.7614800930023193 0 0 0 0 Pedestrian
16.136655807495117 -7.6013689041137695 -1.4007048606872559 0 0 0 0 Pedestrian