-5.826150417327881 2.719902992248535 -1.733888864517212 0 0 0 0 Pedestrian
5.398768424987793 -4.972618103027344 -1.6621652841567993 0 0 0 0 Pedestrian
-2.9393696784973145 -5.300344467163086 -1.7000151872634888 0 0 0 0 Pedestrian
-8.615378379821777 3.0097122192382812 -1.8570760488510132 0 0 0 0 Pedestrian
10.316381454467773 4.026771545410156 -1.435965657234192 0 0 0 0 Pedestrian
13.595696449279785 1.9913170337677002 -1.5040959119796753 0 0 0 0 Pedestrian
-0.037259265780448914 11.318747520446777 -2.300896167755127 0 0 0 0 Pedestrian
-11.606413841247559 4.724626064300537 -1.931542992591858 0 0 0 0 Pedestrian
-13.583715438842773 5.864008903503418 -1.760820984840393 0 0 0 0 Pedestrian
13.719966888427734 9.291281700134277 -1.4242933988571167 0 0 0 0 Pedestrian
16.146940231323242 -7.580159664154053 -1.3917568922042847 0 0 0 0 Pedestrian
-17.64785385131836 6.411862373352051 -1.8971288204193115 0 0 0 0 Pedestrian
-26.43578338623047 1.156072735786438 -1.555391550064087 0 0 0 0 Pedestrian