-3.493803024291992 -2.4138503074645996 -1.346532940864563 0 0 0 0 Pedestrian
-3.878770351409912 -1.480690836906433 -1.3919930458068848 0 0 0 0 Pedestrian
-5.722938060760498 2.6776888370513916 -1.7024929523468018 0 0 0 0 Pedestrian
10.318609237670898 4.025807857513428 -1.4490675926208496 0 0 0 0 Pedestrian
0.22974584996700287 12.742300987243652 -2.2340927124023438 0 0 0 0 Pedestrian
9.871410369873047 -5.860849857330322 -1.2065657377243042 0 0 0 0 Pedestrian
9.794093132019043 5.923038959503174 -2.567490577697754 0 0 0 0 Pedestrian
-0.0054836394265294075 11.298040390014648 -2.2886734008789062 0 0 0 0 Pedestrian
-13.597715377807617 5.83851957321167 -1.7795145511627197 0 0 0 0 Pedestrian
-14.308273315429688 6.600626468658447 -1.8573867082595825 0 0 0 0 Pedestrian
16.148252487182617 -7.606878757476807 -1.40164315700531 0 0 0 0 Pedestrian
17.79574966430664 -7.756106376647949 -1.3857700824737549 0 0 0 0 Pedestrian