-1.972762942314148 -4.231173992156982 -1.4363900423049927 0 0 0 0 Pedestrian
5.180938243865967 -0.8407387137413025 -1.5683214664459229 0 0 0 0 Pedestrian
-5.808722019195557 2.7062926292419434 -1.7197343111038208 0 0 0 0 Pedestrian
-2.9355459213256836 -5.270416259765625 -1.646753191947937 0 0 0 0 Pedestrian
-3.7273452281951904 -7.091189861297607 -1.6213431358337402 0 0 0 0 Pedestrian
-7.339076519012451 -2.5800044536590576 -2.4374871253967285 0 0 0 0 Pedestrian
10.324882507324219 4.04946756362915 -1.4412801265716553 0 0 0 0 Pedestrian
11.5316801071167 1.6416858434677124 -1.3734006881713867 0 0 0 0 Pedestrian
0.05449367314577103 11.275097846984863 -2.297682523727417 0 0 0 0 Pedestrian
16.144535064697266 -7.595163822174072 -1.3915992975234985 0 0 0 0 Pedestrian
-17.66206169128418 6.416914463043213 -1.8990375995635986 0 0 0 0 Pedestrian
-26.434667587280273 1.1560845375061035 -1.555372714996338 0 0 0 0 Pedestrian