-1.8415899276733398 -3.5919389724731445 -1.311018943786621 0 0 0 0 Pedestrian
5.185607433319092 -0.8467817902565002 -1.5726696252822876 0 0 0 0 Pedestrian
-5.729434013366699 2.654148817062378 -1.722642183303833 0 0 0 0 Pedestrian
10.302423477172852 4.015285015106201 -1.5063140392303467 0 0 0 0 Pedestrian
0.2452249526977539 12.75430679321289 -2.264043092727661 0 0 0 0 Pedestrian
-11.631478309631348 4.605803489685059 -1.9025654792785645 0 0 0 0 Pedestrian
0.009717623703181744 11.302001953125 -2.3428022861480713 0 0 0 0 Pedestrian
-10.794981002807617 -1.9006946086883545 -2.304011106491089 0 0 0 0 Pedestrian
-13.585874557495117 5.865111351013184 -1.7608600854873657 0 0 0 0 Pedestrian
-14.365022659301758 6.62638521194458 -1.752933382987976 0 0 0 0 Pedestrian
16.115291595458984 -7.581252098083496 -1.3893682956695557 0 0 0 0 Pedestrian
-26.45172882080078 1.1567522287368774 -1.5565000772476196 0 0 0 0 Pedestrian