-1.6766619682312012 -3.7136120796203613 -1.2867388725280762 0 0 0 0 Pedestrian
-3.835721969604492 -2.027404308319092 -1.359105110168457 0 0 0 0 Pedestrian
-4.217780590057373 -2.539841651916504 -1.422682285308838 0 0 0 0 Pedestrian
5.175525665283203 -0.8470889925956726 -1.56641685962677 0 0 0 0 Pedestrian
-5.719907283782959 2.654629707336426 -1.7185907363891602 0 0 0 0 Pedestrian
5.968038082122803 -4.319855690002441 -1.1256732940673828 0 0 0 0 Pedestrian
10.335189819335938 4.014551639556885 -1.4797208309173584 0 0 0 0 Pedestrian
-10.184027671813965 6.37991189956665 -2.179595708847046 0 0 0 0 Pedestrian
9.7787504196167 5.947360992431641 -2.5444858074188232 0 0 0 0 Pedestrian
0.00967671163380146 11.300699234008789 -2.3425159454345703 0 0 0 0 Pedestrian
-11.592572212219238 4.69537353515625 -1.9170693159103394 0 0 0 0 Pedestrian
-13.58213996887207 5.85475492477417 -1.8350943326950073 0 0 0 0 Pedestrian
16.132476806640625 -7.599215984344482 -1.3999513387680054 0 0 0 0 Pedestrian
-26.39769744873047 1.1368916034698486 -1.4612003564834595 0 0 0 0 Pedestrian