4.347951889038086 3.749964952468872 -1.654543399810791 0 0 0 0 Pedestrian
-5.723267555236816 2.7247142791748047 -1.7407093048095703 0 0 0 0 Pedestrian
5.171168804168701 -0.8430721759796143 -1.5614922046661377 0 0 0 0 Pedestrian
6.021010875701904 -4.3992767333984375 -1.1699299812316895 0 0 0 0 Pedestrian
5.835296630859375 -5.633091449737549 -1.469351887702942 0 0 0 0 Pedestrian
10.32034969329834 4.061336040496826 -1.3999285697937012 0 0 0 0 Pedestrian
-11.250560760498047 -1.636624813079834 -1.8201128244400024 0 0 0 0 Pedestrian
-11.60132122039795 4.6989593505859375 -1.9185556173324585 0 0 0 0 Pedestrian
13.63653564453125 9.065850257873535 -1.5599685907363892 0 0 0 0 Pedestrian
16.136770248413086 -7.601151943206787 -1.400567889213562 0 0 0 0 Pedestrian
-26.42635726928711 1.1381144523620605 -1.463098406791687 0 0 0 0 Pedestrian