4.692744731903076 3.6970152854919434 -1.7058464288711548 0 0 0 0 Pedestrian
-5.729106903076172 2.6928563117980957 -1.7529672384262085 0 0 0 0 Pedestrian
10.310894966125488 4.04034423828125 -1.3896087408065796 0 0 0 0 Pedestrian
0.23010945320129395 12.75134563446045 -2.2357404232025146 0 0 0 0 Pedestrian
9.729700088500977 5.958059787750244 -2.576819658279419 0 0 0 0 Pedestrian
0.00964650884270668 11.298744201660156 -2.3420965671539307 0 0 0 0 Pedestrian
-11.593064308166504 4.695352077484131 -1.9169485569000244 0 0 0 0 Pedestrian
7.0041069984436035 10.363667488098145 -1.535906434059143 0 0 0 0 Pedestrian
16.113710403442383 -7.580284118652344 -1.389013648033142 0 0 0 0 Pedestrian
-24.212963104248047 6.585524082183838 -1.7225477695465088 0 0 0 0 Pedestrian
-26.40815544128418 1.1375799179077148 -1.2970073223114014 0 0 0 0 Pedestrian