-1.150460958480835 5.1311492919921875 -1.6789032220840454 0 0 0 0 Pedestrian
-5.744082450866699 2.699289560317993 -1.7730655670166016 0 0 0 0 Pedestrian
5.183565139770508 -0.8532721400260925 -1.5764546394348145 0 0 0 0 Pedestrian
-1.6941386461257935 6.3873066902160645 -1.6852878332138062 0 0 0 0 Pedestrian
-7.959162712097168 2.045403242111206 -2.3144359588623047 0 0 0 0 Pedestrian
10.313827514648438 4.033306121826172 -1.4300225973129272 0 0 0 0 Pedestrian
9.73604679107666 5.961673736572266 -2.578904867172241 0 0 0 0 Pedestrian
0.21266528964042664 12.739394187927246 -2.224212169647217 0 0 0 0 Pedestrian
-11.591497421264648 4.6260085105896 -1.9240609407424927 0 0 0 0 Pedestrian
-13.351841926574707 5.618034362792969 -1.8200266361236572 0 0 0 0 Pedestrian
-14.287260055541992 6.57193660736084 -1.8888959884643555 0 0 0 0 Pedestrian
16.03736114501953 -7.772940635681152 -1.4877251386642456 0 0 0 0 Pedestrian
-26.43434715270996 1.1560032367706299 -1.555267095565796 0 0 0 0 Pedestrian
-23.791961669921875 8.253039360046387 -1.996026635169983 0 0 0 0 Pedestrian