5.176516056060791 -0.8413416147232056 -1.574162244796753 0 0 0 0 Pedestrian
-3.803832769393921 5.845216751098633 -1.9208999872207642 0 0 0 0 Pedestrian
-5.735684871673584 2.7291033267974854 -1.780580997467041 0 0 0 0 Pedestrian
-0.55641108751297 8.002275466918945 -2.060976028442383 0 0 0 0 Pedestrian
8.626764297485352 -5.810947418212891 -1.2153726816177368 0 0 0 0 Pedestrian
9.730319023132324 -6.009805202484131 -1.3303622007369995 0 0 0 0 Pedestrian
10.29830551147461 4.033553123474121 -1.4376723766326904 0 0 0 0 Pedestrian
9.743364334106445 5.9961161613464355 -2.590808391571045 0 0 0 0 Pedestrian
0.2295789122581482 12.737462043762207 -2.2331576347351074 0 0 0 0 Pedestrian
0.05448880046606064 11.276482582092285 -2.2977383136749268 0 0 0 0 Pedestrian
-13.524518013000488 5.765880584716797 -1.7801285982131958 0 0 0 0 Pedestrian
-14.901708602905273 5.488851547241211 -1.8579349517822266 0 0 0 0 Pedestrian