-2.1998794078826904 5.4114837646484375 -1.7616417407989502 0 0 0 0 Pedestrian
5.176874160766602 -0.8459926247596741 -1.5700993537902832 0 0 0 0 Pedestrian
-5.7336649894714355 2.7401275634765625 -1.7775157690048218 0 0 0 0 Pedestrian
8.61516284942627 -5.827882766723633 -1.2213553190231323 0 0 0 0 Pedestrian
2.824035882949829 10.090950012207031 -2.06469988822937 0 0 0 0 Pedestrian
-7.973376274108887 2.0490708351135254 -2.318568706512451 0 0 0 0 Pedestrian
10.347288131713867 4.023298263549805 -1.4893356561660767 0 0 0 0 Pedestrian
9.724974632263184 5.984889030456543 -2.5860660076141357 0 0 0 0 Pedestrian
0.22967584431171417 12.73764419555664 -2.2332546710968018 0 0 0 0 Pedestrian
12.123795509338379 1.7497074604034424 -1.3575735092163086 0 0 0 0 Pedestrian
16.00920867919922 -7.732932090759277 -1.4349348545074463 0 0 0 0 Pedestrian
-26.412353515625 1.1169545650482178 -1.4620214700698853 0 0 0 0 Pedestrian