3.003894567489624 4.197402000427246 -1.5660263299942017 0 0 0 0 Pedestrian
5.178731441497803 -0.8403498530387878 -1.5573638677597046 0 0 0 0 Pedestrian
-5.725810527801514 2.7222957611083984 -1.7866204977035522 0 0 0 0 Pedestrian
10.301640510559082 4.044017314910889 -1.4271039962768555 0 0 0 0 Pedestrian
9.770879745483398 5.942341327667236 -2.574552059173584 0 0 0 0 Pedestrian
0.23527677357196808 12.728907585144043 -2.2119500637054443 0 0 0 0 Pedestrian
-0.03702060878276825 11.3141450881958 -2.299856424331665 0 0 0 0 Pedestrian
-11.591317176818848 4.694713115692139 -1.9168392419815063 0 0 0 0 Pedestrian
6.250089645385742 9.029206275939941 -1.533585548400879 0 0 0 0 Pedestrian
13.673425674438477 9.067477226257324 -1.5274871587753296 0 0 0 0 Pedestrian
17.07942008972168 2.5847933292388916 -1.919690489768982 0 0 0 0 Pedestrian