5.174404144287109 -0.8409643769264221 -1.5700466632843018 0 0 0 0 Pedestrian
-5.7274169921875 2.7314984798431396 -1.7818485498428345 0 0 0 0 Pedestrian
0.6421593427658081 4.79241943359375 -1.525642991065979 0 0 0 0 Pedestrian
5.799838066101074 -5.628185749053955 -1.5199644565582275 0 0 0 0 Pedestrian
9.685449600219727 -6.004147052764893 -1.3123078346252441 0 0 0 0 Pedestrian
10.3456392288208 4.072910785675049 -1.3679214715957642 0 0 0 0 Pedestrian
9.744583129882812 5.966846942901611 -2.580353260040283 0 0 0 0 Pedestrian
0.21264520287513733 12.737940788269043 -2.224248170852661 0 0 0 0 Pedestrian
0.05490247905254364 11.26961612701416 -2.2964529991149902 0 0 0 0 Pedestrian
6.229724407196045 9.038970947265625 -1.4876271486282349 0 0 0 0 Pedestrian
16.100980758666992 -7.614838600158691 -1.4189971685409546 0 0 0 0 Pedestrian
-26.446226119995117 1.1617573499679565 -1.4409239292144775 0 0 0 0 Pedestrian