-2.537062644958496 5.436192512512207 -1.7802294492721558 0 0 0 0 Pedestrian
5.1811394691467285 -0.8393710851669312 -1.5736557245254517 0 0 0 0 Pedestrian
-5.733859062194824 2.7310779094696045 -1.7840336561203003 0 0 0 0 Pedestrian
2.8219990730285645 10.083757400512695 -2.0632240772247314 0 0 0 0 Pedestrian
9.725113868713379 -6.013047695159912 -1.3284238576889038 0 0 0 0 Pedestrian
10.305891036987305 4.042708873748779 -1.4481805562973022 0 0 0 0 Pedestrian
9.741921424865723 5.965147495269775 -2.579753875732422 0 0 0 0 Pedestrian
0.2126169502735138 12.739346504211426 -2.224487066268921 0 0 0 0 Pedestrian
12.111760139465332 1.7841767072677612 -1.3799268007278442 0 0 0 0 Pedestrian
-11.609601974487305 4.570974826812744 -1.8847415447235107 0 0 0 0 Pedestrian
0.05436836555600166 11.276185989379883 -2.297952651977539 0 0 0 0 Pedestrian
16.11301612854004 -7.697289943695068 -1.3732205629348755 0 0 0 0 Pedestrian
-26.436769485473633 1.1562529802322388 -1.5554747581481934 0 0 0 0 Pedestrian