-0.2889334261417389 4.895381927490234 -1.6173957586288452 0 0 0 0 Pedestrian
-5.734734058380127 2.7176425457000732 -1.7788249254226685 0 0 0 0 Pedestrian
8.571226119995117 -5.769983291625977 -1.2592518329620361 0 0 0 0 Pedestrian
9.723371505737305 -6.024467468261719 -1.330972671508789 0 0 0 0 Pedestrian
10.326170921325684 4.0529279708862305 -1.354806661605835 0 0 0 0 Pedestrian
0.23011909425258636 12.748248100280762 -2.235257148742676 0 0 0 0 Pedestrian
9.7544584274292 5.972923755645752 -2.583129644393921 0 0 0 0 Pedestrian
11.208165168762207 1.4853174686431885 -1.359418272972107 0 0 0 0 Pedestrian
11.895145416259766 1.940398097038269 -1.36216402053833 0 0 0 0 Pedestrian
-11.626137733459473 4.659060955047607 -1.8914982080459595 0 0 0 0 Pedestrian
0.05446947365999222 11.277765274047852 -2.2983367443084717 0 0 0 0 Pedestrian
6.20481014251709 9.0427885055542 -1.5407190322875977 0 0 0 0 Pedestrian
16.114595413208008 -7.73032283782959 -1.452546238899231 0 0 0 0 Pedestrian
-26.451427459716797 1.1992213726043701 -1.547286868095398 0 0 0 0 Pedestrian