5.177837371826172 -0.8425365686416626 -1.5730305910110474 0 0 0 0 Pedestrian
-5.738209247589111 2.714740753173828 -1.776598334312439 0 0 0 0 Pedestrian
0.8389791250228882 4.753458499908447 -1.5500749349594116 0 0 0 0 Pedestrian
0.9908206462860107 7.412690162658691 -2.262667417526245 0 0 0 0 Pedestrian
-8.61229419708252 3.00858211517334 -1.827280044555664 0 0 0 0 Pedestrian
2.821955442428589 10.083601951599121 -2.0634372234344482 0 0 0 0 Pedestrian
10.35673999786377 4.052977561950684 -1.42562997341156 0 0 0 0 Pedestrian
9.737387657165527 5.987748622894287 -2.5588507652282715 0 0 0 0 Pedestrian
0.23014555871486664 12.752591133117676 -2.2359697818756104 0 0 0 0 Pedestrian
-11.58216667175293 4.715170860290527 -1.9280807971954346 0 0 0 0 Pedestrian
0.05452847480773926 11.280077934265137 -2.298891067504883 0 0 0 0 Pedestrian
-26.455474853515625 1.1622092723846436 -1.4416104555130005 0 0 0 0 Pedestrian