1.4138696193695068 4.659635543823242 -1.5675628185272217 0 0 0 0 Pedestrian
5.17685079574585 -0.8510550856590271 -1.5901670455932617 0 0 0 0 Pedestrian
-5.724966049194336 2.730229616165161 -1.7807413339614868 0 0 0 0 Pedestrian
10.331657409667969 4.008847713470459 -1.4341092109680176 0 0 0 0 Pedestrian
9.74361801147461 5.996201992034912 -2.590834379196167 0 0 0 0 Pedestrian
12.011758804321289 1.638223648071289 -1.427699327468872 0 0 0 0 Pedestrian
-11.61865234375 4.601219177246094 -1.9005099534988403 0 0 0 0 Pedestrian
6.238495349884033 9.041215896606445 -1.527776837348938 0 0 0 0 Pedestrian
-13.35659408569336 5.824538707733154 -1.7944036722183228 0 0 0 0 Pedestrian
13.67119312286377 9.06598949432373 -1.5270501375198364 0 0 0 0 Pedestrian
-26.444528579711914 1.16167151927948 -1.44072687625885 0 0 0 0 Pedestrian