-0.6572313904762268 5.002438068389893 -1.652123212814331 0 0 0 0 Pedestrian
5.170673847198486 -0.836759626865387 -1.5632662773132324 0 0 0 0 Pedestrian
-5.733211517333984 2.7301363945007324 -1.7770129442214966 0 0 0 0 Pedestrian
2.8231923580169678 10.087564468383789 -2.0643129348754883 0 0 0 0 Pedestrian
9.720279693603516 -6.022510528564453 -1.330527663230896 0 0 0 0 Pedestrian
10.324112892150879 4.036296844482422 -1.4195393323898315 0 0 0 0 Pedestrian
9.746054649353027 5.9680633544921875 -2.581404209136963 0 0 0 0 Pedestrian
11.00920295715332 1.4327223300933838 -1.3540571928024292 0 0 0 0 Pedestrian
12.0800142288208 1.757368803024292 -1.3805041313171387 0 0 0 0 Pedestrian
-0.005025797989219427 11.282258987426758 -2.2285397052764893 0 0 0 0 Pedestrian
6.2630839347839355 9.02854061126709 -1.4890435934066772 0 0 0 0 Pedestrian
-13.36393928527832 5.699804306030273 -1.830764889717102 0 0 0 0 Pedestrian
13.65266227722168 9.104196548461914 -1.5843583345413208 0 0 0 0 Pedestrian
16.094057083129883 -7.7437543869018555 -1.4602326154708862 0 0 0 0 Pedestrian