5.175143718719482 -0.8500861525535583 -1.5921664237976074 0 0 0 0 Pedestrian
-5.737076759338379 2.733186960220337 -1.7814706563949585 0 0 0 0 Pedestrian
-4.122581481933594 5.98974609375 -1.7821285724639893 0 0 0 0 Pedestrian
10.697962760925293 1.5386428833007812 -1.273465871810913 0 0 0 0 Pedestrian
10.32503604888916 4.02634859085083 -1.4581807851791382 0 0 0 0 Pedestrian
9.740280151367188 5.994418621063232 -2.5896992683410645 0 0 0 0 Pedestrian
-11.6046724319458 4.631259918212891 -1.9263629913330078 0 0 0 0 Pedestrian
12.221081733703613 1.5085352659225464 -1.492753028869629 0 0 0 0 Pedestrian
-13.493340492248535 5.75877571105957 -1.8227235078811646 0 0 0 0 Pedestrian
-14.163248062133789 4.834266662597656 -2.0279831886291504 0 0 0 0 Pedestrian
-26.414592742919922 1.1172393560409546 -1.4620946645736694 0 0 0 0 Pedestrian