5.174444675445557 -0.8396684527397156 -1.5637034177780151 0 0 0 0 Pedestrian
-5.735466003417969 2.72871994972229 -1.780442714691162 0 0 0 0 Pedestrian
10.518625259399414 1.5668424367904663 -1.2700436115264893 0 0 0 0 Pedestrian
10.336952209472656 4.063175201416016 -1.4054616689682007 0 0 0 0 Pedestrian
9.731776237487793 5.989075183868408 -2.5879125595092773 0 0 0 0 Pedestrian
0.009777913801372051 11.296823501586914 -2.341521978378296 0 0 0 0 Pedestrian
-11.587995529174805 4.6350626945495605 -1.9574624300003052 0 0 0 0 Pedestrian
12.18718147277832 1.58063805103302 -1.358657956123352 0 0 0 0 Pedestrian
-13.461270332336426 5.771806716918945 -1.8231680393218994 0 0 0 0 Pedestrian
-14.281426429748535 6.59011697769165 -1.8725351095199585 0 0 0 0 Pedestrian
-14.209477424621582 4.850403785705566 -2.034425735473633 0 0 0 0 Pedestrian
-26.421066284179688 1.1174527406692505 -1.4625986814498901 0 0 0 0 Pedestrian
23.985126495361328 -9.2207670211792 -1.0722877979278564 0 0 0 0 Pedestrian