-1.4701796770095825 5.165319919586182 -1.712053894996643 0 0 0 0 Pedestrian
5.171261310577393 -0.8424907326698303 -1.5768660306930542 0 0 0 0 Pedestrian
-5.744002342224121 2.697695732116699 -1.775860071182251 0 0 0 0 Pedestrian
10.345154762268066 4.027712821960449 -1.4172965288162231 0 0 0 0 Pedestrian
0.24503181874752045 12.74730110168457 -2.2631142139434814 0 0 0 0 Pedestrian
9.751535415649414 5.9715471267700195 -2.582440137863159 0 0 0 0 Pedestrian
-11.630647659301758 4.6060662269592285 -1.9026252031326294 0 0 0 0 Pedestrian
0.05474049970507622 11.277322769165039 -2.298044204711914 0 0 0 0 Pedestrian
13.658846855163574 9.086060523986816 -1.5454519987106323 0 0 0 0 Pedestrian
16.055585861206055 -7.781824588775635 -1.489108920097351 0 0 0 0 Pedestrian
-26.412961959838867 1.1171717643737793 -1.4620628356933594 0 0 0 0 Pedestrian