0.22967912256717682 4.862969875335693 -1.623284101486206 0 0 0 0 Pedestrian
5.178067207336426 -0.8299179673194885 -1.5612702369689941 0 0 0 0 Pedestrian
-5.730250835418701 2.720334768295288 -1.7814244031906128 0 0 0 0 Pedestrian
8.626067161560059 -5.803767681121826 -1.2534750699996948 0 0 0 0 Pedestrian
5.800516605377197 -5.614965915679932 -1.5149242877960205 0 0 0 0 Pedestrian
10.306467056274414 4.055069923400879 -1.498721718788147 0 0 0 0 Pedestrian
0.24527081847190857 12.756916046142578 -2.264707088470459 0 0 0 0 Pedestrian
9.761466979980469 5.977192401885986 -2.585066318511963 0 0 0 0 Pedestrian
-11.581034660339355 4.662992000579834 -1.9635446071624756 0 0 0 0 Pedestrian
6.224813938140869 9.031756401062012 -1.4862585067749023 0 0 0 0 Pedestrian
16.079362869262695 -7.670107841491699 -1.4349205493927002 0 0 0 0 Pedestrian
-26.43523406982422 1.1560922861099243 -1.5552228689193726 0 0 0 0 Pedestrian