3.3713672161102295 4.124059200286865 -1.6396770477294922 0 0 0 0 Pedestrian
5.175350189208984 -0.8372146487236023 -1.5704036951065063 0 0 0 0 Pedestrian
-5.725204944610596 2.725308418273926 -1.7763079404830933 0 0 0 0 Pedestrian
-8.618395805358887 3.010744571685791 -1.8285523653030396 0 0 0 0 Pedestrian
7.893123626708984 -2.0049662590026855 -1.0316494703292847 0 0 0 0 Pedestrian
10.336024284362793 4.065301895141602 -1.4087810516357422 0 0 0 0 Pedestrian
9.745034217834473 5.992745399475098 -2.5609493255615234 0 0 0 0 Pedestrian
-11.61410903930664 4.681755542755127 -1.9046369791030884 0 0 0 0 Pedestrian
0.00963626429438591 11.293601989746094 -2.34122896194458 0 0 0 0 Pedestrian
6.255104064941406 9.047933578491211 -1.5296586751937866 0 0 0 0 Pedestrian
17.082441329956055 2.585277557373047 -1.9200810194015503 0 0 0 0 Pedestrian
-26.392105102539062 1.0908544063568115 -1.342711329460144 0 0 0 0 Pedestrian
-18.19188117980957 21.604543685913086 -1.9017143249511719 0 0 0 0 Pedestrian