-3.298966646194458 5.695596218109131 -1.829933524131775 0 0 0 0 Pedestrian
5.173035621643066 -0.8513275384902954 -1.5725528001785278 0 0 0 0 Pedestrian
-5.7395758628845215 2.7218739986419678 -1.7775242328643799 0 0 0 0 Pedestrian
10.317635536193848 4.052373886108398 -1.5199681520462036 0 0 0 0 Pedestrian
0.23014716804027557 12.751994132995605 -2.2358860969543457 0 0 0 0 Pedestrian
9.751626968383789 5.971644878387451 -2.5828754901885986 0 0 0 0 Pedestrian
0.00951998122036457 11.308609962463379 -2.344269275665283 0 0 0 0 Pedestrian
7.083230495452881 10.351373672485352 -1.5593327283859253 0 0 0 0 Pedestrian
12.149914741516113 1.8949527740478516 -1.2950167655944824 0 0 0 0 Pedestrian
-11.576400756835938 4.630299091339111 -1.955365538597107 0 0 0 0 Pedestrian
-10.812585830688477 -1.9040706157684326 -2.308171510696411 0 0 0 0 Pedestrian
-13.631113052368164 5.752456188201904 -1.769540548324585 0 0 0 0 Pedestrian
-14.201774597167969 4.847416400909424 -2.0342907905578613 0 0 0 0 Pedestrian
-26.4467830657959 1.16181480884552 -1.4411495923995972 0 0 0 0 Pedestrian