-3.8706259727478027 -1.4612681865692139 -1.3294554948806763 0 0 0 0 Pedestrian
-0.8484493494033813 5.084433078765869 -1.7003930807113647 0 0 0 0 Pedestrian
5.1711530685424805 -0.8458476662635803 -1.5767912864685059 0 0 0 0 Pedestrian
-5.73532247543335 2.7312653064727783 -1.7778654098510742 0 0 0 0 Pedestrian
10.346478462219238 4.046004295349121 -1.389678955078125 0 0 0 0 Pedestrian
9.742609977722168 5.9953532218933105 -2.590569257736206 0 0 0 0 Pedestrian
12.116572380065918 1.728765845298767 -1.3862589597702026 0 0 0 0 Pedestrian
6.27826452255249 9.074734687805176 -1.495105504989624 0 0 0 0 Pedestrian
-13.354129791259766 5.695594310760498 -1.8293893337249756 0 0 0 0 Pedestrian
16.069028854370117 -7.734999656677246 -1.439778208732605 0 0 0 0 Pedestrian
-26.414213180541992 1.1172807216644287 -1.4621272087097168 0 0 0 0 Pedestrian