3.807295560836792 4.004504680633545 -1.7057881355285645 0 0 0 0 Pedestrian
5.174952030181885 -0.8462949395179749 -1.578362226486206 0 0 0 0 Pedestrian
-5.735952854156494 2.735133647918701 -1.769073486328125 0 0 0 0 Pedestrian
6.214320182800293 -4.674251556396484 -1.2389488220214844 0 0 0 0 Pedestrian
2.8183159828186035 10.070672035217285 -2.060482978820801 0 0 0 0 Pedestrian
9.716269493103027 -6.020079612731934 -1.3305200338363647 0 0 0 0 Pedestrian
10.327154159545898 4.024202346801758 -1.4717676639556885 0 0 0 0 Pedestrian
9.737529754638672 5.98787784576416 -2.5594608783721924 0 0 0 0 Pedestrian
0.054322440177202225 11.28693675994873 -2.300257682800293 0 0 0 0 Pedestrian
6.254928112030029 9.047560691833496 -1.5294768810272217 0 0 0 0 Pedestrian
-11.60132884979248 4.698925971984863 -1.9185619354248047 0 0 0 0 Pedestrian
13.634371757507324 9.091971397399902 -1.5818270444869995 0 0 0 0 Pedestrian
17.138547897338867 2.506120204925537 -2.024052143096924 0 0 0 0 Pedestrian
16.13237762451172 -7.6510396003723145 -1.4187811613082886 0 0 0 0 Pedestrian
-26.446735382080078 1.1851224899291992 -1.440834879875183 0 0 0 0 Pedestrian