-0.9434325695037842 5.12368106842041 -1.695356011390686 0 0 0 0 Pedestrian
5.17952823638916 -0.8386610150337219 -1.5879309177398682 0 0 0 0 Pedestrian
-1.6565145254135132 6.354808807373047 -1.9767894744873047 0 0 0 0 Pedestrian
-5.731558322906494 2.7293291091918945 -1.7766783237457275 0 0 0 0 Pedestrian
2.8242857456207275 10.091632843017578 -2.064920425415039 0 0 0 0 Pedestrian
9.715591430664062 -6.02293062210083 -1.3149120807647705 0 0 0 0 Pedestrian
10.343339920043945 4.018122673034668 -1.4906902313232422 0 0 0 0 Pedestrian
9.775819778442383 5.945642948150635 -2.5762009620666504 0 0 0 0 Pedestrian
6.292977333068848 9.096150398254395 -1.4987993240356445 0 0 0 0 Pedestrian
-13.347782135009766 5.6784281730651855 -1.8552213907241821 0 0 0 0 Pedestrian
13.66508960723877 9.090156555175781 -1.5461457967758179 0 0 0 0 Pedestrian
16.073291778564453 -7.733686447143555 -1.4580820798873901 0 0 0 0 Pedestrian
-26.442813873291016 1.1616185903549194 -1.4406852722167969 0 0 0 0 Pedestrian