4.031481742858887 3.8896758556365967 -1.6993894577026367 0 0 0 0 Pedestrian
5.182177543640137 -0.8436400294303894 -1.5757979154586792 0 0 0 0 Pedestrian
-5.733178615570068 2.7308349609375 -1.76729416847229 0 0 0 0 Pedestrian
6.086607933044434 -4.569087505340576 -1.2190022468566895 0 0 0 0 Pedestrian
-8.65695858001709 3.0088870525360107 -1.856142520904541 0 0 0 0 Pedestrian
10.334308624267578 4.056918621063232 -1.4817975759506226 0 0 0 0 Pedestrian
0.24532124400138855 12.759136199951172 -2.265066385269165 0 0 0 0 Pedestrian
9.757893562316895 5.972664833068848 -2.5525763034820557 0 0 0 0 Pedestrian
0.05454672500491142 11.275842666625977 -2.2977826595306396 0 0 0 0 Pedestrian
-11.577335357666016 4.671041965484619 -1.8986531496047974 0 0 0 0 Pedestrian
6.240715026855469 9.07521915435791 -1.5382680892944336 0 0 0 0 Pedestrian
16.119728088378906 -7.607010364532471 -1.41951584815979 0 0 0 0 Pedestrian
-26.409177780151367 1.137360692024231 -1.4617457389831543 0 0 0 0 Pedestrian