5.078526973724365 3.5620851516723633 -1.7432925701141357 0 0 0 0 Pedestrian
-5.725039005279541 2.6882786750793457 -1.7533437013626099 0 0 0 0 Pedestrian
5.169102668762207 -0.8407789468765259 -1.5718530416488647 0 0 0 0 Pedestrian
-1.9221785068511963 -4.4766998291015625 -1.4300081729888916 0 0 0 0 Pedestrian
9.695869445800781 -6.001370906829834 -1.3139766454696655 0 0 0 0 Pedestrian
10.319601058959961 4.055964946746826 -1.45698082447052 0 0 0 0 Pedestrian
9.777527809143066 5.946526527404785 -2.5438995361328125 0 0 0 0 Pedestrian
-11.641149520874023 4.609802722930908 -1.9039720296859741 0 0 0 0 Pedestrian
7.014817714691162 10.379590034484863 -1.5382603406906128 0 0 0 0 Pedestrian
16.13959503173828 -7.603018283843994 -1.4010249376296997 0 0 0 0 Pedestrian
-26.4202880859375 1.1381113529205322 -1.297704815864563 0 0 0 0 Pedestrian