5.1763787269592285 -0.8485434651374817 -1.5718202590942383 0 0 0 0 Pedestrian
-5.738518238067627 2.7265517711639404 -1.7815446853637695 0 0 0 0 Pedestrian
-4.0155253410339355 5.959676265716553 -1.8396594524383545 0 0 0 0 Pedestrian
2.8226206302642822 10.0858736038208 -2.063659191131592 0 0 0 0 Pedestrian
5.831025123596191 -5.618915557861328 -1.4710967540740967 0 0 0 0 Pedestrian
9.731391906738281 -6.016952991485596 -1.3294404745101929 0 0 0 0 Pedestrian
10.31590461730957 4.046903133392334 -1.4417086839675903 0 0 0 0 Pedestrian
11.482629776000977 -0.42921724915504456 -1.4174474477767944 0 0 0 0 Pedestrian
9.74320125579834 5.9911580085754395 -2.560493230819702 0 0 0 0 Pedestrian
-11.60318660736084 4.699656009674072 -1.9187490940093994 0 0 0 0 Pedestrian
12.258293151855469 1.52377450466156 -1.4982032775878906 0 0 0 0 Pedestrian
-13.481843948364258 5.771177768707275 -1.8050390481948853 0 0 0 0 Pedestrian
-14.944853782653809 5.504520893096924 -1.8635236024856567 0 0 0 0 Pedestrian
-14.284621238708496 6.570708751678467 -1.7425991296768188 0 0 0 0 Pedestrian
-14.2042236328125 4.848387718200684 -2.0342295169830322 0 0 0 0 Pedestrian
-26.4587459564209 1.162350058555603 -1.4418723583221436 0 0 0 0 Pedestrian