5.180277347564697 -0.8430519700050354 -1.5626628398895264 0 0 0 0 Pedestrian
-5.7351603507995605 2.7246408462524414 -1.781143069267273 0 0 0 0 Pedestrian
-4.233259677886963 6.0483808517456055 -1.7247986793518066 0 0 0 0 Pedestrian
10.643339157104492 1.5436720848083496 -1.2849764823913574 0 0 0 0 Pedestrian
-8.58938217163086 3.0086371898651123 -1.8281283378601074 0 0 0 0 Pedestrian
8.612289428710938 -5.826014995574951 -1.2208646535873413 0 0 0 0 Pedestrian
5.7925615310668945 -5.620976448059082 -1.5180244445800781 0 0 0 0 Pedestrian
10.331904411315918 4.034059047698975 -1.409353256225586 0 0 0 0 Pedestrian
9.751412391662598 5.968749523162842 -2.551006317138672 0 0 0 0 Pedestrian
-0.005444860551506281 11.29613971710205 -2.2314682006835938 0 0 0 0 Pedestrian
12.245267868041992 1.587834358215332 -1.4094175100326538 0 0 0 0 Pedestrian
-13.480300903320312 5.770259380340576 -1.8047494888305664 0 0 0 0 Pedestrian
-14.15045166015625 4.8300275802612305 -2.0261731147766113 0 0 0 0 Pedestrian