2.904340982437134 4.238576412200928 -1.6038445234298706 0 0 0 0 Pedestrian
5.174999237060547 -0.8455823063850403 -1.5883744955062866 0 0 0 0 Pedestrian
-5.726451873779297 2.730968952178955 -1.7814687490463257 0 0 0 0 Pedestrian
5.779635906219482 -5.638295650482178 -1.4686083793640137 0 0 0 0 Pedestrian
9.7081298828125 -6.018314361572266 -1.3145068883895874 0 0 0 0 Pedestrian
10.295841217041016 4.043789386749268 -1.4964126348495483 0 0 0 0 Pedestrian
0.24458281695842743 12.737420082092285 -2.2609291076660156 0 0 0 0 Pedestrian
9.737763404846191 5.962906360626221 -2.578930139541626 0 0 0 0 Pedestrian
0.05448652431368828 11.271429061889648 -2.2969138622283936 0 0 0 0 Pedestrian
-11.604954719543457 4.568964004516602 -1.8839380741119385 0 0 0 0 Pedestrian
6.236438751220703 9.068947792053223 -1.53718900680542 0 0 0 0 Pedestrian
-10.8069429397583 -1.887070655822754 -2.2604598999023438 0 0 0 0 Pedestrian
13.66653060913086 9.08587646484375 -1.5635703802108765 0 0 0 0 Pedestrian
17.10491180419922 2.588507652282715 -1.9231972694396973 0 0 0 0 Pedestrian
-26.424942016601562 1.1383452415466309 -1.2979542016983032 0 0 0 0 Pedestrian