2.457847833633423 4.422199726104736 -1.6017100811004639 0 0 0 0 Pedestrian
5.182503700256348 -0.83823561668396 -1.5676969289779663 0 0 0 0 Pedestrian
-5.733269214630127 2.7219231128692627 -1.7825510501861572 0 0 0 0 Pedestrian
2.8232834339141846 10.088210105895996 -2.064275026321411 0 0 0 0 Pedestrian
9.718087196350098 -6.024718284606934 -1.3157920837402344 0 0 0 0 Pedestrian
10.32384204864502 4.03529167175293 -1.4344079494476318 0 0 0 0 Pedestrian
9.737979888916016 5.960298538208008 -2.547466278076172 0 0 0 0 Pedestrian
0.22994102537631989 12.748196601867676 -2.2351841926574707 0 0 0 0 Pedestrian
0.009602516889572144 11.293959617614746 -2.341114044189453 0 0 0 0 Pedestrian
-11.660155296325684 4.617039203643799 -1.9069315195083618 0 0 0 0 Pedestrian
13.66012954711914 9.081774711608887 -1.5629677772521973 0 0 0 0 Pedestrian
17.109649658203125 2.589270830154419 -1.9237829446792603 0 0 0 0 Pedestrian
-26.391828536987305 1.090811848640442 -1.3425344228744507 0 0 0 0 Pedestrian