-1.7763381004333496 5.268855571746826 -1.7862893342971802 0 0 0 0 Pedestrian
5.172322750091553 -0.8418735861778259 -1.5600626468658447 0 0 0 0 Pedestrian
-5.73331880569458 2.7196128368377686 -1.776530146598816 0 0 0 0 Pedestrian
-2.75282883644104 6.728683948516846 -2.055655002593994 0 0 0 0 Pedestrian
-8.604740142822266 3.0059571266174316 -1.8254948854446411 0 0 0 0 Pedestrian
9.731426239013672 -6.017050266265869 -1.3292515277862549 0 0 0 0 Pedestrian
10.333559036254883 4.000603675842285 -1.4460885524749756 0 0 0 0 Pedestrian
9.735815048217773 5.991224765777588 -2.5888783931732178 0 0 0 0 Pedestrian
12.091165542602539 1.725167989730835 -1.38365638256073 0 0 0 0 Pedestrian
-11.614880561828613 4.6967926025390625 -1.9315309524536133 0 0 0 0 Pedestrian
16.033021926879883 -7.74422025680542 -1.4370290040969849 0 0 0 0 Pedestrian
-26.420188903808594 1.1174250841140747 -1.462634563446045 0 0 0 0 Pedestrian