4.79354190826416 3.6509788036346436 -1.7114061117172241 0 0 0 0 Pedestrian
-5.725852012634277 2.7012712955474854 -1.7517130374908447 0 0 0 0 Pedestrian
5.180933952331543 -0.834656834602356 -1.5770634412765503 0 0 0 0 Pedestrian
-1.9487625360488892 -4.561765670776367 -1.3480130434036255 0 0 0 0 Pedestrian
-8.004019737243652 2.0629467964172363 -2.3078105449676514 0 0 0 0 Pedestrian
10.309410095214844 4.034724235534668 -1.4505635499954224 0 0 0 0 Pedestrian
0.24523290991783142 12.753908157348633 -2.2641468048095703 0 0 0 0 Pedestrian
9.753735542297363 5.964329242706299 -2.5507924556732178 0 0 0 0 Pedestrian
0.054671160876750946 11.2589111328125 -2.29390811920166 0 0 0 0 Pedestrian
-11.590357780456543 4.694169521331787 -1.9164459705352783 0 0 0 0 Pedestrian
13.681071281433105 9.093661308288574 -1.4937613010406494 0 0 0 0 Pedestrian
16.134489059448242 -7.561671257019043 -1.3791061639785767 0 0 0 0 Pedestrian
-26.41826820373535 1.1377063989639282 -1.4624605178833008 0 0 0 0 Pedestrian