2.661224126815796 4.3466691970825195 -1.6303454637527466 0 0 0 0 Pedestrian
5.168307781219482 -0.8535576462745667 -1.5780479907989502 0 0 0 0 Pedestrian
-5.725655555725098 2.718175172805786 -1.7800779342651367 0 0 0 0 Pedestrian
10.341936111450195 4.061983108520508 -1.4383524656295776 0 0 0 0 Pedestrian
9.73046875 5.958016395568848 -2.5769333839416504 0 0 0 0 Pedestrian
0.009697599336504936 11.295156478881836 -2.341362953186035 0 0 0 0 Pedestrian
-11.61834716796875 4.574413299560547 -1.8861000537872314 0 0 0 0 Pedestrian
-10.801722526550293 -1.8867794275283813 -2.2600719928741455 0 0 0 0 Pedestrian
-13.32313060760498 5.831903457641602 -1.8049672842025757 0 0 0 0 Pedestrian
17.089092254638672 2.5815274715423584 -1.921480655670166 0 0 0 0 Pedestrian
-26.43109130859375 1.1386529207229614 -1.2983039617538452 0 0 0 0 Pedestrian