-1.9002768993377686 5.3132710456848145 -1.7759928703308105 0 0 0 0 Pedestrian
5.177088260650635 -0.8401064872741699 -1.5717144012451172 0 0 0 0 Pedestrian
-5.73393440246582 2.7210514545440674 -1.7769036293029785 0 0 0 0 Pedestrian
2.825258493423462 10.095416069030762 -2.0658118724823 0 0 0 0 Pedestrian
10.329095840454102 4.05726957321167 -1.4051315784454346 0 0 0 0 Pedestrian
9.752165794372559 5.9719672203063965 -2.5826668739318848 0 0 0 0 Pedestrian
12.105825424194336 1.7271703481674194 -1.38535475730896 0 0 0 0 Pedestrian
0.054463423788547516 11.269709587097168 -2.2966020107269287 0 0 0 0 Pedestrian
7.042744159698486 10.358698844909668 -1.5164905786514282 0 0 0 0 Pedestrian
-11.555440902709961 4.6871747970581055 -1.9379371404647827 0 0 0 0 Pedestrian
16.086519241333008 -7.717093467712402 -1.450595498085022 0 0 0 0 Pedestrian
-26.39690399169922 1.1163859367370605 -1.4609029293060303 0 0 0 0 Pedestrian