5.176543712615967 -0.8399903178215027 -1.5526665449142456 0 0 0 0 Pedestrian
-5.731197834014893 2.7301957607269287 -1.7793898582458496 0 0 0 0 Pedestrian
2.8204407691955566 10.078096389770508 -2.0619759559631348 0 0 0 0 Pedestrian
10.299379348754883 4.055403232574463 -1.4195502996444702 0 0 0 0 Pedestrian
0.22965256869792938 12.74333667755127 -2.2343640327453613 0 0 0 0 Pedestrian
9.763106346130371 5.937630653381348 -2.5401644706726074 0 0 0 0 Pedestrian
-13.25859546661377 -1.731632113456726 -1.31936514377594 0 0 0 0 Pedestrian
-10.87063980102539 -1.8981342315673828 -2.2736356258392334 0 0 0 0 Pedestrian
-13.49907112121582 5.797865867614746 -1.7720701694488525 0 0 0 0 Pedestrian
-14.167868614196777 4.892055511474609 -1.968037724494934 0 0 0 0 Pedestrian
-26.45427703857422 1.1993906497955322 -1.5476891994476318 0 0 0 0 Pedestrian