5.167275428771973 -0.8471503853797913 -1.5794554948806763 0 0 0 0 Pedestrian
-3.918100357055664 5.901518821716309 -1.8911842107772827 0 0 0 0 Pedestrian
-5.736507415771484 2.719762086868286 -1.7838667631149292 0 0 0 0 Pedestrian
-8.588493347167969 3.0082743167877197 -1.8281446695327759 0 0 0 0 Pedestrian
2.822648525238037 10.08585262298584 -2.063717842102051 0 0 0 0 Pedestrian
10.311548233032227 4.045533180236816 -1.5351811647415161 0 0 0 0 Pedestrian
0.2450496107339859 12.749246597290039 -2.2632339000701904 0 0 0 0 Pedestrian
9.74101448059082 5.994668960571289 -2.589991807937622 0 0 0 0 Pedestrian
0.054850880056619644 11.274076461791992 -2.297031879425049 0 0 0 0 Pedestrian
-13.521615028381348 5.770818710327148 -1.8267310857772827 0 0 0 0 Pedestrian
-14.947779655456543 5.505627155303955 -1.863642930984497 0 0 0 0 Pedestrian
-14.195512771606445 4.845118522644043 -2.032932758331299 0 0 0 0 Pedestrian
-26.404254913330078 1.1167927980422974 -1.461364984512329 0 0 0 0 Pedestrian