2.5513432025909424 4.3890533447265625 -1.6163933277130127 0 0 0 0 Pedestrian
5.178741455078125 -0.8398374915122986 -1.5723475217819214 0 0 0 0 Pedestrian
-5.727505207061768 2.717485189437866 -1.782875657081604 0 0 0 0 Pedestrian
10.329985618591309 4.017508506774902 -1.439244270324707 0 0 0 0 Pedestrian
0.2447654753923416 12.741847038269043 -2.2617275714874268 0 0 0 0 Pedestrian
9.734068870544434 5.960660457611084 -2.577641010284424 0 0 0 0 Pedestrian
-11.600940704345703 4.629951477050781 -1.9257771968841553 0 0 0 0 Pedestrian
-13.330592155456543 5.81923770904541 -1.755397081375122 0 0 0 0 Pedestrian
13.673582077026367 9.067517280578613 -1.5273854732513428 0 0 0 0 Pedestrian
17.113367080688477 2.5847787857055664 -2.0013654232025146 0 0 0 0 Pedestrian
-26.378997802734375 1.0903077125549316 -1.3419113159179688 0 0 0 0 Pedestrian