-5.734317779541016 2.718452215194702 -1.782920241355896 0 0 0 0 Pedestrian
5.79680871963501 -5.624487400054932 -1.5182750225067139 0 0 0 0 Pedestrian
10.313164710998535 4.058438301086426 -1.4523789882659912 0 0 0 0 Pedestrian
9.746488571166992 5.993566513061523 -2.5612146854400635 0 0 0 0 Pedestrian
0.2746792733669281 12.747903823852539 -2.2832236289978027 0 0 0 0 Pedestrian
-0.005385121796280146 11.294970512390137 -2.2312114238739014 0 0 0 0 Pedestrian
12.187102317810059 1.6187975406646729 -1.3602393865585327 0 0 0 0 Pedestrian
-11.583630561828613 4.633453845977783 -1.9567153453826904 0 0 0 0 Pedestrian
-13.482542991638184 5.845706462860107 -1.7084689140319824 0 0 0 0 Pedestrian
-14.19569206237793 4.8455586433410645 -2.032107353210449 0 0 0 0 Pedestrian
-26.46013641357422 1.199670433998108 -1.5480374097824097 0 0 0 0 Pedestrian