3.7029662132263184 4.04008674621582 -1.6759904623031616 0 0 0 0 Pedestrian
5.17609167098999 -0.8422951102256775 -1.5818233489990234 0 0 0 0 Pedestrian
-5.7277607917785645 2.731544256210327 -1.7818843126296997 0 0 0 0 Pedestrian
6.28606653213501 -4.700774669647217 -1.2153927087783813 0 0 0 0 Pedestrian
-7.983410358428955 2.057528495788574 -2.3019208908081055 0 0 0 0 Pedestrian
2.825556993484497 10.096769332885742 -2.0658884048461914 0 0 0 0 Pedestrian
9.712309837341309 -6.020992279052734 -1.3150683641433716 0 0 0 0 Pedestrian
10.337430953979492 4.041491508483887 -1.451369285583496 0 0 0 0 Pedestrian
9.74162483215332 5.964964389801025 -2.5796687602996826 0 0 0 0 Pedestrian
0.21279801428318024 12.74273681640625 -2.2249951362609863 0 0 0 0 Pedestrian
6.2591633796691895 9.054046630859375 -1.530822515487671 0 0 0 0 Pedestrian
-11.580187797546387 4.672337055206299 -1.8991354703903198 0 0 0 0 Pedestrian
17.147808074951172 2.5177319049835205 -1.9876872301101685 0 0 0 0 Pedestrian
16.14932632446289 -7.636803150177002 -1.4195994138717651 0 0 0 0 Pedestrian