-0.17754675447940826 4.889545917510986 -1.6219079494476318 0 0 0 0 Pedestrian
5.173519611358643 -0.8453949093818665 -1.5644357204437256 0 0 0 0 Pedestrian
-5.732524871826172 2.7228505611419678 -1.7819138765335083 0 0 0 0 Pedestrian
8.624849319458008 -5.802882194519043 -1.2534235715866089 0 0 0 0 Pedestrian
10.324190139770508 4.013641357421875 -1.467193603515625 0 0 0 0 Pedestrian
9.71971321105957 5.981417655944824 -2.584299325942993 0 0 0 0 Pedestrian
11.250554084777832 1.4909063577651978 -1.3645777702331543 0 0 0 0 Pedestrian
0.054832182824611664 11.272233963012695 -2.2967238426208496 0 0 0 0 Pedestrian
-11.60004711151123 4.698359966278076 -1.918274164199829 0 0 0 0 Pedestrian
-10.821805000305176 -1.8900279998779297 -2.2637341022491455 0 0 0 0 Pedestrian
6.206568717956543 9.045434951782227 -1.541090488433838 0 0 0 0 Pedestrian
13.719204902648926 9.14990234375 -1.474186658859253 0 0 0 0 Pedestrian
16.03927230834961 -7.718372344970703 -1.4464646577835083 0 0 0 0 Pedestrian
-26.407358169555664 1.1170026063919067 -1.4616926908493042 0 0 0 0 Pedestrian