-1.2507665157318115 5.139570713043213 -1.701277732849121 0 0 0 0 Pedestrian
-5.743002891540527 2.69470477104187 -1.7698289155960083 0 0 0 0 Pedestrian
5.179750442504883 -0.8379696011543274 -1.5624258518218994 0 0 0 0 Pedestrian
-7.99916934967041 2.0616209506988525 -2.306401014328003 0 0 0 0 Pedestrian
2.820847272872925 10.079083442687988 -2.0623958110809326 0 0 0 0 Pedestrian
10.30783462524414 4.032291889190674 -1.436900019645691 0 0 0 0 Pedestrian
9.735747337341309 5.961346626281738 -2.578146457672119 0 0 0 0 Pedestrian
-11.586030006408691 4.692451477050781 -1.915712594985962 0 0 0 0 Pedestrian
-13.361326217651367 5.650783538818359 -1.7507045269012451 0 0 0 0 Pedestrian
13.67512321472168 9.089616775512695 -1.4933606386184692 0 0 0 0 Pedestrian
16.03371810913086 -7.756643772125244 -1.4722630977630615 0 0 0 0 Pedestrian
-26.449586868286133 1.1852846145629883 -1.440907597541809 0 0 0 0 Pedestrian