-0.3991866111755371 4.893567085266113 -1.616866946220398 0 0 0 0 Pedestrian
-5.722150802612305 2.7203001976013184 -1.78511381149292 0 0 0 0 Pedestrian
-8.655258178710938 3.008469820022583 -1.889614224433899 0 0 0 0 Pedestrian
8.52538013458252 -5.688201427459717 -1.332944393157959 0 0 0 0 Pedestrian
2.8237452507019043 10.090019226074219 -2.0644772052764893 0 0 0 0 Pedestrian
10.334099769592285 4.025367259979248 -1.4584412574768066 0 0 0 0 Pedestrian
9.732495307922363 5.989595413208008 -2.5882441997528076 0 0 0 0 Pedestrian
0.22992204129695892 12.745380401611328 -2.23466157913208 0 0 0 0 Pedestrian
11.159778594970703 1.4638742208480835 -1.3388581275939941 0 0 0 0 Pedestrian
-11.612297058105469 4.5719099044799805 -1.8851101398468018 0 0 0 0 Pedestrian
16.121952056884766 -7.734002113342285 -1.4538192749023438 0 0 0 0 Pedestrian