-2.415194034576416 5.423398017883301 -1.764193058013916 0 0 0 0 Pedestrian
5.179159164428711 -0.8388248682022095 -1.571576714515686 0 0 0 0 Pedestrian
-5.737946033477783 2.740884304046631 -1.7747882604599 0 0 0 0 Pedestrian
10.2948579788208 4.038529872894287 -1.3988773822784424 0 0 0 0 Pedestrian
9.728442192077637 5.986510276794434 -2.58644437789917 0 0 0 0 Pedestrian
0.22989040613174438 12.743555068969727 -2.2342731952667236 0 0 0 0 Pedestrian
12.1201810836792 1.7716068029403687 -1.357425332069397 0 0 0 0 Pedestrian
0.0542803630232811 11.270329475402832 -2.2966675758361816 0 0 0 0 Pedestrian
-13.237724304199219 -1.725678563117981 -1.341020941734314 0 0 0 0 Pedestrian
16.080215454101562 -7.712874412536621 -1.3902301788330078 0 0 0 0 Pedestrian
-26.42771339416504 1.1556878089904785 -1.5546269416809082 0 0 0 0 Pedestrian