4.128587245941162 0.9326050877571106 -1.1214581727981567 0 0 0 0 Pedestrian
0.015097078867256641 4.881077289581299 -1.584385871887207 0 0 0 0 Pedestrian
5.171247959136963 -0.8400684595108032 -1.5809251070022583 0 0 0 0 Pedestrian
-5.724045276641846 2.735384225845337 -1.7786436080932617 0 0 0 0 Pedestrian
8.581560134887695 -5.750432014465332 -1.2964340448379517 0 0 0 0 Pedestrian
10.334855079650879 4.035549163818359 -1.4903391599655151 0 0 0 0 Pedestrian
11.567549705505371 1.7226455211639404 -1.3740147352218628 0 0 0 0 Pedestrian
0.2454788088798523 12.762600898742676 -2.2655680179595947 0 0 0 0 Pedestrian
9.73140811920166 5.989053726196289 -2.587526798248291 0 0 0 0 Pedestrian
-11.595298767089844 4.696274757385254 -1.9172207117080688 0 0 0 0 Pedestrian
6.226329803466797 9.03409481048584 -1.4867925643920898 0 0 0 0 Pedestrian
13.653534889221191 9.104927062988281 -1.584533452987671 0 0 0 0 Pedestrian
16.101438522338867 -7.680174827575684 -1.4365029335021973 0 0 0 0 Pedestrian
-26.432571411132812 1.1559851169586182 -1.5551304817199707 0 0 0 0 Pedestrian