4.979252815246582 3.6057169437408447 -1.7324405908584595 0 0 0 0 Pedestrian
-5.728759288787842 2.6983730792999268 -1.747765302658081 0 0 0 0 Pedestrian
5.171020984649658 -0.8512774109840393 -1.567236065864563 0 0 0 0 Pedestrian
-1.945182204246521 -4.501110553741455 -1.3320364952087402 0 0 0 0 Pedestrian
10.329774856567383 4.032388687133789 -1.3743159770965576 0 0 0 0 Pedestrian
9.752948760986328 5.99753999710083 -2.563096761703491 0 0 0 0 Pedestrian
0.251938134431839 12.736734390258789 -2.2470102310180664 0 0 0 0 Pedestrian
-11.588068008422852 4.611180305480957 -1.911622405052185 0 0 0 0 Pedestrian
7.0196757316589355 10.386223793029785 -1.5396537780761719 0 0 0 0 Pedestrian
-10.812942504882812 -1.9041588306427002 -2.308366060256958 0 0 0 0 Pedestrian
-26.445711135864258 1.185176968574524 -1.4410878419876099 0 0 0 0 Pedestrian