-0.49290791153907776 4.923534870147705 -1.615490436553955 0 0 0 0 Pedestrian
5.16419792175293 -0.849982738494873 -1.5836220979690552 0 0 0 0 Pedestrian
-5.727042198181152 2.7326159477233887 -1.7729932069778442 0 0 0 0 Pedestrian
10.325723648071289 4.04514741897583 -1.4515610933303833 0 0 0 0 Pedestrian
9.729238510131836 5.987654685974121 -2.5871667861938477 0 0 0 0 Pedestrian
11.989599227905273 1.8118208646774292 -1.4126472473144531 0 0 0 0 Pedestrian
0.23513346910476685 12.727025032043457 -2.261204242706299 0 0 0 0 Pedestrian
-0.005249544978141785 11.291773796081543 -2.230391502380371 0 0 0 0 Pedestrian
6.2185516357421875 9.03898811340332 -1.5412976741790771 0 0 0 0 Pedestrian
-13.401862144470215 5.772084712982178 -1.8331904411315918 0 0 0 0 Pedestrian
16.099576950073242 -7.722980499267578 -1.4509550333023071 0 0 0 0 Pedestrian
-26.42080307006836 1.1174888610839844 -1.462821364402771 0 0 0 0 Pedestrian