4.1300249099731445 3.8325796127319336 -1.6582489013671875 0 0 0 0 Pedestrian
-5.725503444671631 2.733030319213867 -1.7453252077102661 0 0 0 0 Pedestrian
6.043637275695801 -4.518273830413818 -1.201076626777649 0 0 0 0 Pedestrian
2.821985960006714 10.083499908447266 -2.0632004737854004 0 0 0 0 Pedestrian
10.345393180847168 4.035706520080566 -1.470997929573059 0 0 0 0 Pedestrian
9.727544784545898 5.986505508422852 -2.586512565612793 0 0 0 0 Pedestrian
0.2520480155944824 12.729765892028809 -2.222785711288452 0 0 0 0 Pedestrian
-0.005801185965538025 11.298340797424316 -2.260376453399658 0 0 0 0 Pedestrian
-11.61014461517334 4.608395099639893 -1.914442777633667 0 0 0 0 Pedestrian
6.250790119171143 9.041951179504395 -1.5287630558013916 0 0 0 0 Pedestrian
-10.825291633605957 -1.905880331993103 -2.3103156089782715 0 0 0 0 Pedestrian
13.670832633972168 9.088788986206055 -1.5643861293792725 0 0 0 0 Pedestrian
16.13883399963379 -7.589795112609863 -1.4123224020004272 0 0 0 0 Pedestrian