5.185238361358643 -0.8338209390640259 -1.5623645782470703 0 0 0 0 Pedestrian
0.35048308968544006 4.8435282707214355 -1.6040562391281128 0 0 0 0 Pedestrian
-5.729187488555908 2.7286882400512695 -1.78232741355896 0 0 0 0 Pedestrian
8.608378410339355 -5.79180383682251 -1.251003384590149 0 0 0 0 Pedestrian
5.813743591308594 -5.6141037940979 -1.4585447311401367 0 0 0 0 Pedestrian
10.32613468170166 4.042511940002441 -1.4500747919082642 0 0 0 0 Pedestrian
9.752585411071777 5.966033935546875 -2.582357406616211 0 0 0 0 Pedestrian
0.009786943905055523 11.294831275939941 -2.3412997722625732 0 0 0 0 Pedestrian
6.2257080078125 9.032958030700684 -1.4863877296447754 0 0 0 0 Pedestrian
-11.569782257080078 4.600111484527588 -1.9452096223831177 0 0 0 0 Pedestrian
-10.817729949951172 -1.9051015377044678 -2.3094642162323 0 0 0 0 Pedestrian
-13.411687850952148 5.999897480010986 -1.7671819925308228 0 0 0 0 Pedestrian
13.655961036682129 9.084113121032715 -1.5451040267944336 0 0 0 0 Pedestrian
16.138872146606445 -7.622615337371826 -1.4288743734359741 0 0 0 0 Pedestrian