3.604218006134033 4.058485507965088 -1.6655395030975342 0 0 0 0 Pedestrian
5.186952114105225 -0.8316859602928162 -1.5625181198120117 0 0 0 0 Pedestrian
-5.730195999145508 2.7327492237091064 -1.7825449705123901 0 0 0 0 Pedestrian
5.794921398162842 -5.623668670654297 -1.5191034078598022 0 0 0 0 Pedestrian
10.33098316192627 4.030705451965332 -1.4427496194839478 0 0 0 0 Pedestrian
9.74653434753418 5.993396759033203 -2.561152935028076 0 0 0 0 Pedestrian
0.054455652832984924 11.284858703613281 -2.2997922897338867 0 0 0 0 Pedestrian
6.249199390411377 9.039457321166992 -1.5282533168792725 0 0 0 0 Pedestrian
13.712628364562988 9.117774963378906 -1.4660499095916748 0 0 0 0 Pedestrian
17.138628005981445 2.516188859939575 -1.9867366552352905 0 0 0 0 Pedestrian
16.126832962036133 -7.626856327056885 -1.4028607606887817 0 0 0 0 Pedestrian
-26.440044403076172 1.1848148107528687 -1.4404335021972656 0 0 0 0 Pedestrian