1.7700786590576172 4.5582194328308105 -1.5528548955917358 0 0 0 0 Pedestrian
-5.721920013427734 2.720278263092041 -1.78534734249115 0 0 0 0 Pedestrian
10.330338478088379 4.06031608581543 -1.4893752336502075 0 0 0 0 Pedestrian
9.729059219360352 5.982856750488281 -2.5570976734161377 0 0 0 0 Pedestrian
0.24510091543197632 12.750822067260742 -2.2636616230010986 0 0 0 0 Pedestrian
12.098621368408203 1.6344743967056274 -1.419179081916809 0 0 0 0 Pedestrian
-11.603557586669922 4.631121635437012 -1.9260618686676025 0 0 0 0 Pedestrian
0.054415106773376465 11.278654098510742 -2.298382520675659 0 0 0 0 Pedestrian
-13.339714050292969 5.782385349273682 -1.7905187606811523 0 0 0 0 Pedestrian
13.671159744262695 9.06605052947998 -1.5269668102264404 0 0 0 0 Pedestrian
-26.368743896484375 1.0898393392562866 -1.341212511062622 0 0 0 0 Pedestrian