-0.07188873738050461 4.892773628234863 -1.60118567943573 0 0 0 0 Pedestrian
5.166934490203857 -0.8451619744300842 -1.5855168104171753 0 0 0 0 Pedestrian
-5.733762741088867 2.7345023155212402 -1.7838531732559204 0 0 0 0 Pedestrian
8.589757919311523 -5.782508373260498 -1.2620491981506348 0 0 0 0 Pedestrian
2.8212828636169434 10.081005096435547 -2.06278133392334 0 0 0 0 Pedestrian
10.291887283325195 4.021885871887207 -1.4656730890274048 0 0 0 0 Pedestrian
9.750686645507812 5.970911979675293 -2.5826163291931152 0 0 0 0 Pedestrian
11.276270866394043 1.4944043159484863 -1.3677678108215332 0 0 0 0 Pedestrian
11.858590126037598 1.9443938732147217 -1.3906792402267456 0 0 0 0 Pedestrian
-11.602644920349121 4.630690574645996 -1.9260199069976807 0 0 0 0 Pedestrian
0.05466807633638382 11.264397621154785 -2.2951245307922363 0 0 0 0 Pedestrian
16.054893493652344 -7.725903511047363 -1.447880744934082 0 0 0 0 Pedestrian
-26.4180850982666 1.1551998853683472 -1.5539319515228271 0 0 0 0 Pedestrian