5.170172214508057 -0.8519399166107178 -1.5811666250228882 0 0 0 0 Pedestrian
-3.2508435249328613 -7.02504825592041 -1.269533395767212 0 0 0 0 Pedestrian
-6.535356521606445 4.462479114532471 -1.97212553024292 0 0 0 0 Pedestrian
9.719645500183105 -6.044217586517334 -1.2359411716461182 0 0 0 0 Pedestrian
10.324974060058594 4.03791618347168 -1.4670803546905518 0 0 0 0 Pedestrian
9.728963851928711 5.9869561195373535 -2.5871074199676514 0 0 0 0 Pedestrian
0.22993752360343933 12.750044822692871 -2.2354507446289062 0 0 0 0 Pedestrian
11.74515438079834 1.6678693294525146 -1.3582680225372314 0 0 0 0 Pedestrian
-11.625930786132812 4.57711935043335 -1.8872170448303223 0 0 0 0 Pedestrian
0.05460905656218529 11.280370712280273 -2.2986807823181152 0 0 0 0 Pedestrian
13.660112380981445 9.058777809143066 -1.5257198810577393 0 0 0 0 Pedestrian
16.12037467956543 -7.583631992340088 -1.3894355297088623 0 0 0 0 Pedestrian
-26.435443878173828 1.1560702323913574 -1.5554561614990234 0 0 0 0 Pedestrian