5.1684675216674805 -0.8514267206192017 -1.5669302940368652 0 0 0 0 Pedestrian
-5.70059871673584 2.7164933681488037 -1.7986979484558105 0 0 0 0 Pedestrian
-5.279611587524414 1.7627277374267578 -1.4976742267608643 0 0 0 0 Pedestrian
7.329343795776367 3.0414297580718994 -1.4320108890533447 0 0 0 0 Pedestrian
10.374777793884277 4.035402297973633 -1.370234727859497 0 0 0 0 Pedestrian
9.717591285705566 5.975614070892334 -2.5535855293273926 0 0 0 0 Pedestrian
0.22957836091518402 12.73822021484375 -2.233476400375366 0 0 0 0 Pedestrian
0.054510995745658875 11.276093482971191 -2.2977969646453857 0 0 0 0 Pedestrian
-11.560718536376953 4.705888271331787 -1.9499651193618774 0 0 0 0 Pedestrian
-10.801534652709961 -1.9023113250732422 -2.3060004711151123 0 0 0 0 Pedestrian
13.671228408813477 9.065937995910645 -1.5270297527313232 0 0 0 0 Pedestrian
16.15860366821289 -7.61179256439209 -1.4025629758834839 0 0 0 0 Pedestrian