-5.689545631408691 2.705686569213867 -1.806321620941162 0 0 0 0 Pedestrian
5.177184581756592 -0.8492394685745239 -1.5718824863433838 0 0 0 0 Pedestrian
7.515610694885254 2.90240478515625 -1.4242548942565918 0 0 0 0 Pedestrian
2.8228342533111572 10.086402893066406 -2.0640201568603516 0 0 0 0 Pedestrian
9.722607612609863 -5.993597507476807 -1.203758955001831 0 0 0 0 Pedestrian
10.346569061279297 4.1377763748168945 -1.1204352378845215 0 0 0 0 Pedestrian
9.759638786315918 5.967857360839844 -2.552412748336792 0 0 0 0 Pedestrian
0.2519051432609558 12.728863716125488 -2.2455849647521973 0 0 0 0 Pedestrian
-11.607809066772461 4.6648969650268555 -1.9169527292251587 0 0 0 0 Pedestrian
13.66023063659668 9.10926628112793 -1.585115671157837 0 0 0 0 Pedestrian
16.12327003479004 -7.594899654388428 -1.3992785215377808 0 0 0 0 Pedestrian