-3.8122432231903076 -1.4799549579620361 -1.37482488155365 0 0 0 0 Pedestrian
5.182454586029053 -0.8339186310768127 -1.5691512823104858 0 0 0 0 Pedestrian
-5.694622993469238 2.706451892852783 -1.795419692993164 0 0 0 0 Pedestrian
-3.1663925647735596 -7.046367645263672 -1.2715873718261719 0 0 0 0 Pedestrian
10.298643112182617 4.039947986602783 -1.5045392513275146 0 0 0 0 Pedestrian
11.343981742858887 1.92313814163208 -1.345762014389038 0 0 0 0 Pedestrian
9.72679615020752 5.985721111297607 -2.5863420963287354 0 0 0 0 Pedestrian
0.05447934940457344 11.271084785461426 -2.2967305183410645 0 0 0 0 Pedestrian
-11.591947555541992 4.6950249671936035 -1.9169695377349854 0 0 0 0 Pedestrian
-10.809957504272461 -1.9039018154144287 -2.3079957962036133 0 0 0 0 Pedestrian
13.646830558776855 9.100378036499023 -1.583714485168457 0 0 0 0 Pedestrian
16.129810333251953 -7.588048458099365 -1.3904050588607788 0 0 0 0 Pedestrian
17.788223266601562 -7.752909183502197 -1.385157823562622 0 0 0 0 Pedestrian