-5.686663627624512 2.709561824798584 -1.7993565797805786 0 0 0 0 Pedestrian
5.166096210479736 -0.8400753140449524 -1.5818136930465698 0 0 0 0 Pedestrian
8.672380447387695 2.562204122543335 -1.745239496231079 0 0 0 0 Pedestrian
2.82344126701355 10.088680267333984 -2.0643293857574463 0 0 0 0 Pedestrian
10.332029342651367 4.035764217376709 -1.500927209854126 0 0 0 0 Pedestrian
9.727259635925293 5.985861778259277 -2.5863759517669678 0 0 0 0 Pedestrian
-11.642930030822754 4.610644340515137 -1.904347538948059 0 0 0 0 Pedestrian
0.00976713839918375 11.304004669189453 -2.342967987060547 0 0 0 0 Pedestrian
13.646561622619629 9.100248336791992 -1.58382248878479 0 0 0 0 Pedestrian
16.143115997314453 -7.594305515289307 -1.391360878944397 0 0 0 0 Pedestrian
-18.172910690307617 21.631511688232422 -1.8692114353179932 0 0 0 0 Pedestrian