5.3975419998168945 3.416116952896118 -1.6285350322723389 0 0 0 0 Pedestrian
-5.724494457244873 2.694160223007202 -1.7484420537948608 0 0 0 0 Pedestrian
5.174671649932861 -0.8411468267440796 -1.5681713819503784 0 0 0 0 Pedestrian
-1.9153642654418945 -4.463950157165527 -1.4454420804977417 0 0 0 0 Pedestrian
9.703125953674316 -5.985949993133545 -1.323962688446045 0 0 0 0 Pedestrian
10.32630729675293 4.032773494720459 -1.5000537633895874 0 0 0 0 Pedestrian
0.23003260791301727 12.745553016662598 -2.2348241806030273 0 0 0 0 Pedestrian
-11.599637031555176 4.697964191436768 -1.9179643392562866 0 0 0 0 Pedestrian
13.646454811096191 9.100172996520996 -1.583699345588684 0 0 0 0 Pedestrian
16.126745223999023 -7.558021545410156 -1.3786863088607788 0 0 0 0 Pedestrian
-26.389116287231445 1.0907388925552368 -1.342488169670105 0 0 0 0 Pedestrian