-5.69004487991333 2.7047295570373535 -1.799649715423584 0 0 0 0 Pedestrian
5.174107551574707 -0.8352948427200317 -1.565421462059021 0 0 0 0 Pedestrian
-5.269532203674316 1.7685507535934448 -1.472294569015503 0 0 0 0 Pedestrian
7.87611722946167 2.7186243534088135 -1.5708191394805908 0 0 0 0 Pedestrian
7.88720178604126 -1.9568462371826172 -1.0560327768325806 0 0 0 0 Pedestrian
10.358845710754395 4.101882457733154 -1.1717733144760132 0 0 0 0 Pedestrian
9.745308876037598 5.992803573608398 -2.561511754989624 0 0 0 0 Pedestrian
0.23008298873901367 12.748785018920898 -2.235299825668335 0 0 0 0 Pedestrian
0.05467989668250084 11.280235290527344 -2.298743724822998 0 0 0 0 Pedestrian
-11.587996482849121 4.693519592285156 -1.9162871837615967 0 0 0 0 Pedestrian
13.65902328491211 9.080981254577637 -1.5627385377883911 0 0 0 0 Pedestrian
16.149744033813477 -7.594905853271484 -1.4097076654434204 0 0 0 0 Pedestrian
-26.458269119262695 1.199540615081787 -1.547900676727295 0 0 0 0 Pedestrian