5.176995754241943 -0.8415756821632385 -1.5773102045059204 0 0 0 0 Pedestrian
-5.689551830291748 2.7108540534973145 -1.8002290725708008 0 0 0 0 Pedestrian
-3.1424293518066406 -7.073024749755859 -1.283591866493225 0 0 0 0 Pedestrian
6.180514335632324 8.888662338256836 -1.4114575386047363 0 0 0 0 Pedestrian
10.306206703186035 4.052633762359619 -1.4633442163467407 0 0 0 0 Pedestrian
11.065630912780762 1.9895234107971191 -1.2974807024002075 0 0 0 0 Pedestrian
0.23002630472183228 12.745585441589355 -2.2346532344818115 0 0 0 0 Pedestrian
9.744592666625977 5.961717128753662 -2.5800209045410156 0 0 0 0 Pedestrian
-11.63892650604248 4.6091108322143555 -1.9037355184555054 0 0 0 0 Pedestrian
0.009364818222820759 11.299887657165527 -2.342587471008301 0 0 0 0 Pedestrian
13.704278945922852 9.21176815032959 -1.4629285335540771 0 0 0 0 Pedestrian
16.136110305786133 -7.600745677947998 -1.4000284671783447 0 0 0 0 Pedestrian