-5.694369316101074 2.708383321762085 -1.8010585308074951 0 0 0 0 Pedestrian
5.169878005981445 -0.8530304431915283 -1.5781817436218262 0 0 0 0 Pedestrian
5.786937713623047 -5.615136623382568 -1.5156257152557373 0 0 0 0 Pedestrian
10.334402084350586 4.020193099975586 -1.448488712310791 0 0 0 0 Pedestrian
10.995073318481445 1.9891278743743896 -1.3027383089065552 0 0 0 0 Pedestrian
9.729710578918457 5.987431049346924 -2.5867855548858643 0 0 0 0 Pedestrian
-11.6646728515625 4.608796119689941 -1.9423596858978271 0 0 0 0 Pedestrian
0.054378360509872437 11.281063079833984 -2.2990548610687256 0 0 0 0 Pedestrian
13.663185119628906 9.109012603759766 -1.5472140312194824 0 0 0 0 Pedestrian
16.140336990356445 -7.582123756408691 -1.380179762840271 0 0 0 0 Pedestrian
-26.397056579589844 1.137006163597107 -1.4613102674484253 0 0 0 0 Pedestrian