-5.6999311447143555 2.738409996032715 -1.7547831535339355 0 0 0 0 Pedestrian
5.174448490142822 -0.8370082974433899 -1.5654528141021729 0 0 0 0 Pedestrian
6.610962867736816 3.138110637664795 -2.2069075107574463 0 0 0 0 Pedestrian
-6.7211174964904785 4.448994159698486 -2.052546977996826 0 0 0 0 Pedestrian
9.699746131896973 -5.972570896148682 -1.300851821899414 0 0 0 0 Pedestrian
10.31114387512207 4.0369439125061035 -1.488763689994812 0 0 0 0 Pedestrian
0.24500438570976257 12.745226860046387 -2.2623019218444824 0 0 0 0 Pedestrian
9.753812789916992 5.972683429718018 -2.5828816890716553 0 0 0 0 Pedestrian
7.001445770263672 10.419447898864746 -1.5713634490966797 0 0 0 0 Pedestrian
13.650372505187988 9.102751731872559 -1.5841751098632812 0 0 0 0 Pedestrian
16.16358757019043 -7.5880537033081055 -1.3929251432418823 0 0 0 0 Pedestrian
-26.444440841674805 1.185046911239624 -1.440874695777893 0 0 0 0 Pedestrian