-5.686119556427002 2.7043871879577637 -1.7984299659729004 0 0 0 0 Pedestrian
5.1781182289123535 -0.8494280576705933 -1.56999671459198 0 0 0 0 Pedestrian
-5.232110500335693 1.7907304763793945 -1.5047869682312012 0 0 0 0 Pedestrian
8.310967445373535 2.615851879119873 -1.6974265575408936 0 0 0 0 Pedestrian
2.8198769092559814 10.076366424560547 -2.061527729034424 0 0 0 0 Pedestrian
5.830087184906006 -5.629292964935303 -1.4625393152236938 0 0 0 0 Pedestrian
10.35278034210205 4.041150093078613 -1.3497394323349 0 0 0 0 Pedestrian
9.7345609664917 5.985943794250488 -2.55808424949646 0 0 0 0 Pedestrian
0.2352759689092636 12.723341941833496 -2.210758686065674 0 0 0 0 Pedestrian
-0.03748615086078644 11.323230743408203 -2.2499101161956787 0 0 0 0 Pedestrian
-11.617667198181152 4.656447410583496 -1.890592098236084 0 0 0 0 Pedestrian
7.028953552246094 10.400008201599121 -1.5411043167114258 0 0 0 0 Pedestrian
16.126346588134766 -7.584115505218506 -1.40728759765625 0 0 0 0 Pedestrian
-23.791187286376953 8.252650260925293 -1.9959843158721924 0 0 0 0 Pedestrian