-5.533227443695068 3.295830249786377 -1.775268793106079 0 0 0 0 Pedestrian
5.181215763092041 -0.8367974162101746 -1.5600628852844238 0 0 0 0 Pedestrian
-6.686797618865967 4.445167064666748 -2.050076961517334 0 0 0 0 Pedestrian
2.823655605316162 10.089790344238281 -2.064455270767212 0 0 0 0 Pedestrian
9.704381942749023 -6.061954021453857 -1.2458882331848145 0 0 0 0 Pedestrian
10.321504592895508 4.045742511749268 -1.467325210571289 0 0 0 0 Pedestrian
0.22975865006446838 12.73839282989502 -2.254516839981079 0 0 0 0 Pedestrian
9.733100891113281 5.960296630859375 -2.577953577041626 0 0 0 0 Pedestrian
11.744827270507812 1.6522438526153564 -1.376394510269165 0 0 0 0 Pedestrian
0.009685556404292583 11.304242134094238 -2.3434815406799316 0 0 0 0 Pedestrian
-11.628551483154297 4.6608452796936035 -1.8923872709274292 0 0 0 0 Pedestrian
-10.822733879089355 -1.9061222076416016 -2.3104724884033203 0 0 0 0 Pedestrian
13.657990455627441 9.085559844970703 -1.5452924966812134 0 0 0 0 Pedestrian
16.11764144897461 -7.591965675354004 -1.398659586906433 0 0 0 0 Pedestrian
-26.44881248474121 1.1990851163864136 -1.5471131801605225 0 0 0 0 Pedestrian
-18.179439544677734 21.60523796081543 -2.0170211791992188 0 0 0 0 Pedestrian