5.1755547523498535 -0.8467532992362976 -1.5738528966903687 0 0 0 0 Pedestrian
10.347307205200195 4.06725549697876 -1.4384673833847046 0 0 0 0 Pedestrian
9.744224548339844 -6.111673831939697 -1.1488125324249268 0 0 0 0 Pedestrian
0.22992397844791412 12.74399185180664 -2.234469175338745 0 0 0 0 Pedestrian
9.743989944458008 5.967164516448975 -2.580554723739624 0 0 0 0 Pedestrian
11.753049850463867 1.6691316366195679 -1.3593690395355225 0 0 0 0 Pedestrian
0.054489728063344955 11.26591682434082 -2.295844316482544 0 0 0 0 Pedestrian
-11.597147941589355 4.696988582611084 -1.9175070524215698 0 0 0 0 Pedestrian
-13.265057563781738 6.0038275718688965 -1.7325348854064941 0 0 0 0 Pedestrian
13.666974067687988 9.09151554107666 -1.5463651418685913 0 0 0 0 Pedestrian
16.13965606689453 -7.602824687957764 -1.4013155698776245 0 0 0 0 Pedestrian
-18.1920166015625 21.60474395751953 -1.9016398191452026 0 0 0 0 Pedestrian