5.191237449645996 3.518616199493408 -1.739638090133667 0 0 0 0 Pedestrian
-5.7203569412231445 2.6978540420532227 -1.7474795579910278 0 0 0 0 Pedestrian
5.163836479187012 -0.8427521586418152 -1.5692510604858398 0 0 0 0 Pedestrian
2.8222620487213135 10.084573745727539 -2.0634078979492188 0 0 0 0 Pedestrian
5.802880764007568 -5.61738395690918 -1.5158604383468628 0 0 0 0 Pedestrian
9.700565338134766 -6.004226207733154 -1.31468665599823 0 0 0 0 Pedestrian
10.337172508239746 4.021478176116943 -1.4790406227111816 0 0 0 0 Pedestrian
9.8212308883667 5.876843452453613 -2.5434610843658447 0 0 0 0 Pedestrian
-0.00558218639343977 11.299210548400879 -2.2606282234191895 0 0 0 0 Pedestrian
-11.605785369873047 4.631628036499023 -1.9261906147003174 0 0 0 0 Pedestrian
16.136157989501953 -7.56272554397583 -1.3796749114990234 0 0 0 0 Pedestrian
-26.371307373046875 1.0899417400360107 -1.34144127368927 0 0 0 0 Pedestrian