-5.39392614364624 3.35294771194458 -1.7869848012924194 0 0 0 0 Pedestrian
-5.253108501434326 1.7607671022415161 -1.4676666259765625 0 0 0 0 Pedestrian
-3.255378484725952 -7.0131144523620605 -1.2569957971572876 0 0 0 0 Pedestrian
-6.633173942565918 4.459996223449707 -1.9709657430648804 0 0 0 0 Pedestrian
5.774600982666016 -5.616002559661865 -1.4869987964630127 0 0 0 0 Pedestrian
10.328829765319824 4.046833515167236 -1.413996696472168 0 0 0 0 Pedestrian
9.741987228393555 5.994881629943848 -2.590383291244507 0 0 0 0 Pedestrian
11.74618148803711 1.668078899383545 -1.3585879802703857 0 0 0 0 Pedestrian
-11.620849609375 4.637558937072754 -1.9286212921142578 0 0 0 0 Pedestrian
13.71748161315918 9.121066093444824 -1.4664140939712524 0 0 0 0 Pedestrian
16.148954391479492 -7.607245445251465 -1.4019383192062378 0 0 0 0 Pedestrian