-5.681766986846924 2.705171823501587 -1.8096290826797485 0 0 0 0 Pedestrian
5.168047904968262 -0.8422150611877441 -1.567484974861145 0 0 0 0 Pedestrian
7.701553821563721 2.823004961013794 -1.4720110893249512 0 0 0 0 Pedestrian
2.8188021183013916 10.072181701660156 -2.0608174800872803 0 0 0 0 Pedestrian
0.245279461145401 12.755716323852539 -2.2643089294433594 0 0 0 0 Pedestrian
10.374335289001465 4.1145243644714355 -1.1431065797805786 0 0 0 0 Pedestrian
9.729005813598633 5.9574456214904785 -2.576660633087158 0 0 0 0 Pedestrian
0.054422393441200256 11.291177749633789 -2.301340103149414 0 0 0 0 Pedestrian
-11.569167137145996 4.599868297576904 -1.9451279640197754 0 0 0 0 Pedestrian
13.671004295349121 9.094143867492676 -1.5468252897262573 0 0 0 0 Pedestrian
16.125171661376953 -7.596031665802002 -1.399942398071289 0 0 0 0 Pedestrian
-26.425193786621094 1.1176137924194336 -1.4626975059509277 0 0 0 0 Pedestrian