-5.63828182220459 3.219003200531006 -1.8094819784164429 0 0 0 0 Pedestrian
5.17612361907959 -0.8444527387619019 -1.5649421215057373 0 0 0 0 Pedestrian
-3.2629990577697754 -7.018482208251953 -1.2554333209991455 0 0 0 0 Pedestrian
2.822725296020508 10.086475372314453 -2.0638256072998047 0 0 0 0 Pedestrian
5.84613037109375 -5.644935607910156 -1.4669057130813599 0 0 0 0 Pedestrian
10.296963691711426 4.059353828430176 -1.4499173164367676 0 0 0 0 Pedestrian
9.722667694091797 -6.077104091644287 -1.1997078657150269 0 0 0 0 Pedestrian
9.737417221069336 5.992307662963867 -2.5890860557556152 0 0 0 0 Pedestrian
11.739553451538086 1.6671894788742065 -1.3581867218017578 0 0 0 0 Pedestrian
-0.0057159005664289 11.304325103759766 -2.233335018157959 0 0 0 0 Pedestrian
-11.596857070922852 4.627681732177734 -1.9246524572372437 0 0 0 0 Pedestrian
16.1097412109375 -7.594906330108643 -1.389182448387146 0 0 0 0 Pedestrian
-26.4259033203125 1.1557916402816772 -1.554982304573059 0 0 0 0 Pedestrian