-4.5774407386779785 1.9938067197799683 -1.5155324935913086 0 0 0 0 Pedestrian
-5.696263313293457 2.7140355110168457 -1.8022918701171875 0 0 0 0 Pedestrian
5.172043323516846 -0.8443846106529236 -1.5676987171173096 0 0 0 0 Pedestrian
-5.26551628112793 1.753079891204834 -1.468021035194397 0 0 0 0 Pedestrian
10.345331192016602 4.0230021476745605 -1.3823800086975098 0 0 0 0 Pedestrian
9.75704574584961 -6.003785133361816 -1.2153575420379639 0 0 0 0 Pedestrian
0.24501225352287292 12.748950004577637 -2.2631380558013916 0 0 0 0 Pedestrian
9.747488975524902 5.968826770782471 -2.581336736679077 0 0 0 0 Pedestrian
-11.630824089050293 4.605748176574707 -1.9023107290267944 0 0 0 0 Pedestrian
0.054598744958639145 11.276601791381836 -2.297790050506592 0 0 0 0 Pedestrian
16.129432678222656 -7.5982346534729 -1.4003486633300781 0 0 0 0 Pedestrian
17.790969848632812 -7.754071235656738 -1.3855100870132446 0 0 0 0 Pedestrian