6.055819988250732 3.288804054260254 -1.7055552005767822 0 0 0 0 Pedestrian
-5.718136310577393 2.7370049953460693 -1.7456419467926025 0 0 0 0 Pedestrian
-8.294133186340332 -2.6886045932769775 -1.1327383518218994 0 0 0 0 Pedestrian
2.8241028785705566 10.091318130493164 -2.0647778511047363 0 0 0 0 Pedestrian
9.700967788696289 -5.987929821014404 -1.29144287109375 0 0 0 0 Pedestrian
10.324516296386719 4.055469036102295 -1.4803608655929565 0 0 0 0 Pedestrian
0.21271763741970062 12.74092960357666 -2.2476112842559814 0 0 0 0 Pedestrian
9.698881149291992 6.018801689147949 -2.601989984512329 0 0 0 0 Pedestrian
0.05458405613899231 11.278547286987305 -2.2982590198516846 0 0 0 0 Pedestrian
-13.291609764099121 5.946065425872803 -1.7515736818313599 0 0 0 0 Pedestrian
13.662332534790039 9.110674858093262 -1.5856717824935913 0 0 0 0 Pedestrian
16.1488094329834 -7.56924295425415 -1.4002623558044434 0 0 0 0 Pedestrian