-5.721083641052246 2.753777027130127 -1.7743611335754395 0 0 0 0 Pedestrian
5.173140525817871 -0.8387467861175537 -1.5581777095794678 0 0 0 0 Pedestrian
-7.971639156341553 2.054507255554199 -2.298351287841797 0 0 0 0 Pedestrian
10.349212646484375 4.0258026123046875 -1.4340604543685913 0 0 0 0 Pedestrian
9.729765892028809 -6.064256191253662 -1.1378610134124756 0 0 0 0 Pedestrian
9.745850563049316 5.9974164962768555 -2.591402292251587 0 0 0 0 Pedestrian
11.751702308654785 1.6796783208847046 -1.3353538513183594 0 0 0 0 Pedestrian
-11.607730865478516 4.6322340965271 -1.9261480569839478 0 0 0 0 Pedestrian
13.6653470993042 9.0903902053833 -1.5460530519485474 0 0 0 0 Pedestrian
16.147607803344727 -7.606431484222412 -1.4012095928192139 0 0 0 0 Pedestrian
-22.11792755126953 9.321433067321777 -2.2011218070983887 0 0 0 0 Pedestrian