5.508613109588623 3.3819079399108887 -1.6447025537490845 0 0 0 0 Pedestrian
-5.7203450202941895 2.7013163566589355 -1.757894515991211 0 0 0 0 Pedestrian
5.176648139953613 -0.8367576003074646 -1.5685070753097534 0 0 0 0 Pedestrian
5.809804916381836 -5.6499762535095215 -1.495304822921753 0 0 0 0 Pedestrian
9.70331859588623 -5.9809346199035645 -1.2996963262557983 0 0 0 0 Pedestrian
10.329662322998047 4.049254417419434 -1.450187087059021 0 0 0 0 Pedestrian
0.22961561381816864 12.734509468078613 -2.2535436153411865 0 0 0 0 Pedestrian
13.664703369140625 9.08980655670166 -1.5462957620620728 0 0 0 0 Pedestrian
16.123422622680664 -7.556593894958496 -1.3782005310058594 0 0 0 0 Pedestrian
-26.385839462280273 1.0905005931854248 -1.3423570394515991 0 0 0 0 Pedestrian
-23.793851852416992 8.371975898742676 -1.9088830947875977 0 0 0 0 Pedestrian