-5.689288139343262 2.7051920890808105 -1.8049777746200562 0 0 0 0 Pedestrian
5.1767425537109375 -0.8507189750671387 -1.5585554838180542 0 0 0 0 Pedestrian
-2.6784770488739014 -6.078133583068848 -1.1950647830963135 0 0 0 0 Pedestrian
10.318243980407715 4.045108318328857 -1.4507789611816406 0 0 0 0 Pedestrian
11.49853229522705 1.8297568559646606 -1.337839961051941 0 0 0 0 Pedestrian
9.717046737670898 -6.062504768371582 -1.0634089708328247 0 0 0 0 Pedestrian
9.738412857055664 5.993318557739258 -2.5893211364746094 0 0 0 0 Pedestrian
-11.687743186950684 4.590394020080566 -1.9202213287353516 0 0 0 0 Pedestrian
-10.79509162902832 -1.9009006023406982 -2.3043041229248047 0 0 0 0 Pedestrian
16.11819839477539 -7.592572212219238 -1.3992246389389038 0 0 0 0 Pedestrian
-26.444698333740234 1.1988825798034668 -1.5468722581863403 0 0 0 0 Pedestrian
-18.18885040283203 21.582868576049805 -1.9550949335098267 0 0 0 0 Pedestrian