-5.744816303253174 2.767404079437256 -1.774284839630127 0 0 0 0 Pedestrian
5.1688947677612305 -0.8565055131912231 -1.599717617034912 0 0 0 0 Pedestrian
10.32372760772705 4.04473352432251 -1.4516334533691406 0 0 0 0 Pedestrian
9.74508285522461 -6.096030235290527 -1.1410586833953857 0 0 0 0 Pedestrian
9.72451114654541 5.98445987701416 -2.58577036857605 0 0 0 0 Pedestrian
11.752679824829102 1.669067144393921 -1.3592759370803833 0 0 0 0 Pedestrian
0.010049249976873398 11.289597511291504 -2.3397302627563477 0 0 0 0 Pedestrian
-11.61579418182373 4.610254764556885 -1.9152876138687134 0 0 0 0 Pedestrian
-13.263134002685547 6.003055095672607 -1.7323212623596191 0 0 0 0 Pedestrian
16.131711959838867 -7.560495853424072 -1.3791732788085938 0 0 0 0 Pedestrian
17.806350708007812 -7.760754585266113 -1.386516809463501 0 0 0 0 Pedestrian
-22.0152530670166 9.278084754943848 -2.281137228012085 0 0 0 0 Pedestrian
-26.452007293701172 1.185340166091919 -1.4411805868148804 0 0 0 0 Pedestrian