-5.700084686279297 2.7493767738342285 -1.7527458667755127 0 0 0 0 Pedestrian
6.483826160430908 3.1661109924316406 -1.7362594604492188 0 0 0 0 Pedestrian
5.836038112640381 -5.6353631019592285 -1.4642277956008911 0 0 0 0 Pedestrian
9.710043907165527 -5.9790358543396 -1.302550196647644 0 0 0 0 Pedestrian
10.329703330993652 4.046736717224121 -1.4526997804641724 0 0 0 0 Pedestrian
9.753865242004395 5.997700214385986 -2.562931776046753 0 0 0 0 Pedestrian
0.2299802005290985 12.748858451843262 -2.2352898120880127 0 0 0 0 Pedestrian
0.054816216230392456 11.276009559631348 -2.297593355178833 0 0 0 0 Pedestrian
-10.829131126403809 -1.8913501501083374 -2.265566110610962 0 0 0 0 Pedestrian
13.658900260925293 9.108434677124023 -1.585017204284668 0 0 0 0 Pedestrian
16.157066345214844 -7.584771156311035 -1.3922430276870728 0 0 0 0 Pedestrian
-26.354991912841797 1.0547065734863281 -1.2943376302719116 0 0 0 0 Pedestrian