-5.693227767944336 2.707761526107788 -1.8005019426345825 0 0 0 0 Pedestrian
5.172007083892822 -0.8401167988777161 -1.563942551612854 0 0 0 0 Pedestrian
-5.24601936340332 1.7739741802215576 -1.4800562858581543 0 0 0 0 Pedestrian
10.45193099975586 2.1979153156280518 -1.2557123899459839 0 0 0 0 Pedestrian
2.821993350982666 10.083623886108398 -2.0632362365722656 0 0 0 0 Pedestrian
10.320047378540039 4.046121120452881 -1.4411410093307495 0 0 0 0 Pedestrian
9.724852561950684 5.984714031219482 -2.5856988430023193 0 0 0 0 Pedestrian
6.2812042236328125 9.139327049255371 -1.4709088802337646 0 0 0 0 Pedestrian
-11.603096008300781 4.699265480041504 -1.9183682203292847 0 0 0 0 Pedestrian
16.107608795166016 -7.583588123321533 -1.3779842853546143 0 0 0 0 Pedestrian
-26.454795837402344 1.199373483657837 -1.5474786758422852 0 0 0 0 Pedestrian