-5.691634654998779 2.708515167236328 -1.8002153635025024 0 0 0 0 Pedestrian
5.1722307205200195 -0.8426464796066284 -1.5803284645080566 0 0 0 0 Pedestrian
5.848188400268555 -5.646806716918945 -1.4674497842788696 0 0 0 0 Pedestrian
10.303461074829102 4.052470684051514 -1.466646671295166 0 0 0 0 Pedestrian
11.150601387023926 1.985363483428955 -1.3015129566192627 0 0 0 0 Pedestrian
0.2299337536096573 12.74779224395752 -2.2351880073547363 0 0 0 0 Pedestrian
9.74022102355957 5.964332580566406 -2.579301357269287 0 0 0 0 Pedestrian
0.05445130169391632 11.282285690307617 -2.299295425415039 0 0 0 0 Pedestrian
13.642361640930176 9.097346305847168 -1.5831811428070068 0 0 0 0 Pedestrian
16.115318298339844 -7.581286907196045 -1.3888407945632935 0 0 0 0 Pedestrian
-26.37088394165039 1.0899137258529663 -1.3413866758346558 0 0 0 0 Pedestrian