-5.706418037414551 2.739640712738037 -1.7640671730041504 0 0 0 0 Pedestrian
2.821723461151123 10.082537651062012 -2.0630991458892822 0 0 0 0 Pedestrian
10.313445091247559 4.0407609939575195 -1.4310129880905151 0 0 0 0 Pedestrian
0.22974565625190735 12.741377830505371 -2.2339627742767334 0 0 0 0 Pedestrian
11.727683067321777 1.6762889623641968 -1.3324865102767944 0 0 0 0 Pedestrian
9.775279998779297 5.94532585144043 -2.57582426071167 0 0 0 0 Pedestrian
-11.616670608520508 4.635968208312988 -1.9280728101730347 0 0 0 0 Pedestrian
13.72227668762207 9.151937484741211 -1.4746780395507812 0 0 0 0 Pedestrian
16.147890090942383 -7.580601692199707 -1.39119291305542 0 0 0 0 Pedestrian
-22.34769058227539 9.338497161865234 -2.2068238258361816 0 0 0 0 Pedestrian
-26.449003219604492 1.185261845588684 -1.441137671470642 0 0 0 0 Pedestrian