4.2023115158081055 1.652300477027893 -1.4899868965148926 0 0 0 0 Pedestrian
-5.689023971557617 2.705711603164673 -1.799193263053894 0 0 0 0 Pedestrian
5.173426628112793 -0.8333883285522461 -1.5749647617340088 0 0 0 0 Pedestrian
5.858697414398193 -5.656888961791992 -1.4702520370483398 0 0 0 0 Pedestrian
10.322800636291504 4.013370990753174 -1.4981220960617065 0 0 0 0 Pedestrian
11.211235046386719 1.9714148044586182 -1.331619381904602 0 0 0 0 Pedestrian
9.7450532913208 5.967563629150391 -2.5811731815338135 0 0 0 0 Pedestrian
0.05422505736351013 11.281196594238281 -2.298987865447998 0 0 0 0 Pedestrian
13.649771690368652 9.102340698242188 -1.5842745304107666 0 0 0 0 Pedestrian
16.173076629638672 -7.592710971832275 -1.3936570882797241 0 0 0 0 Pedestrian
-26.425865173339844 1.1381746530532837 -1.4629316329956055 0 0 0 0 Pedestrian
-23.828989028930664 8.265287399291992 -1.9993724822998047 0 0 0 0 Pedestrian