-5.769267559051514 2.7774627208709717 -1.7785861492156982 0 0 0 0 Pedestrian
5.177107334136963 -0.8444046974182129 -1.5632997751235962 0 0 0 0 Pedestrian
5.799563884735107 -5.627493858337402 -1.5197302103042603 0 0 0 0 Pedestrian
10.321551322937012 4.023081302642822 -1.4413468837738037 0 0 0 0 Pedestrian
9.724242210388184 5.984163284301758 -2.5856542587280273 0 0 0 0 Pedestrian
11.756178855895996 1.669503092765808 -1.3595715761184692 0 0 0 0 Pedestrian
-11.683446884155273 4.626504898071289 -1.9870976209640503 0 0 0 0 Pedestrian
0.0098413759842515 11.299823760986328 -2.3423683643341064 0 0 0 0 Pedestrian
-13.268280982971191 6.005332946777344 -1.73298978805542 0 0 0 0 Pedestrian
13.711758613586426 9.144948959350586 -1.4731786251068115 0 0 0 0 Pedestrian
16.162425994873047 -7.587579250335693 -1.392699956893921 0 0 0 0 Pedestrian
-21.890336990356445 9.247026443481445 -2.217419147491455 0 0 0 0 Pedestrian
-26.44870948791504 1.1853140592575073 -1.4412404298782349 0 0 0 0 Pedestrian