-5.691473960876465 2.709989547729492 -1.795224666595459 0 0 0 0 Pedestrian
5.182119846343994 -0.8432331681251526 -1.5580075979232788 0 0 0 0 Pedestrian
-5.266323566436768 1.7803696393966675 -1.4740835428237915 0 0 0 0 Pedestrian
8.221491813659668 2.658597707748413 -1.6775935888290405 0 0 0 0 Pedestrian
2.8244447708129883 10.092790603637695 -2.0648722648620605 0 0 0 0 Pedestrian
9.729336738586426 -6.008272171020508 -1.2322722673416138 0 0 0 0 Pedestrian
10.330130577087402 4.063747882843018 -1.3994795083999634 0 0 0 0 Pedestrian
0.21280868351459503 12.74014949798584 -2.2244293689727783 0 0 0 0 Pedestrian
-11.602632522583008 4.630496978759766 -1.925757884979248 0 0 0 0 Pedestrian
0.05433717370033264 11.275193214416504 -2.297827959060669 0 0 0 0 Pedestrian
13.640875816345215 9.096269607543945 -1.5828622579574585 0 0 0 0 Pedestrian
16.108144760131836 -7.56535530090332 -1.397350549697876 0 0 0 0 Pedestrian
-26.419740676879883 1.155380368232727 -1.5541030168533325 0 0 0 0 Pedestrian