-5.689111232757568 2.710601568222046 -1.799931526184082 0 0 0 0 Pedestrian
5.177062034606934 -0.8540721535682678 -1.566236972808838 0 0 0 0 Pedestrian
-5.2663397789001465 1.7324734926223755 -1.4758548736572266 0 0 0 0 Pedestrian
2.8235466480255127 10.08942699432373 -2.064438819885254 0 0 0 0 Pedestrian
5.821971893310547 -5.6218342781066895 -1.460738182067871 0 0 0 0 Pedestrian
10.341856002807617 4.022829532623291 -1.5009082555770874 0 0 0 0 Pedestrian
9.728694915771484 5.987151622772217 -2.5870630741119385 0 0 0 0 Pedestrian
0.05480146408081055 11.268457412719727 -2.2965221405029297 0 0 0 0 Pedestrian
-11.593276977539062 4.626290321350098 -1.9241373538970947 0 0 0 0 Pedestrian
6.227971076965332 9.03194522857666 -1.4869242906570435 0 0 0 0 Pedestrian
16.132553100585938 -7.599259853363037 -1.4002794027328491 0 0 0 0 Pedestrian