-5.690841197967529 2.7098097801208496 -1.7949228286743164 0 0 0 0 Pedestrian
5.184688091278076 -0.8432915806770325 -1.570565104484558 0 0 0 0 Pedestrian
10.366310119628906 2.205416679382324 -1.260572075843811 0 0 0 0 Pedestrian
2.8165154457092285 10.064282417297363 -2.059276580810547 0 0 0 0 Pedestrian
10.3028564453125 4.066634654998779 -1.479536771774292 0 0 0 0 Pedestrian
9.713635444641113 5.995170593261719 -2.6189310550689697 0 0 0 0 Pedestrian
0.21265146136283875 12.741445541381836 -2.247575283050537 0 0 0 0 Pedestrian
-11.643485069274902 4.610727310180664 -1.9044328927993774 0 0 0 0 Pedestrian
6.315154552459717 9.188910484313965 -1.4791274070739746 0 0 0 0 Pedestrian
0.05466306954622269 11.275739669799805 -2.2976644039154053 0 0 0 0 Pedestrian
13.655363082885742 9.10600471496582 -1.5849039554595947 0 0 0 0 Pedestrian
16.096040725708008 -7.559483051300049 -1.3962326049804688 0 0 0 0 Pedestrian