-5.6881327629089355 2.710387706756592 -1.799911618232727 0 0 0 0 Pedestrian
-5.265757083892822 1.767185091972351 -1.4713054895401 0 0 0 0 Pedestrian
8.764252662658691 2.5463407039642334 -1.7663708925247192 0 0 0 0 Pedestrian
5.849018573760986 -5.636051177978516 -1.471471905708313 0 0 0 0 Pedestrian
9.750835418701172 -6.011364936828613 -1.2784855365753174 0 0 0 0 Pedestrian
10.323301315307617 4.029628753662109 -1.4466596841812134 0 0 0 0 Pedestrian
9.721956253051758 5.983144760131836 -2.5854809284210205 0 0 0 0 Pedestrian
0.054519541561603546 11.272047996520996 -2.2970268726348877 0 0 0 0 Pedestrian
13.650018692016602 9.102530479431152 -1.5840054750442505 0 0 0 0 Pedestrian
16.15203285217285 -7.570145130157471 -1.3809443712234497 0 0 0 0 Pedestrian
-18.193572998046875 21.60655975341797 -1.9020047187805176 0 0 0 0 Pedestrian