-5.589939594268799 3.2561991214752197 -1.801784873008728 0 0 0 0 Pedestrian
5.1731743812561035 -0.8333292007446289 -1.5627045631408691 0 0 0 0 Pedestrian
-3.2565131187438965 -7.011982440948486 -1.2663953304290771 0 0 0 0 Pedestrian
-5.297377586364746 1.756569743156433 -1.427528738975525 0 0 0 0 Pedestrian
8.610326766967773 -5.824758529663086 -1.2204711437225342 0 0 0 0 Pedestrian
10.352828025817871 4.014468669891357 -1.42616868019104 0 0 0 0 Pedestrian
9.739517211914062 5.993184566497803 -2.589402914047241 0 0 0 0 Pedestrian
0.22975878417491913 12.742563247680664 -2.2341437339782715 0 0 0 0 Pedestrian
11.744489669799805 1.6678459644317627 -1.358635425567627 0 0 0 0 Pedestrian
-11.64083194732666 4.609443664550781 -1.9038323163986206 0 0 0 0 Pedestrian
13.66928768157959 9.064725875854492 -1.5269471406936646 0 0 0 0 Pedestrian
16.15226936340332 -7.582838535308838 -1.3923707008361816 0 0 0 0 Pedestrian
-26.416404724121094 1.1553016901016235 -1.553997278213501 0 0 0 0 Pedestrian