-4.586296081542969 2.00649094581604 -1.5267655849456787 0 0 0 0 Pedestrian
-5.697159767150879 2.709674596786499 -1.8020312786102295 0 0 0 0 Pedestrian
5.177744388580322 -0.8379707336425781 -1.5604311227798462 0 0 0 0 Pedestrian
-3.3087427616119385 -6.994446277618408 -1.2761033773422241 0 0 0 0 Pedestrian
-5.276993751525879 1.7707903385162354 -1.4738322496414185 0 0 0 0 Pedestrian
-6.686174392700195 4.473039627075195 -2.025406837463379 0 0 0 0 Pedestrian
10.319673538208008 4.060756683349609 -1.4823637008666992 0 0 0 0 Pedestrian
9.76887035369873 -6.006278038024902 -1.2011407613754272 0 0 0 0 Pedestrian
9.722960472106934 5.983283996582031 -2.5849523544311523 0 0 0 0 Pedestrian
-11.618261337280273 4.636997222900391 -1.928351879119873 0 0 0 0 Pedestrian
13.690052032470703 9.147080421447754 -1.5153863430023193 0 0 0 0 Pedestrian
16.125511169433594 -7.561714172363281 -1.3659764528274536 0 0 0 0 Pedestrian
-23.455320358276367 0.6707159876823425 -1.930045485496521 0 0 0 0 Pedestrian
-26.42037010192871 1.155527114868164 -1.554539442062378 0 0 0 0 Pedestrian