-5.689745903015137 2.706024169921875 -1.7993719577789307 0 0 0 0 Pedestrian
5.1756672859191895 -0.8399420976638794 -1.5686215162277222 0 0 0 0 Pedestrian
-3.176562547683716 -7.0431108474731445 -1.3043125867843628 0 0 0 0 Pedestrian
5.791327476501465 -5.619234561920166 -1.5169047117233276 0 0 0 0 Pedestrian
10.29339599609375 4.050707817077637 -1.4109636545181274 0 0 0 0 Pedestrian
11.2606782913208 1.98018479347229 -1.3374344110488892 0 0 0 0 Pedestrian
9.751693725585938 5.971360206604004 -2.582291841506958 0 0 0 0 Pedestrian
-11.690447807312012 4.591347694396973 -1.920644998550415 0 0 0 0 Pedestrian
0.054775670170784 11.271819114685059 -2.296891450881958 0 0 0 0 Pedestrian
16.178447723388672 -7.595062732696533 -1.3939635753631592 0 0 0 0 Pedestrian
-26.42436408996582 1.1381680965423584 -1.462842583656311 0 0 0 0 Pedestrian
-23.82076072692871 8.262499809265137 -1.9986857175827026 0 0 0 0 Pedestrian