-5.689269542694092 2.7107977867126465 -1.8000431060791016 0 0 0 0 Pedestrian
5.166757106781006 -0.8427172303199768 -1.5657774209976196 0 0 0 0 Pedestrian
-3.217967987060547 -7.020851135253906 -1.2913994789123535 0 0 0 0 Pedestrian
10.331597328186035 4.0373969078063965 -1.4229108095169067 0 0 0 0 Pedestrian
9.759434700012207 5.976633548736572 -2.584620952606201 0 0 0 0 Pedestrian
0.009461713954806328 11.30490493774414 -2.343552589416504 0 0 0 0 Pedestrian
-11.646378517150879 4.584999084472656 -1.890237808227539 0 0 0 0 Pedestrian
13.701845169067383 9.154913902282715 -1.5170201063156128 0 0 0 0 Pedestrian
16.11417007446289 -7.5805583000183105 -1.388992428779602 0 0 0 0 Pedestrian
-23.465160369873047 0.7481266260147095 -1.9118177890777588 0 0 0 0 Pedestrian
-26.46639060974121 1.199886679649353 -1.5481212139129639 0 0 0 0 Pedestrian