-5.699760913848877 2.7089591026306152 -1.7970998287200928 0 0 0 0 Pedestrian
5.1740241050720215 -0.8507679104804993 -1.566391110420227 0 0 0 0 Pedestrian
2.8204452991485596 10.078350067138672 -2.0620343685150146 0 0 0 0 Pedestrian
10.318892478942871 4.040450096130371 -1.537279725074768 0 0 0 0 Pedestrian
9.762517929077148 -5.986547470092773 -1.1597801446914673 0 0 0 0 Pedestrian
9.743131637573242 5.966463565826416 -2.580254316329956 0 0 0 0 Pedestrian
-11.609926223754883 4.633502006530762 -1.9270673990249634 0 0 0 0 Pedestrian
7.022898197174072 10.391489028930664 -1.540040373802185 0 0 0 0 Pedestrian
13.644989013671875 9.09929370880127 -1.5835344791412354 0 0 0 0 Pedestrian
16.128433227539062 -7.597373008728027 -1.399835228919983 0 0 0 0 Pedestrian
-26.458520889282227 1.1996084451675415 -1.547813892364502 0 0 0 0 Pedestrian
-24.195634841918945 6.580894470214844 -1.721100091934204 0 0 0 0 Pedestrian