-5.687947750091553 2.7052810192108154 -1.7990930080413818 0 0 0 0 Pedestrian
5.164120674133301 -0.8539319634437561 -1.5751945972442627 0 0 0 0 Pedestrian
8.094228744506836 2.6930744647979736 -1.6402413845062256 0 0 0 0 Pedestrian
2.823456287384033 10.089094161987305 -2.0642306804656982 0 0 0 0 Pedestrian
10.299036026000977 4.070596218109131 -1.384852647781372 0 0 0 0 Pedestrian
9.739615440368652 -6.014770030975342 -1.2113348245620728 0 0 0 0 Pedestrian
9.75869369506836 5.972772598266602 -2.552947759628296 0 0 0 0 Pedestrian
0.2299564927816391 12.747937202453613 -2.2351253032684326 0 0 0 0 Pedestrian
-11.679336547851562 4.586910247802734 -1.9345638751983643 0 0 0 0 Pedestrian
-10.828988075256348 -1.8908575773239136 -2.265000820159912 0 0 0 0 Pedestrian
13.65572452545166 9.1062650680542 -1.5847193002700806 0 0 0 0 Pedestrian
16.124771118164062 -7.5570807456970215 -1.3782709836959839 0 0 0 0 Pedestrian
-26.434022903442383 1.1559646129608154 -1.555084466934204 0 0 0 0 Pedestrian
-24.211883544921875 6.585111141204834 -1.7226189374923706 0 0 0 0 Pedestrian