-5.8565568923950195 3.003256320953369 -1.7641186714172363 0 0 0 0 Pedestrian
5.172738075256348 -0.845866858959198 -1.576355218887329 0 0 0 0 Pedestrian
-3.2548675537109375 -7.01174783706665 -1.2565950155258179 0 0 0 0 Pedestrian
10.361326217651367 4.0549187660217285 -1.3015145063400269 0 0 0 0 Pedestrian
0.22960573434829712 12.741711616516113 -2.234009265899658 0 0 0 0 Pedestrian
9.7410306930542 5.964683532714844 -2.579652786254883 0 0 0 0 Pedestrian
11.750548362731934 1.6687588691711426 -1.3591792583465576 0 0 0 0 Pedestrian
-11.69255256652832 4.608502388000488 -1.9844074249267578 0 0 0 0 Pedestrian
-10.824456214904785 -1.9058345556259155 -2.310368776321411 0 0 0 0 Pedestrian
16.13201141357422 -7.57307767868042 -1.3901437520980835 0 0 0 0 Pedestrian
-26.43367576599121 1.1559484004974365 -1.5553443431854248 0 0 0 0 Pedestrian