-5.479361057281494 3.3012301921844482 -1.7885385751724243 0 0 0 0 Pedestrian
5.175443172454834 -0.8411027193069458 -1.5716220140457153 0 0 0 0 Pedestrian
-3.256092071533203 -7.014442443847656 -1.25710129737854 0 0 0 0 Pedestrian
-6.641902446746826 4.44694185256958 -2.0565452575683594 0 0 0 0 Pedestrian
10.327948570251465 4.048529148101807 -1.4605622291564941 0 0 0 0 Pedestrian
9.714716911315918 5.978743553161621 -2.583676815032959 0 0 0 0 Pedestrian
11.746511459350586 1.685334324836731 -1.359085202217102 0 0 0 0 Pedestrian
0.009535981342196465 11.301871299743652 -2.342881917953491 0 0 0 0 Pedestrian
-11.593697547912598 4.695681571960449 -1.9170588254928589 0 0 0 0 Pedestrian
13.660606384277344 9.059054374694824 -1.5258253812789917 0 0 0 0 Pedestrian
16.10032844543457 -7.614013671875 -1.406592607498169 0 0 0 0 Pedestrian
-21.382423400878906 1.5332492589950562 -1.4073420763015747 0 0 0 0 Pedestrian
-26.410982131958008 1.1549851894378662 -1.5536491870880127 0 0 0 0 Pedestrian