-4.290914058685303 -2.365493059158325 -1.5394681692123413 0 0 0 0 Pedestrian
5.172588348388672 -0.8443213105201721 -1.5699436664581299 0 0 0 0 Pedestrian
-3.2523183822631836 -7.030640602111816 -1.2790508270263672 0 0 0 0 Pedestrian
5.795995235443115 -5.623899936676025 -1.5181572437286377 0 0 0 0 Pedestrian
9.707009315490723 -6.0459442138671875 -1.2361042499542236 0 0 0 0 Pedestrian
10.330028533935547 4.044183731079102 -1.4207509756088257 0 0 0 0 Pedestrian
9.726192474365234 5.98530912399292 -2.586247444152832 0 0 0 0 Pedestrian
11.786081314086914 1.684456467628479 -1.3392455577850342 0 0 0 0 Pedestrian
-11.607861518859863 4.692831993103027 -2.0082333087921143 0 0 0 0 Pedestrian
16.150794982910156 -7.581982135772705 -1.3919001817703247 0 0 0 0 Pedestrian
-26.42184066772461 1.1554529666900635 -1.554276466369629 0 0 0 0 Pedestrian