-3.512002944946289 -2.4640326499938965 -1.3693784475326538 0 0 0 0 Pedestrian
-5.154665470123291 3.44047212600708 -1.8816176652908325 0 0 0 0 Pedestrian
-3.2626004219055176 -7.017484188079834 -1.2553578615188599 0 0 0 0 Pedestrian
10.332563400268555 4.037440299987793 -1.4659522771835327 0 0 0 0 Pedestrian
0.22980624437332153 12.741117477416992 -2.233922243118286 0 0 0 0 Pedestrian
9.737008094787598 5.962305545806885 -2.5786359310150146 0 0 0 0 Pedestrian
11.788329124450684 1.6848132610321045 -1.339453101158142 0 0 0 0 Pedestrian
-11.58797550201416 4.6625542640686035 -2.003323793411255 0 0 0 0 Pedestrian
0.0546087846159935 11.278650283813477 -2.298375129699707 0 0 0 0 Pedestrian
16.119619369506836 -7.583410263061523 -1.3892134428024292 0 0 0 0 Pedestrian
-26.451574325561523 1.1853477954864502 -1.4411896467208862 0 0 0 0 Pedestrian
23.999120712280273 -9.226140022277832 -1.072787880897522 0 0 0 0 Pedestrian