-5.879410743713379 2.7546045780181885 -1.7780956029891968 0 0 0 0 Pedestrian
5.184122562408447 -0.8421114087104797 -1.5711654424667358 0 0 0 0 Pedestrian
-3.257201671600342 -6.998254776000977 -1.2535955905914307 0 0 0 0 Pedestrian
5.791035175323486 -5.6192307472229 -1.5172321796417236 0 0 0 0 Pedestrian
10.30888557434082 4.027098655700684 -1.508472204208374 0 0 0 0 Pedestrian
9.708592414855957 -6.067996501922607 -1.1978052854537964 0 0 0 0 Pedestrian
11.77294635772705 1.937772512435913 -1.3808157444000244 0 0 0 0 Pedestrian
0.22976647317409515 12.741316795349121 -2.2339224815368652 0 0 0 0 Pedestrian
9.7608060836792 5.936279773712158 -2.572164297103882 0 0 0 0 Pedestrian
-11.601900100708008 4.629947185516357 -1.9257147312164307 0 0 0 0 Pedestrian
16.14638328552246 -7.606001377105713 -1.4016295671463013 0 0 0 0 Pedestrian
17.799720764160156 -7.757960319519043 -1.3861638307571411 0 0 0 0 Pedestrian
-26.454269409179688 1.185538411140442 -1.4414976835250854 0 0 0 0 Pedestrian