5.173998832702637 -0.8408315777778625 -1.5801703929901123 0 0 0 0 Pedestrian
-3.2638680934906006 -7.012202262878418 -1.255819320678711 0 0 0 0 Pedestrian
2.819119691848755 10.073479652404785 -2.061152935028076 0 0 0 0 Pedestrian
9.715315818786621 -6.051342964172363 -1.2374173402786255 0 0 0 0 Pedestrian
10.304549217224121 4.067136287689209 -1.467125654220581 0 0 0 0 Pedestrian
9.750609397888184 5.995569229125977 -2.5620086193084717 0 0 0 0 Pedestrian
0.009594167582690716 11.296882629394531 -2.3417789936065674 0 0 0 0 Pedestrian
-10.827529907226562 -1.906420350074768 -2.311037063598633 0 0 0 0 Pedestrian
16.15070915222168 -7.619196891784668 -1.3713784217834473 0 0 0 0 Pedestrian
17.103416442871094 2.6184518337249756 -1.9718151092529297 0 0 0 0 Pedestrian
-26.422616958618164 1.1382280588150024 -1.2977696657180786 0 0 0 0 Pedestrian