5.1736273765563965 -0.8387558460235596 -1.5608264207839966 0 0 0 0 Pedestrian
-6.945915222167969 -1.684009075164795 -1.508601427078247 0 0 0 0 Pedestrian
-3.2668843269348145 -7.018645286560059 -1.2570852041244507 0 0 0 0 Pedestrian
10.339316368103027 4.009960174560547 -1.4435153007507324 0 0 0 0 Pedestrian
9.725077629089355 5.984712600708008 -2.585773468017578 0 0 0 0 Pedestrian
0.22996018826961517 12.7456693649292 -2.255831480026245 0 0 0 0 Pedestrian
11.87277889251709 1.792008638381958 -1.3721832036972046 0 0 0 0 Pedestrian
-11.63430404663086 4.611143112182617 -1.9287924766540527 0 0 0 0 Pedestrian
0.05452084541320801 11.275697708129883 -2.297872543334961 0 0 0 0 Pedestrian
16.127771377563477 -7.603562355041504 -1.390718936920166 0 0 0 0 Pedestrian
-26.44671630859375 1.1852045059204102 -1.441135287284851 0 0 0 0 Pedestrian