-5.305415630340576 -2.1328063011169434 -1.5860117673873901 0 0 0 0 Pedestrian
-5.739194393157959 3.4726009368896484 -1.8885890245437622 0 0 0 0 Pedestrian
5.178689479827881 -0.8392902612686157 -1.568726897239685 0 0 0 0 Pedestrian
-3.2723476886749268 -7.023660182952881 -1.2691279649734497 0 0 0 0 Pedestrian
-6.649206638336182 4.450634479522705 -2.004594326019287 0 0 0 0 Pedestrian
10.337845802307129 4.057692050933838 -1.480614185333252 0 0 0 0 Pedestrian
9.754231452941895 5.972992420196533 -2.58320689201355 0 0 0 0 Pedestrian
11.809548377990723 1.7084406614303589 -1.36349356174469 0 0 0 0 Pedestrian
0.21251773834228516 12.739094734191895 -2.2243053913116455 0 0 0 0 Pedestrian
0.05450303480029106 11.277068138122559 -2.2979955673217773 0 0 0 0 Pedestrian
-11.600972175598145 4.698486328125 -1.9180506467819214 0 0 0 0 Pedestrian
16.11806869506836 -7.582435607910156 -1.3892910480499268 0 0 0 0 Pedestrian
-26.40530014038086 1.1373417377471924 -1.461615800857544 0 0 0 0 Pedestrian