-3.6308701038360596 -2.4402709007263184 -1.3951393365859985 0 0 0 0 Pedestrian
-5.160271644592285 3.4366941452026367 -1.8740739822387695 0 0 0 0 Pedestrian
-3.2613117694854736 -7.006837844848633 -1.2549514770507812 0 0 0 0 Pedestrian
-6.784510135650635 4.4854044914245605 -1.7805120944976807 0 0 0 0 Pedestrian
10.345537185668945 4.036703109741211 -1.4921897649765015 0 0 0 0 Pedestrian
11.795591354370117 1.700111746788025 -1.3592690229415894 0 0 0 0 Pedestrian
0.22983360290527344 12.746685028076172 -2.234947919845581 0 0 0 0 Pedestrian
9.73841667175293 5.963029384613037 -2.5787506103515625 0 0 0 0 Pedestrian
-11.6044921875 4.631171703338623 -1.9260566234588623 0 0 0 0 Pedestrian
16.122310638427734 -7.568169116973877 -1.3887972831726074 0 0 0 0 Pedestrian
-26.445730209350586 1.185070276260376 -1.4408652782440186 0 0 0 0 Pedestrian