-2.5427730083465576 -2.7383804321289062 -1.2432971000671387 0 0 0 0 Pedestrian
5.174591064453125 -0.8452404737472534 -1.561229944229126 0 0 0 0 Pedestrian
-5.259589672088623 1.7518080472946167 -1.4482882022857666 0 0 0 0 Pedestrian
-3.25850510597229 -7.01758337020874 -1.269229531288147 0 0 0 0 Pedestrian
2.825270891189575 10.095173835754395 -2.0656471252441406 0 0 0 0 Pedestrian
10.339873313903809 4.06148624420166 -1.3825018405914307 0 0 0 0 Pedestrian
9.726236343383789 5.980841159820557 -2.5556535720825195 0 0 0 0 Pedestrian
11.777093887329102 1.660526156425476 -1.4076464176177979 0 0 0 0 Pedestrian
0.23531469702720642 12.729724884033203 -2.236987590789795 0 0 0 0 Pedestrian
-0.005332723259925842 11.299089431762695 -2.232020616531372 0 0 0 0 Pedestrian
-11.59329605102539 4.664412498474121 -2.0039961338043213 0 0 0 0 Pedestrian
13.701823234558105 9.138235092163086 -1.472582221031189 0 0 0 0 Pedestrian
16.145671844482422 -7.579392910003662 -1.3909358978271484 0 0 0 0 Pedestrian
-23.782663345336914 8.249884605407715 -1.9951881170272827 0 0 0 0 Pedestrian