-6.417092800140381 -1.8347015380859375 -1.6170406341552734 0 0 0 0 Pedestrian
-5.909430027008057 3.0633466243743896 -1.750732660293579 0 0 0 0 Pedestrian
5.179978847503662 -0.8418900966644287 -1.5777164697647095 0 0 0 0 Pedestrian
-3.2662460803985596 -7.009460926055908 -1.2684040069580078 0 0 0 0 Pedestrian
2.8224472999572754 10.085136413574219 -2.06363582611084 0 0 0 0 Pedestrian
5.795525074005127 -5.614566326141357 -1.4330041408538818 0 0 0 0 Pedestrian
10.308915138244629 4.0337982177734375 -1.4589732885360718 0 0 0 0 Pedestrian
0.24529121816158295 12.755043029785156 -2.2641937732696533 0 0 0 0 Pedestrian
9.745829582214355 5.967563152313232 -2.58079195022583 0 0 0 0 Pedestrian
11.816267967224121 1.7579249143600464 -1.396926999092102 0 0 0 0 Pedestrian
-11.591824531555176 4.6365065574646 -1.9580851793289185 0 0 0 0 Pedestrian
16.139982223510742 -7.616921901702881 -1.421792984008789 0 0 0 0 Pedestrian
17.730262756347656 -7.80474853515625 -1.3834822177886963 0 0 0 0 Pedestrian
-26.40407371520996 1.1371532678604126 -1.4613444805145264 0 0 0 0 Pedestrian