5.176539897918701 -0.8401174545288086 -1.5647176504135132 0 0 0 0 Pedestrian
-7.337099075317383 -1.5643202066421509 -1.594732403755188 0 0 0 0 Pedestrian
-3.2598085403442383 -7.00368070602417 -1.2544419765472412 0 0 0 0 Pedestrian
10.305642127990723 4.020671844482422 -1.427026391029358 0 0 0 0 Pedestrian
9.704400062561035 -6.061767101287842 -1.223673701286316 0 0 0 0 Pedestrian
9.742310523986816 5.965591907501221 -2.5801901817321777 0 0 0 0 Pedestrian
11.860424995422363 1.8169565200805664 -1.392535924911499 0 0 0 0 Pedestrian
0.009669148363173008 11.292129516601562 -2.340636730194092 0 0 0 0 Pedestrian
-11.562057495117188 4.70650053024292 -1.9502383470535278 0 0 0 0 Pedestrian
16.162609100341797 -7.587367057800293 -1.3926002979278564 0 0 0 0 Pedestrian
-26.43234634399414 1.184428095817566 -1.440040946006775 0 0 0 0 Pedestrian