-3.887407064437866 -2.3875205516815186 -1.4278786182403564 0 0 0 0 Pedestrian
-5.1583356857299805 3.443302631378174 -1.8902299404144287 0 0 0 0 Pedestrian
5.176580429077148 -0.8350428342819214 -1.556553602218628 0 0 0 0 Pedestrian
-3.263993263244629 -7.012567520141602 -1.2558529376983643 0 0 0 0 Pedestrian
5.789241313934326 -5.617696285247803 -1.5166267156600952 0 0 0 0 Pedestrian
10.316706657409668 4.035244464874268 -1.4473989009857178 0 0 0 0 Pedestrian
9.729686737060547 5.987808704376221 -2.5872244834899902 0 0 0 0 Pedestrian
11.797425270080566 1.7003414630889893 -1.3595470190048218 0 0 0 0 Pedestrian
0.22981540858745575 12.746417045593262 -2.2349281311035156 0 0 0 0 Pedestrian
0.0542532280087471 11.27795696258545 -2.298675775527954 0 0 0 0 Pedestrian
16.160398483276367 -7.586395263671875 -1.3926541805267334 0 0 0 0 Pedestrian
-26.418716430664062 1.155378818511963 -1.5543545484542847 0 0 0 0 Pedestrian