5.176057815551758 -0.8508250117301941 -1.576830267906189 0 0 0 0 Pedestrian
-3.2619993686676025 -7.024715423583984 -1.2702577114105225 0 0 0 0 Pedestrian
-7.982917785644531 2.0574069023132324 -2.3016722202301025 0 0 0 0 Pedestrian
2.821560859680176 10.082630157470703 -2.06289005279541 0 0 0 0 Pedestrian
10.295828819274902 4.0127716064453125 -1.466284155845642 0 0 0 0 Pedestrian
9.74111557006836 5.989880084991455 -2.5596861839294434 0 0 0 0 Pedestrian
0.22977198660373688 12.736276626586914 -2.232957601547241 0 0 0 0 Pedestrian
0.00964315701276064 11.28897476196289 -2.33998966217041 0 0 0 0 Pedestrian
-11.600687980651855 4.698363780975342 -1.918169379234314 0 0 0 0 Pedestrian
-10.821401596069336 -1.905637502670288 -2.310267925262451 0 0 0 0 Pedestrian
-15.194158554077148 4.671657562255859 -2.1941778659820557 0 0 0 0 Pedestrian
16.144136428833008 -7.578984260559082 -1.391244888305664 0 0 0 0 Pedestrian