-5.792763710021973 -1.9902796745300293 -1.7054790258407593 0 0 0 0 Pedestrian
-5.890177249908447 3.2868897914886475 -1.809455156326294 0 0 0 0 Pedestrian
5.175394535064697 -0.8389000296592712 -1.5620002746582031 0 0 0 0 Pedestrian
-3.2520458698272705 -7.005772113800049 -1.2552181482315063 0 0 0 0 Pedestrian
2.822641134262085 10.086115837097168 -2.0637500286102295 0 0 0 0 Pedestrian
10.314431190490723 4.038949489593506 -1.4240972995758057 0 0 0 0 Pedestrian
9.708192825317383 -6.064362525939941 -1.2241671085357666 0 0 0 0 Pedestrian
9.715726852416992 5.979393005371094 -2.5834667682647705 0 0 0 0 Pedestrian
0.21242515742778778 12.733098983764648 -2.2233331203460693 0 0 0 0 Pedestrian
0.009380431845784187 11.302204132080078 -2.3428969383239746 0 0 0 0 Pedestrian
-11.604398727416992 4.641895294189453 -1.9603259563446045 0 0 0 0 Pedestrian
16.1284122467041 -7.587202548980713 -1.3898943662643433 0 0 0 0 Pedestrian
-26.418285369873047 1.1376588344573975 -1.4621728658676147 0 0 0 0 Pedestrian
-24.214229583740234 6.585728645324707 -1.7227078676223755 0 0 0 0 Pedestrian