-3.255260467529297 -7.012752532958984 -1.2567291259765625 0 0 0 0 Pedestrian
-8.2916259765625 -2.681647777557373 -1.1593599319458008 0 0 0 0 Pedestrian
-9.992657661437988 -0.7485201954841614 -1.6084961891174316 0 0 0 0 Pedestrian
10.326825141906738 4.015407562255859 -1.477890133857727 0 0 0 0 Pedestrian
9.754887580871582 5.970282554626465 -2.5515859127044678 0 0 0 0 Pedestrian
0.2299586683511734 12.747148513793945 -2.234987735748291 0 0 0 0 Pedestrian
12.19361686706543 1.7647606134414673 -1.4078987836837769 0 0 0 0 Pedestrian
-11.60000228881836 4.6291704177856445 -1.9251023530960083 0 0 0 0 Pedestrian
0.054580751806497574 11.272916793823242 -2.2971320152282715 0 0 0 0 Pedestrian
16.121803283691406 -7.584306240081787 -1.3897477388381958 0 0 0 0 Pedestrian
-26.407669067382812 1.1373116970062256 -1.461789608001709 0 0 0 0 Pedestrian