5.176885604858398 -0.8482325077056885 -1.5727782249450684 0 0 0 0 Pedestrian
-3.257439374923706 -7.006067752838135 -1.2652232646942139 0 0 0 0 Pedestrian
-9.711756706237793 2.698496103286743 -1.949904441833496 0 0 0 0 Pedestrian
2.8212459087371826 10.080894470214844 -2.0627458095550537 0 0 0 0 Pedestrian
10.357747077941895 4.071803569793701 -1.2955647706985474 0 0 0 0 Pedestrian
9.75102424621582 5.971237659454346 -2.582512617111206 0 0 0 0 Pedestrian
0.009604956954717636 11.295920372009277 -2.3414907455444336 0 0 0 0 Pedestrian
-11.56105899810791 4.689201831817627 -1.9386053085327148 0 0 0 0 Pedestrian
16.136653900146484 -7.580316066741943 -1.3795744180679321 0 0 0 0 Pedestrian
17.105077743530273 2.6106269359588623 -1.9646034240722656 0 0 0 0 Pedestrian
-26.394672393798828 1.0909454822540283 -1.3428442478179932 0 0 0 0 Pedestrian