5.177224636077881 -0.8462263941764832 -1.5769001245498657 0 0 0 0 Pedestrian
-3.2607338428497314 -7.013681888580322 -1.2794625759124756 0 0 0 0 Pedestrian
-9.478798866271973 -0.9197364449501038 -1.7388184070587158 0 0 0 0 Pedestrian
8.622467994689941 -5.832676887512207 -1.2225710153579712 0 0 0 0 Pedestrian
10.302299499511719 4.030442237854004 -1.4972903728485107 0 0 0 0 Pedestrian
9.712272644042969 -6.051724910736084 -1.2256680727005005 0 0 0 0 Pedestrian
9.728818893432617 5.9544596672058105 -2.5453693866729736 0 0 0 0 Pedestrian
6.403921127319336 9.302460670471191 -1.4958595037460327 0 0 0 0 Pedestrian
-11.607815742492676 4.632180213928223 -1.9265481233596802 0 0 0 0 Pedestrian
0.054592348635196686 11.274747848510742 -2.2975151538848877 0 0 0 0 Pedestrian
-15.341797828674316 4.603755474090576 -2.2713582515716553 0 0 0 0 Pedestrian
13.672280311584473 9.094868659973145 -1.5472794771194458 0 0 0 0 Pedestrian
16.148468017578125 -7.606822967529297 -1.4011114835739136 0 0 0 0 Pedestrian
-26.39248275756836 1.1366382837295532 -1.4606276750564575 0 0 0 0 Pedestrian