-5.2059736251831055 3.4154140949249268 -1.836336612701416 0 0 0 0 Pedestrian
-3.269118070602417 -6.995337009429932 -1.1904724836349487 0 0 0 0 Pedestrian
9.714151382446289 -6.047683238983154 -1.2367397546768188 0 0 0 0 Pedestrian
10.311556816101074 4.024632453918457 -1.4680339097976685 0 0 0 0 Pedestrian
9.737622261047363 5.9927287101745605 -2.5894532203674316 0 0 0 0 Pedestrian
11.732536315917969 1.6720002889633179 -1.3849881887435913 0 0 0 0 Pedestrian
-0.005379942245781422 11.294148445129395 -2.2312347888946533 0 0 0 0 Pedestrian
-11.608732223510742 4.6887335777282715 -1.9738796949386597 0 0 0 0 Pedestrian
13.660715103149414 9.05915355682373 -1.5258170366287231 0 0 0 0 Pedestrian
16.15644073486328 -7.584526062011719 -1.3922690153121948 0 0 0 0 Pedestrian
-26.413536071777344 1.1550233364105225 -1.5537209510803223 0 0 0 0 Pedestrian