5.170609474182129 -0.8398398756980896 -1.5630873441696167 0 0 0 0 Pedestrian
-3.260613441467285 -7.005234718322754 -1.2542616128921509 0 0 0 0 Pedestrian
2.8253848552703857 10.0957612991333 -2.0658621788024902 0 0 0 0 Pedestrian
10.3217134475708 4.023530960083008 -1.4886366128921509 0 0 0 0 Pedestrian
9.740545272827148 5.99444580078125 -2.5898520946502686 0 0 0 0 Pedestrian
0.2299405038356781 12.74779224395752 -2.235175371170044 0 0 0 0 Pedestrian
-11.715556144714355 -1.6938090324401855 -1.5551815032958984 0 0 0 0 Pedestrian
0.0543932169675827 11.275423049926758 -2.29795503616333 0 0 0 0 Pedestrian
-11.608975410461426 4.607883453369141 -1.9142627716064453 0 0 0 0 Pedestrian
13.668415069580078 9.11251163482666 -1.5479215383529663 0 0 0 0 Pedestrian
16.109704971313477 -7.588462829589844 -1.3981080055236816 0 0 0 0 Pedestrian