4.193539142608643 1.634877324104309 -1.4850698709487915 0 0 0 0 Pedestrian
5.173709392547607 -0.8397001028060913 -1.5561885833740234 0 0 0 0 Pedestrian
-3.260937213897705 -6.998554229736328 -1.2660022974014282 0 0 0 0 Pedestrian
5.782143592834473 -5.611118316650391 -1.514747977256775 0 0 0 0 Pedestrian
10.287956237792969 4.010090351104736 -1.4968762397766113 0 0 0 0 Pedestrian
0.24452662467956543 12.737321853637695 -2.260789632797241 0 0 0 0 Pedestrian
9.74780559539795 5.966324806213379 -2.549959659576416 0 0 0 0 Pedestrian
0.054553594440221786 11.268510818481445 -2.2962186336517334 0 0 0 0 Pedestrian
16.155942916870117 -7.5889458656311035 -1.3509098291397095 0 0 0 0 Pedestrian
17.065284729003906 2.6170873641967773 -1.8797276020050049 0 0 0 0 Pedestrian
-26.417951583862305 1.138041377067566 -1.2977265119552612 0 0 0 0 Pedestrian