-5.448556900024414 -2.0794520378112793 -1.6166696548461914 0 0 0 0 Pedestrian
-5.792515754699707 3.430109739303589 -1.8794877529144287 0 0 0 0 Pedestrian
5.168928146362305 -0.83860844373703 -1.565375804901123 0 0 0 0 Pedestrian
-6.6641645431518555 4.4468607902526855 -2.048888683319092 0 0 0 0 Pedestrian
10.301899909973145 4.053700923919678 -1.4886600971221924 0 0 0 0 Pedestrian
9.70234489440918 -6.073683261871338 -1.222622036933899 0 0 0 0 Pedestrian
9.724143028259277 5.984196186065674 -2.585986852645874 0 0 0 0 Pedestrian
11.808504104614258 1.708275556564331 -1.363326907157898 0 0 0 0 Pedestrian
-11.602851867675781 4.630368709564209 -1.9255616664886475 0 0 0 0 Pedestrian
16.145233154296875 -7.605537414550781 -1.4014275074005127 0 0 0 0 Pedestrian
-26.385507583618164 1.1363099813461304 -1.4601577520370483 0 0 0 0 Pedestrian