-2.4290809631347656 -2.777484893798828 -1.2191472053527832 0 0 0 0 Pedestrian
5.1838250160217285 -0.8357863426208496 -1.561791181564331 0 0 0 0 Pedestrian
-3.2553417682647705 -7.011753559112549 -1.2405002117156982 0 0 0 0 Pedestrian
-5.246676921844482 1.7892876863479614 -1.4850164651870728 0 0 0 0 Pedestrian
10.33725643157959 4.049151420593262 -1.43935227394104 0 0 0 0 Pedestrian
9.736021041870117 5.9917311668396 -2.5887038707733154 0 0 0 0 Pedestrian
0.2127063125371933 12.742606163024902 -2.224900722503662 0 0 0 0 Pedestrian
11.780712127685547 1.661022663116455 -1.4081828594207764 0 0 0 0 Pedestrian
0.009318669326603413 11.300464630126953 -2.3425514698028564 0 0 0 0 Pedestrian
-11.609515190124512 4.736579895019531 -2.0116257667541504 0 0 0 0 Pedestrian
13.668627738952637 9.085391998291016 -1.4924684762954712 0 0 0 0 Pedestrian
16.155242919921875 -7.6099419593811035 -1.4018782377243042 0 0 0 0 Pedestrian