-6.067254066467285 -1.9067399501800537 -1.7197940349578857 0 0 0 0 Pedestrian
-5.923213958740234 3.178760290145874 -1.7728759050369263 0 0 0 0 Pedestrian
5.179720878601074 -0.8294315338134766 -1.558142066001892 0 0 0 0 Pedestrian
-3.2519235610961914 -7.021738529205322 -1.2715314626693726 0 0 0 0 Pedestrian
-5.272946834564209 1.7635571956634521 -1.4962862730026245 0 0 0 0 Pedestrian
-6.751774311065674 4.452170372009277 -2.078172445297241 0 0 0 0 Pedestrian
10.302976608276367 4.05400276184082 -1.4613524675369263 0 0 0 0 Pedestrian
0.23016424477100372 12.754833221435547 -2.236309766769409 0 0 0 0 Pedestrian
9.74615478515625 5.968358516693115 -2.581648349761963 0 0 0 0 Pedestrian
-11.620909690856934 4.67016077041626 -1.919110655784607 0 0 0 0 Pedestrian
16.160152435302734 -7.586287498474121 -1.3927340507507324 0 0 0 0 Pedestrian
-26.396957397460938 1.1369032859802246 -1.46100914478302 0 0 0 0 Pedestrian