4.11657190322876 0.9175634384155273 -1.1123201847076416 0 0 0 0 Pedestrian
5.173315048217773 -0.8384988307952881 -1.5580307245254517 0 0 0 0 Pedestrian
-3.2599663734436035 -7.019478797912598 -1.2545019388198853 0 0 0 0 Pedestrian
10.305556297302246 4.0473151206970215 -1.4675869941711426 0 0 0 0 Pedestrian
0.24512384831905365 12.753925323486328 -2.26405930519104 0 0 0 0 Pedestrian
9.755961418151855 5.974086284637451 -2.5838873386383057 0 0 0 0 Pedestrian
0.05484785512089729 11.265501022338867 -2.2953808307647705 0 0 0 0 Pedestrian
-11.573016166687012 4.6691365242004395 -1.8975801467895508 0 0 0 0 Pedestrian
-15.27822494506836 4.612674713134766 -2.2520949840545654 0 0 0 0 Pedestrian
13.674906730651855 9.096623420715332 -1.5475082397460938 0 0 0 0 Pedestrian
16.156539916992188 -7.5846452713012695 -1.3921762704849243 0 0 0 0 Pedestrian
-26.41828155517578 1.1377527713775635 -1.4622255563735962 0 0 0 0 Pedestrian