5.173706531524658 -0.8428959250450134 -1.571471095085144 0 0 0 0 Pedestrian
-5.292414665222168 1.7551138401031494 -1.4860891103744507 0 0 0 0 Pedestrian
-8.900641441345215 -1.0480564832687378 -1.5967693328857422 0 0 0 0 Pedestrian
10.322879791259766 4.009223937988281 -1.4986634254455566 0 0 0 0 Pedestrian
9.744000434875488 5.991543292999268 -2.560250997543335 0 0 0 0 Pedestrian
11.8245849609375 1.9282429218292236 -1.3474328517913818 0 0 0 0 Pedestrian
-11.582786560058594 4.651220798492432 -1.932953953742981 0 0 0 0 Pedestrian
-11.87502384185791 -1.8260184526443481 -1.3699753284454346 0 0 0 0 Pedestrian
-10.853484153747559 -1.9380462169647217 -2.3168394565582275 0 0 0 0 Pedestrian
13.663229942321777 9.111105918884277 -1.5858620405197144 0 0 0 0 Pedestrian
16.124347686767578 -7.5856170654296875 -1.3899359703063965 0 0 0 0 Pedestrian
-26.400188446044922 1.1370360851287842 -1.461350679397583 0 0 0 0 Pedestrian