5.182503700256348 -0.8421247005462646 -1.563561201095581 0 0 0 0 Pedestrian
-3.2598674297332764 -7.003777503967285 -1.2542476654052734 0 0 0 0 Pedestrian
-9.600137710571289 3.120786428451538 -1.8542275428771973 0 0 0 0 Pedestrian
8.577465057373047 -5.774297714233398 -1.2601102590560913 0 0 0 0 Pedestrian
2.8216569423675537 10.082453727722168 -2.0629653930664062 0 0 0 0 Pedestrian
9.7138671875 -6.050610065460205 -1.237139105796814 0 0 0 0 Pedestrian
10.36571979522705 4.041057109832764 -1.3739618062973022 0 0 0 0 Pedestrian
9.727710723876953 5.986577033996582 -2.5866596698760986 0 0 0 0 Pedestrian
6.23466157913208 9.437955856323242 -1.4911447763442993 0 0 0 0 Pedestrian
-11.551583290100098 4.6856303215026855 -1.9373337030410767 0 0 0 0 Pedestrian
-13.258345603942871 6.000824451446533 -1.7315725088119507 0 0 0 0 Pedestrian
16.119108200073242 -7.55875301361084 -1.3654289245605469 0 0 0 0 Pedestrian
17.101802825927734 2.6099419593811035 -1.9647715091705322 0 0 0 0 Pedestrian
-26.38469886779785 1.0905240774154663 -1.3422479629516602 0 0 0 0 Pedestrian