-5.866109848022461 2.7923314571380615 -1.7698482275009155 0 0 0 0 Pedestrian
5.169741630554199 -0.8322619199752808 -1.559457778930664 0 0 0 0 Pedestrian
-3.270716905593872 -6.985966682434082 -1.1852608919143677 0 0 0 0 Pedestrian
9.709538459777832 -6.061845779418945 -1.2003493309020996 0 0 0 0 Pedestrian
10.32960319519043 4.023799419403076 -1.4866985082626343 0 0 0 0 Pedestrian
9.757174491882324 5.999766826629639 -2.5638136863708496 0 0 0 0 Pedestrian
11.916303634643555 1.9005882740020752 -1.3785673379898071 0 0 0 0 Pedestrian
-11.770186424255371 -1.7132411003112793 -1.47624671459198 0 0 0 0 Pedestrian
0.009563141502439976 11.290342330932617 -2.3405354022979736 0 0 0 0 Pedestrian
-11.596837043762207 4.696918487548828 -1.9176496267318726 0 0 0 0 Pedestrian
13.657853126525879 9.105307579040527 -1.546841025352478 0 0 0 0 Pedestrian
16.099123001098633 -7.579565525054932 -1.3771485090255737 0 0 0 0 Pedestrian