5.184282302856445 -0.8290836215019226 -1.564634919166565 0 0 0 0 Pedestrian
-5.890122890472412 2.7582364082336426 -1.7535061836242676 0 0 0 0 Pedestrian
-3.2568509578704834 -7.006339073181152 -1.2695752382278442 0 0 0 0 Pedestrian
8.603399276733398 -5.819781303405762 -1.219860553741455 0 0 0 0 Pedestrian
10.301675796508789 4.032748699188232 -1.4874207973480225 0 0 0 0 Pedestrian
9.710809707641602 -6.062454700469971 -1.2007642984390259 0 0 0 0 Pedestrian
9.75468635559082 5.973282814025879 -2.5830788612365723 0 0 0 0 Pedestrian
11.772185325622559 1.9251842498779297 -1.3631893396377563 0 0 0 0 Pedestrian
-11.606146812438965 4.7009429931640625 -1.9193830490112305 0 0 0 0 Pedestrian
16.141483306884766 -7.564879894256592 -1.3796770572662354 0 0 0 0 Pedestrian
-26.43321418762207 1.1844522953033447 -1.4399383068084717 0 0 0 0 Pedestrian