-5.882303714752197 2.749147891998291 -1.7619127035140991 0 0 0 0 Pedestrian
-3.2639317512512207 -7.012310981750488 -1.2559959888458252 0 0 0 0 Pedestrian
2.820768356323242 10.079524993896484 -2.062318801879883 0 0 0 0 Pedestrian
10.31022834777832 4.012343406677246 -1.4865018129348755 0 0 0 0 Pedestrian
9.739869117736816 5.989402770996094 -2.5592291355133057 0 0 0 0 Pedestrian
11.763337135314941 1.9362963438034058 -1.3795760869979858 0 0 0 0 Pedestrian
0.23020140826702118 12.753301620483398 -2.23614764213562 0 0 0 0 Pedestrian
-11.614705085754395 4.664287090301514 -1.9381879568099976 0 0 0 0 Pedestrian
0.009507854469120502 11.298822402954102 -2.342271566390991 0 0 0 0 Pedestrian
16.146522521972656 -7.579910755157471 -1.3911212682724 0 0 0 0 Pedestrian
-26.435049057006836 1.1845370531082153 -1.44026780128479 0 0 0 0 Pedestrian