-6.307342052459717 -1.8479599952697754 -1.6033484935760498 0 0 0 0 Pedestrian
5.176082134246826 -0.8361069560050964 -1.5577946901321411 0 0 0 0 Pedestrian
8.61245059967041 -5.825918674468994 -1.2210478782653809 0 0 0 0 Pedestrian
2.822665214538574 10.085835456848145 -2.0637857913970947 0 0 0 0 Pedestrian
10.328180313110352 4.043378829956055 -1.420213222503662 0 0 0 0 Pedestrian
9.71369743347168 -6.067820072174072 -1.224867582321167 0 0 0 0 Pedestrian
9.717733383178711 5.980657577514648 -2.584484815597534 0 0 0 0 Pedestrian
0.22988261282444 12.741496086120605 -2.234053611755371 0 0 0 0 Pedestrian
11.803656578063965 1.7561521530151367 -1.3953641653060913 0 0 0 0 Pedestrian
0.05431196093559265 11.270792961120605 -2.2969183921813965 0 0 0 0 Pedestrian
-11.570189476013184 4.710000038146973 -1.9518765211105347 0 0 0 0 Pedestrian
16.131105422973633 -7.56032133102417 -1.3789526224136353 0 0 0 0 Pedestrian
-26.40977668762207 1.1375223398208618 -1.462012529373169 0 0 0 0 Pedestrian