-5.877854824066162 2.7701120376586914 -1.7747914791107178 0 0 0 0 Pedestrian
5.184320449829102 -0.8449515700340271 -1.5730066299438477 0 0 0 0 Pedestrian
-3.253206968307495 -7.005964756011963 -1.2668308019638062 0 0 0 0 Pedestrian
-8.669687271118164 -1.1349023580551147 -1.46836519241333 0 0 0 0 Pedestrian
2.8208541870117188 10.08004379272461 -2.062270402908325 0 0 0 0 Pedestrian
10.309605598449707 4.023192882537842 -1.5183621644973755 0 0 0 0 Pedestrian
9.76030445098877 5.973793029785156 -2.552948236465454 0 0 0 0 Pedestrian
11.782759666442871 1.9393219947814941 -1.381933569908142 0 0 0 0 Pedestrian
0.21264158189296722 12.738252639770508 -2.2241106033325195 0 0 0 0 Pedestrian
0.009637213312089443 11.288761138916016 -2.3399391174316406 0 0 0 0 Pedestrian
13.66291332244873 9.11108112335205 -1.5857757329940796 0 0 0 0 Pedestrian
16.139684677124023 -7.592385768890381 -1.3910338878631592 0 0 0 0 Pedestrian
-26.41615104675293 1.1377497911453247 -1.4622094631195068 0 0 0 0 Pedestrian