5.180408477783203 -0.8347194790840149 -1.5665268898010254 0 0 0 0 Pedestrian
2.8244972229003906 10.092458724975586 -2.065114974975586 0 0 0 0 Pedestrian
10.323025703430176 4.031845569610596 -1.4548840522766113 0 0 0 0 Pedestrian
9.752799987792969 5.972418308258057 -2.583129644393921 0 0 0 0 Pedestrian
0.21256983280181885 12.735234260559082 -2.2235400676727295 0 0 0 0 Pedestrian
11.762833595275879 1.68744957447052 -1.3606985807418823 0 0 0 0 Pedestrian
0.05482618138194084 11.265722274780273 -2.2955377101898193 0 0 0 0 Pedestrian
-11.581343650817871 4.724692344665527 -2.0058631896972656 0 0 0 0 Pedestrian
16.135557174682617 -7.562231540679932 -1.3792765140533447 0 0 0 0 Pedestrian
-26.404438018798828 1.1371296644210815 -1.461531400680542 0 0 0 0 Pedestrian
-24.201448440551758 6.5822343826293945 -1.7217968702316284 0 0 0 0 Pedestrian