-3.255509614944458 -7.013439178466797 -1.2569211721420288 0 0 0 0 Pedestrian
5.802663803100586 -5.64369010925293 -1.494375467300415 0 0 0 0 Pedestrian
10.31248950958252 4.019138813018799 -1.5392087697982788 0 0 0 0 Pedestrian
0.2449028491973877 12.74300479888916 -2.261971950531006 0 0 0 0 Pedestrian
9.752259254455566 5.969305992126465 -2.5516889095306396 0 0 0 0 Pedestrian
0.009636852890253067 11.287799835205078 -2.339637279510498 0 0 0 0 Pedestrian
6.333242893218994 9.26955795288086 -1.4886208772659302 0 0 0 0 Pedestrian
-11.61012077331543 4.652886867523193 -1.888864278793335 0 0 0 0 Pedestrian
-15.15269660949707 4.668976783752441 -2.149719715118408 0 0 0 0 Pedestrian
16.12253761291504 -7.6008501052856445 -1.390010952949524 0 0 0 0 Pedestrian
-26.394235610961914 1.1366894245147705 -1.4606083631515503 0 0 0 0 Pedestrian