-5.927995204925537 -1.9506431818008423 -1.7286514043807983 0 0 0 0 Pedestrian
-5.908651828765869 3.231473445892334 -1.7933433055877686 0 0 0 0 Pedestrian
5.181178569793701 -0.8377779722213745 -1.5667214393615723 0 0 0 0 Pedestrian
-3.2565648555755615 -7.015512943267822 -1.2571492195129395 0 0 0 0 Pedestrian
-7.405816078186035 -2.6374528408050537 -1.993467926979065 0 0 0 0 Pedestrian
8.623565673828125 -5.802154064178467 -1.2530932426452637 0 0 0 0 Pedestrian
10.335241317749023 4.026399612426758 -1.5102213621139526 0 0 0 0 Pedestrian
11.467869758605957 -0.42844292521476746 -1.4152770042419434 0 0 0 0 Pedestrian
9.737841606140137 5.962710857391357 -2.579106092453003 0 0 0 0 Pedestrian
16.139692306518555 -7.592940330505371 -1.391405701637268 0 0 0 0 Pedestrian
-26.402332305908203 1.1369155645370483 -1.461298942565918 0 0 0 0 Pedestrian