-5.694112777709961 -2.028020143508911 -1.7071512937545776 0 0 0 0 Pedestrian
-5.880552291870117 3.332721471786499 -1.8639137744903564 0 0 0 0 Pedestrian
5.168088912963867 -0.8500197529792786 -1.5762889385223389 0 0 0 0 Pedestrian
-3.254103422164917 -7.00730562210083 -1.2534033060073853 0 0 0 0 Pedestrian
-6.722316741943359 4.4670305252075195 -2.0460851192474365 0 0 0 0 Pedestrian
2.8210339546203613 10.080511093139648 -2.0623230934143066 0 0 0 0 Pedestrian
10.345559120178223 4.045048713684082 -1.3719745874404907 0 0 0 0 Pedestrian
9.754512786865234 5.997775077819824 -2.5628623962402344 0 0 0 0 Pedestrian
11.804753303527832 1.707868218421936 -1.362967848777771 0 0 0 0 Pedestrian
-11.62037181854248 4.646607875823975 -1.9033068418502808 0 0 0 0 Pedestrian
16.151124954223633 -7.581970691680908 -1.391605019569397 0 0 0 0 Pedestrian
-18.187149047851562 21.598936080932617 -1.901268720626831 0 0 0 0 Pedestrian