5.1760663986206055 -0.8405486345291138 -1.5609352588653564 0 0 0 0 Pedestrian
-3.2605292797088623 -7.013214111328125 -1.2547216415405273 0 0 0 0 Pedestrian
10.323814392089844 4.044310092926025 -1.4530657529830933 0 0 0 0 Pedestrian
9.738204002380371 5.993023872375488 -2.5896120071411133 0 0 0 0 Pedestrian
0.21254265308380127 12.734915733337402 -2.2463796138763428 0 0 0 0 Pedestrian
11.826390266418457 1.8336315155029297 -1.399162769317627 0 0 0 0 Pedestrian
0.009705347940325737 11.293556213378906 -2.340874195098877 0 0 0 0 Pedestrian
-11.622963905334473 4.607171535491943 -1.9271438121795654 0 0 0 0 Pedestrian
6.230733394622803 9.282844543457031 -1.5135498046875 0 0 0 0 Pedestrian
16.156158447265625 -7.584643840789795 -1.3923087120056152 0 0 0 0 Pedestrian
-26.402708053588867 1.1369825601577759 -1.4612231254577637 0 0 0 0 Pedestrian
24.175472259521484 -9.157173156738281 -1.0780935287475586 0 0 0 0 Pedestrian