-3.826125144958496 -1.4940769672393799 -1.3825980424880981 0 0 0 0 Pedestrian
-4.905984878540039 -2.1837708950042725 -1.4901089668273926 0 0 0 0 Pedestrian
5.166650772094727 -0.8591563701629639 -1.5798605680465698 0 0 0 0 Pedestrian
8.627333641052246 -5.836157321929932 -1.2230457067489624 0 0 0 0 Pedestrian
2.8237497806549072 10.08983039855957 -2.064770460128784 0 0 0 0 Pedestrian
5.821819305419922 -5.621535778045654 -1.4606132507324219 0 0 0 0 Pedestrian
10.354806900024414 4.022921085357666 -1.523879885673523 0 0 0 0 Pedestrian
9.739949226379395 5.994319438934326 -2.5899908542633057 0 0 0 0 Pedestrian
11.767767906188965 1.6714589595794678 -1.378772497177124 0 0 0 0 Pedestrian
-11.594505310058594 4.6018171310424805 -1.9119796752929688 0 0 0 0 Pedestrian
16.14487648010254 -7.605286598205566 -1.4013071060180664 0 0 0 0 Pedestrian
-26.415882110595703 1.1377942562103271 -1.4623979330062866 0 0 0 0 Pedestrian