-4.022090911865234 -2.3398518562316895 -1.4349541664123535 0 0 0 0 Pedestrian
-3.265024423599243 -7.0066399574279785 -1.240297555923462 0 0 0 0 Pedestrian
10.336034774780273 4.038609027862549 -1.521172046661377 0 0 0 0 Pedestrian
9.743278503417969 5.991208553314209 -2.560373067855835 0 0 0 0 Pedestrian
11.792825698852539 1.699686050415039 -1.3591067790985107 0 0 0 0 Pedestrian
0.19280673563480377 12.73826789855957 -2.2382943630218506 0 0 0 0 Pedestrian
0.00941629521548748 11.295448303222656 -2.3415815830230713 0 0 0 0 Pedestrian
-11.645292282104492 4.666743278503418 -1.8946056365966797 0 0 0 0 Pedestrian
16.134326934814453 -7.600086212158203 -1.400238275527954 0 0 0 0 Pedestrian
17.809080123901367 -7.761929512023926 -1.3869975805282593 0 0 0 0 Pedestrian
-26.43201446533203 1.1559150218963623 -1.555192470550537 0 0 0 0 Pedestrian