5.173822402954102 -0.835259735584259 -1.562974214553833 0 0 0 0 Pedestrian
-3.2633259296417236 -7.003061294555664 -1.239739179611206 0 0 0 0 Pedestrian
2.8206005096435547 10.078558921813965 -2.0621132850646973 0 0 0 0 Pedestrian
10.334321022033691 4.068415641784668 -1.3883447647094727 0 0 0 0 Pedestrian
9.741572380065918 5.9651618003845215 -2.5797383785247803 0 0 0 0 Pedestrian
0.2127496302127838 12.741973876953125 -2.224789619445801 0 0 0 0 Pedestrian
0.05451888591051102 11.272686004638672 -2.296983003616333 0 0 0 0 Pedestrian
0.2781606912612915 12.097176551818848 -2.2790708541870117 0 0 0 0 Pedestrian
-11.591952323913574 4.600981712341309 -1.9115556478500366 0 0 0 0 Pedestrian
16.122743606567383 -7.658771991729736 -1.379611849784851 0 0 0 0 Pedestrian
17.07447052001953 2.6184167861938477 -1.8809455633163452 0 0 0 0 Pedestrian
-26.404796600341797 1.1011192798614502 -1.4068878889083862 0 0 0 0 Pedestrian