-5.700467109680176 3.4930193424224854 -1.8887146711349487 0 0 0 0 Pedestrian
-5.169844150543213 -2.1373000144958496 -1.544328212738037 0 0 0 0 Pedestrian
5.17822790145874 -0.8348333835601807 -1.5509772300720215 0 0 0 0 Pedestrian
-3.261516809463501 -7.007448673248291 -1.2548737525939941 0 0 0 0 Pedestrian
5.83580207824707 -5.634637355804443 -1.4642294645309448 0 0 0 0 Pedestrian
10.341023445129395 4.0254950523376465 -1.4665762186050415 0 0 0 0 Pedestrian
9.738512992858887 5.960675239562988 -2.5472869873046875 0 0 0 0 Pedestrian
0.00969102792441845 11.29179573059082 -2.340635299682617 0 0 0 0 Pedestrian
-11.581337928771973 4.6905059814453125 -1.9149008989334106 0 0 0 0 Pedestrian
-10.824413299560547 -1.9059276580810547 -2.3104944229125977 0 0 0 0 Pedestrian
16.132160186767578 -7.599419593811035 -1.4008170366287231 0 0 0 0 Pedestrian