5.182407379150391 -0.8434898257255554 -1.5726028680801392 0 0 0 0 Pedestrian
-4.172388076782227 -2.4384944438934326 -1.639022946357727 0 0 0 0 Pedestrian
-5.2728095054626465 1.766323447227478 -1.4724156856536865 0 0 0 0 Pedestrian
-3.2616546154022217 -6.9851837158203125 -1.1793212890625 0 0 0 0 Pedestrian
9.716386795043945 -6.051944255828857 -1.23740553855896 0 0 0 0 Pedestrian
10.345473289489746 4.039707183837891 -1.5129417181015015 0 0 0 0 Pedestrian
9.718474388122559 5.980379104614258 -2.5841400623321533 0 0 0 0 Pedestrian
11.799199104309082 1.700614333152771 -1.3596702814102173 0 0 0 0 Pedestrian
0.05436339229345322 11.276169776916504 -2.298041582107544 0 0 0 0 Pedestrian
-11.587016105651855 4.692967891693115 -1.916020393371582 0 0 0 0 Pedestrian
16.128082275390625 -7.597228527069092 -1.3998552560806274 0 0 0 0 Pedestrian
-26.434741973876953 1.198400855064392 -1.5461629629135132 0 0 0 0 Pedestrian