5.177279472351074 -0.844857931137085 -1.5656791925430298 0 0 0 0 Pedestrian
-3.262563467025757 -7.009719371795654 -1.255297303199768 0 0 0 0 Pedestrian
10.299676895141602 4.07363224029541 -1.479948878288269 0 0 0 0 Pedestrian
0.22990036010742188 12.747414588928223 -2.2350106239318848 0 0 0 0 Pedestrian
9.740540504455566 5.964748859405518 -2.580089569091797 0 0 0 0 Pedestrian
-11.607361793518066 4.632272720336914 -1.9266178607940674 0 0 0 0 Pedestrian
0.05436321347951889 11.269330978393555 -2.2965803146362305 0 0 0 0 Pedestrian
-13.262262344360352 5.977926254272461 -1.7420768737792969 0 0 0 0 Pedestrian
16.16782569885254 -7.545882701873779 -1.3181438446044922 0 0 0 0 Pedestrian
17.08551788330078 2.615293264389038 -2.0158534049987793 0 0 0 0 Pedestrian
-26.39040756225586 1.090652585029602 -1.342464566230774 0 0 0 0 Pedestrian