5.174026966094971 -0.8315314650535583 -1.566013216972351 0 0 0 0 Pedestrian
-6.737195014953613 4.502316474914551 -1.793386697769165 0 0 0 0 Pedestrian
-7.993559837341309 2.0602259635925293 -2.304793119430542 0 0 0 0 Pedestrian
2.8238749504089355 10.089903831481934 -2.0648841857910156 0 0 0 0 Pedestrian
10.296402931213379 4.046365261077881 -1.4317426681518555 0 0 0 0 Pedestrian
9.70350170135498 -6.054691791534424 -1.2216143608093262 0 0 0 0 Pedestrian
0.05452984571456909 11.272758483886719 -2.2972917556762695 0 0 0 0 Pedestrian
-11.588144302368164 4.693263053894043 -1.9160130023956299 0 0 0 0 Pedestrian
17.067527770996094 2.617406129837036 -1.879862904548645 0 0 0 0 Pedestrian
-26.3902587890625 1.0907223224639893 -1.3425476551055908 0 0 0 0 Pedestrian
-18.163427352905273 21.658491134643555 -1.8318722248077393 0 0 0 0 Pedestrian