-5.872811794281006 2.7830944061279297 -1.7572476863861084 0 0 0 0 Pedestrian
-7.199442386627197 -1.6160743236541748 -1.5936728715896606 0 0 0 0 Pedestrian
-3.26352596282959 -7.019740104675293 -1.2807801961898804 0 0 0 0 Pedestrian
9.705224990844727 -6.062567710876465 -1.2237565517425537 0 0 0 0 Pedestrian
10.322169303894043 4.020389556884766 -1.520438551902771 0 0 0 0 Pedestrian
9.74959945678711 5.995288848876953 -2.5619306564331055 0 0 0 0 Pedestrian
11.867497444152832 1.8180599212646484 -1.3934179544448853 0 0 0 0 Pedestrian
0.05453749746084213 11.274030685424805 -2.297280788421631 0 0 0 0 Pedestrian
-11.561285972595215 4.706495761871338 -1.9505038261413574 0 0 0 0 Pedestrian
16.119998931884766 -7.589264392852783 -1.3786739110946655 0 0 0 0 Pedestrian
14.354723930358887 9.693717956542969 -1.2800744771957397 0 0 0 0 Pedestrian
-26.44217300415039 1.1849030256271362 -1.4406746625900269 0 0 0 0 Pedestrian