-5.55076789855957 3.14836049079895 -1.7668883800506592 0 0 0 0 Pedestrian
5.172722339630127 -0.8439899682998657 -1.5772919654846191 0 0 0 0 Pedestrian
-3.2668166160583496 -7.010371208190918 -1.2410639524459839 0 0 0 0 Pedestrian
-6.682104110717773 4.4619364738464355 -2.048656463623047 0 0 0 0 Pedestrian
2.82485032081604 10.093913078308105 -2.065279960632324 0 0 0 0 Pedestrian
5.8305206298828125 -5.6297430992126465 -1.4628406763076782 0 0 0 0 Pedestrian
10.315716743469238 4.032439231872559 -1.489071011543274 0 0 0 0 Pedestrian
9.76131534576416 5.9688897132873535 -2.5524368286132812 0 0 0 0 Pedestrian
0.22976453602313995 12.744539260864258 -2.234449863433838 0 0 0 0 Pedestrian
0.009537137113511562 11.303595542907715 -2.3433148860931396 0 0 0 0 Pedestrian
-26.415538787841797 1.1375508308410645 -1.4621124267578125 0 0 0 0 Pedestrian