5.176208019256592 -0.8418499827384949 -1.5668178796768188 0 0 0 0 Pedestrian
-3.2660434246063232 -7.009247303009033 -1.2683254480361938 0 0 0 0 Pedestrian
10.31412124633789 4.0567498207092285 -1.4686111211776733 0 0 0 0 Pedestrian
9.793407440185547 -5.901312351226807 -1.193241000175476 0 0 0 0 Pedestrian
9.728638648986816 5.986927509307861 -2.5868642330169678 0 0 0 0 Pedestrian
0.230081245303154 12.747355461120605 -2.256239175796509 0 0 0 0 Pedestrian
0.009598642587661743 11.299510955810547 -2.3422186374664307 0 0 0 0 Pedestrian
-11.577392578125 4.6308369636535645 -1.95558762550354 0 0 0 0 Pedestrian
6.371245384216309 9.3024263381958 -1.486859679222107 0 0 0 0 Pedestrian
-13.238323211669922 5.633951187133789 -1.7940013408660889 0 0 0 0 Pedestrian
13.663825035095215 9.089322090148926 -1.5462538003921509 0 0 0 0 Pedestrian
16.136457443237305 -7.562620639801025 -1.379568099975586 0 0 0 0 Pedestrian
-26.42380142211914 1.117510437965393 -1.462928295135498 0 0 0 0 Pedestrian