-5.327254295349121 2.6284942626953125 -1.7218616008758545 0 0 0 0 Pedestrian
5.177247524261475 -0.8408409357070923 -1.556827187538147 0 0 0 0 Pedestrian
-3.2622196674346924 -7.017063617706299 -1.2799826860427856 0 0 0 0 Pedestrian
5.78586483001709 -5.626649856567383 -1.416329026222229 0 0 0 0 Pedestrian
10.320110321044922 4.045183181762695 -1.4258112907409668 0 0 0 0 Pedestrian
11.935765266418457 1.7328954935073853 -1.3736474514007568 0 0 0 0 Pedestrian
9.7500638961792 5.9704132080078125 -2.581878662109375 0 0 0 0 Pedestrian
0.054477937519550323 11.280860900878906 -2.298771381378174 0 0 0 0 Pedestrian
-11.625624656677246 4.672051429748535 -1.9199086427688599 0 0 0 0 Pedestrian
16.141128540039062 -7.603372573852539 -1.4006510972976685 0 0 0 0 Pedestrian
-16.17209243774414 5.948001384735107 -1.909323811531067 0 0 0 0 Pedestrian
-26.446874618530273 1.185139775276184 -1.440935730934143 0 0 0 0 Pedestrian