5.17742919921875 -0.844191312789917 -1.5653966665267944 0 0 0 0 Pedestrian
-3.260366678237915 -7.004903316497803 -1.2397173643112183 0 0 0 0 Pedestrian
9.710128784179688 -6.020773887634277 -1.2903833389282227 0 0 0 0 Pedestrian
10.34180736541748 4.037373065948486 -1.5026589632034302 0 0 0 0 Pedestrian
9.736227035522461 5.9917097091674805 -2.5889101028442383 0 0 0 0 Pedestrian
-9.57656192779541 6.128337383270264 -2.1043426990509033 0 0 0 0 Pedestrian
0.009616798721253872 11.30797004699707 -2.344071626663208 0 0 0 0 Pedestrian
-11.600027084350586 4.598232269287109 -1.9235997200012207 0 0 0 0 Pedestrian
16.119056701660156 -7.582954406738281 -1.3597344160079956 0 0 0 0 Pedestrian
-18.3269100189209 6.326625347137451 -2.1484944820404053 0 0 0 0 Pedestrian
-26.450420379638672 1.1853277683258057 -1.441320776939392 0 0 0 0 Pedestrian