-5.767104625701904 2.7084109783172607 -1.7331738471984863 0 0 0 0 Pedestrian
-3.2616217136383057 -7.007571220397949 -1.2548879384994507 0 0 0 0 Pedestrian
9.749300956726074 -5.9284515380859375 -1.3335896730422974 0 0 0 0 Pedestrian
10.320558547973633 4.0610527992248535 -1.4345608949661255 0 0 0 0 Pedestrian
9.734237670898438 5.98586368560791 -2.5580828189849854 0 0 0 0 Pedestrian
11.490447998046875 3.861658811569214 -1.2960642576217651 0 0 0 0 Pedestrian
-10.800450325012207 -1.886131763458252 -2.2592554092407227 0 0 0 0 Pedestrian
-11.55192756652832 4.685469627380371 -1.9369919300079346 0 0 0 0 Pedestrian
-13.261637687683105 5.6341776847839355 -1.8158167600631714 0 0 0 0 Pedestrian
16.118764877319336 -7.592742443084717 -1.3990482091903687 0 0 0 0 Pedestrian
-26.438549041748047 1.1562458276748657 -1.5555977821350098 0 0 0 0 Pedestrian