5.170438766479492 -0.8474276661872864 -1.5758886337280273 0 0 0 0 Pedestrian
-5.746467590332031 2.736119508743286 -1.7334516048431396 0 0 0 0 Pedestrian
-3.2625553607940674 -7.009556293487549 -1.2552708387374878 0 0 0 0 Pedestrian
10.336189270019531 4.060293197631836 -1.5247101783752441 0 0 0 0 Pedestrian
9.780013084411621 -5.891554355621338 -1.340928316116333 0 0 0 0 Pedestrian
11.480782508850098 -0.42909157276153564 -1.4170479774475098 0 0 0 0 Pedestrian
9.735904693603516 5.959205150604248 -2.547248363494873 0 0 0 0 Pedestrian
0.054446741938591 11.265825271606445 -2.29563307762146 0 0 0 0 Pedestrian
-11.635255813598633 4.5816802978515625 -1.916086196899414 0 0 0 0 Pedestrian
6.286311626434326 9.512389183044434 -1.4489693641662598 0 0 0 0 Pedestrian
-13.218688011169434 5.620057106018066 -1.8706300258636475 0 0 0 0 Pedestrian
13.66949462890625 9.08586311340332 -1.49270498752594 0 0 0 0 Pedestrian
16.16634750366211 -7.589108467102051 -1.392862319946289 0 0 0 0 Pedestrian
-26.46912384033203 1.2000302076339722 -1.5484167337417603 0 0 0 0 Pedestrian
-24.21049690246582 6.584811210632324 -1.722386360168457 0 0 0 0 Pedestrian