5.173346042633057 -0.8452397584915161 -1.5766069889068604 0 0 0 0 Pedestrian
-5.787294387817383 2.689694881439209 -1.7395422458648682 0 0 0 0 Pedestrian
-3.260408639907837 -7.013255596160889 -1.279341459274292 0 0 0 0 Pedestrian
9.728009223937988 -5.931758880615234 -1.3085745573043823 0 0 0 0 Pedestrian
10.325583457946777 4.061954021453857 -1.433436393737793 0 0 0 0 Pedestrian
9.716202735900879 5.979104518890381 -2.5832273960113525 0 0 0 0 Pedestrian
0.22972622513771057 12.742375373840332 -2.234055519104004 0 0 0 0 Pedestrian
6.436463356018066 9.393718719482422 -1.5428522825241089 0 0 0 0 Pedestrian
0.05462634935975075 11.266449928283691 -2.295715093612671 0 0 0 0 Pedestrian
-11.578913688659668 4.631180286407471 -1.9558707475662231 0 0 0 0 Pedestrian
-13.244620323181152 5.644551753997803 -1.7986185550689697 0 0 0 0 Pedestrian
16.130273818969727 -7.5982184410095215 -1.4003527164459229 0 0 0 0 Pedestrian