-5.35011625289917 2.8165900707244873 -1.7717299461364746 0 0 0 0 Pedestrian
5.173808574676514 -0.8457772135734558 -1.5592849254608154 0 0 0 0 Pedestrian
-3.258784770965576 -7.009457111358643 -1.2785862684249878 0 0 0 0 Pedestrian
2.81823992729187 10.070557594299316 -2.0605111122131348 0 0 0 0 Pedestrian
10.351921081542969 4.0389404296875 -1.4933820962905884 0 0 0 0 Pedestrian
0.23007062077522278 12.74985122680664 -2.235386848449707 0 0 0 0 Pedestrian
12.359031677246094 1.705997109413147 -1.4473644495010376 0 0 0 0 Pedestrian
0.05468980222940445 11.265952110290527 -2.295657157897949 0 0 0 0 Pedestrian
-11.578299522399902 4.603588104248047 -1.9467648267745972 0 0 0 0 Pedestrian
-13.450736999511719 5.9728193283081055 -1.740089774131775 0 0 0 0 Pedestrian
13.686421394348145 9.097070693969727 -1.494654655456543 0 0 0 0 Pedestrian
16.163076400756836 -7.587620258331299 -1.392670750617981 0 0 0 0 Pedestrian
-26.4408016204834 1.1615593433380127 -1.4407426118850708 0 0 0 0 Pedestrian