5.175958633422852 -0.8398333787918091 -1.5563970804214478 0 0 0 0 Pedestrian
-5.754910469055176 2.7553720474243164 -1.7299363613128662 0 0 0 0 Pedestrian
-3.2635509967803955 -7.011904239654541 -1.2664302587509155 0 0 0 0 Pedestrian
5.8308234214782715 -5.630171298980713 -1.4627870321273804 0 0 0 0 Pedestrian
10.300323486328125 4.0673723220825195 -1.3619667291641235 0 0 0 0 Pedestrian
9.777223587036133 -5.9009199142456055 -1.3206461668014526 0 0 0 0 Pedestrian
0.2299828827381134 12.743792533874512 -2.234450340270996 0 0 0 0 Pedestrian
9.763076782226562 5.972825527191162 -2.5846805572509766 0 0 0 0 Pedestrian
0.00970442220568657 11.303108215332031 -2.342911958694458 0 0 0 0 Pedestrian
-11.583935737609863 4.60585355758667 -1.947801947593689 0 0 0 0 Pedestrian
6.287147045135498 9.514008522033691 -1.4492030143737793 0 0 0 0 Pedestrian
-10.822473526000977 -1.9328670501708984 -2.310899257659912 0 0 0 0 Pedestrian
-13.22762680053711 5.617609977722168 -1.8585656881332397 0 0 0 0 Pedestrian
13.744738578796387 9.164855003356934 -1.4189586639404297 0 0 0 0 Pedestrian
16.139347076416016 -7.602541446685791 -1.4008889198303223 0 0 0 0 Pedestrian