4.109764099121094 0.9121221899986267 -1.1130931377410889 0 0 0 0 Pedestrian
5.1748175621032715 -0.8370657563209534 -1.5622435808181763 0 0 0 0 Pedestrian
-9.522089004516602 3.8571808338165283 -1.6229313611984253 0 0 0 0 Pedestrian
2.8195738792419434 10.074995994567871 -2.061526298522949 0 0 0 0 Pedestrian
10.323972702026367 4.055496692657471 -1.4757664203643799 0 0 0 0 Pedestrian
9.739814758300781 5.98942756652832 -2.5596816539764404 0 0 0 0 Pedestrian
0.2452000081539154 12.750109672546387 -2.263395309448242 0 0 0 0 Pedestrian
0.0541616827249527 11.281786918640137 -2.299250602722168 0 0 0 0 Pedestrian
-13.2850341796875 5.987955093383789 -1.7529208660125732 0 0 0 0 Pedestrian
16.106386184692383 -7.577246189117432 -1.388520359992981 0 0 0 0 Pedestrian
17.054737091064453 2.615654945373535 -1.8783892393112183 0 0 0 0 Pedestrian
-26.40181541442871 1.1371132135391235 -1.4613609313964844 0 0 0 0 Pedestrian