-5.087400436401367 3.3386893272399902 -1.8528906106948853 0 0 0 0 Pedestrian
5.176835060119629 -0.8393715620040894 -1.5629408359527588 0 0 0 0 Pedestrian
-3.2756381034851074 -7.003082752227783 -1.240501880645752 0 0 0 0 Pedestrian
8.612110137939453 -5.825784206390381 -1.2209569215774536 0 0 0 0 Pedestrian
-8.34791088104248 -2.693336248397827 -1.1405915021896362 0 0 0 0 Pedestrian
9.684981346130371 -6.004971504211426 -1.2877516746520996 0 0 0 0 Pedestrian
10.322040557861328 4.0622382164001465 -1.4004522562026978 0 0 0 0 Pedestrian
9.720053672790527 5.98137903213501 -2.5843193531036377 0 0 0 0 Pedestrian
0.054382845759391785 11.279272079467773 -2.2984378337860107 0 0 0 0 Pedestrian
12.57586669921875 1.5837345123291016 -1.5387629270553589 0 0 0 0 Pedestrian
-11.550654411315918 4.6197991371154785 -1.8924885988235474 0 0 0 0 Pedestrian
-10.802461624145508 -1.9025027751922607 -2.3063628673553467 0 0 0 0 Pedestrian
16.12173080444336 -7.544281005859375 -1.388456106185913 0 0 0 0 Pedestrian
-26.429866790771484 1.1380419731140137 -1.463143229484558 0 0 0 0 Pedestrian