-5.336125373840332 2.7853055000305176 -1.7692017555236816 0 0 0 0 Pedestrian
-3.263234853744507 -7.011492729187012 -1.241018533706665 0 0 0 0 Pedestrian
5.843166351318359 -5.641703128814697 -1.4658565521240234 0 0 0 0 Pedestrian
10.319903373718262 4.045584678649902 -1.4992542266845703 0 0 0 0 Pedestrian
0.23000717163085938 12.746599197387695 -2.2350382804870605 0 0 0 0 Pedestrian
9.725394248962402 6.002258777618408 -2.6219921112060547 0 0 0 0 Pedestrian
12.344071388244629 1.7039849758148193 -1.445468783378601 0 0 0 0 Pedestrian
0.054909974336624146 11.269495010375977 -2.2964186668395996 0 0 0 0 Pedestrian
16.11203384399414 -7.604487419128418 -1.3712719678878784 0 0 0 0 Pedestrian
-16.917388916015625 6.098326206207275 -2.04850697517395 0 0 0 0 Pedestrian
-26.415620803833008 1.155260443687439 -1.554084300994873 0 0 0 0 Pedestrian