5.175353527069092 -0.8446921110153198 -1.5883872509002686 0 0 0 0 Pedestrian
-8.303298950195312 -2.691075563430786 -1.1840864419937134 0 0 0 0 Pedestrian
9.697694778442383 -6.012922286987305 -1.288651704788208 0 0 0 0 Pedestrian
10.311047554016113 4.052194595336914 -1.452836513519287 0 0 0 0 Pedestrian
11.813480377197266 1.8634634017944336 -1.3618775606155396 0 0 0 0 Pedestrian
0.266788125038147 12.742151260375977 -2.2768161296844482 0 0 0 0 Pedestrian
9.754899978637695 5.96765661239624 -2.583143711090088 0 0 0 0 Pedestrian
7.0323004722595215 10.34367847442627 -1.5142909288406372 0 0 0 0 Pedestrian
16.13979148864746 -7.592901229858398 -1.3912723064422607 0 0 0 0 Pedestrian
-15.922630310058594 5.903486728668213 -1.7617852687835693 0 0 0 0 Pedestrian
-26.42737579345703 1.155590534210205 -1.5547744035720825 0 0 0 0 Pedestrian