4.203983306884766 1.6261976957321167 -1.506346583366394 0 0 0 0 Pedestrian
5.182432651519775 -0.8344969153404236 -1.5637093782424927 0 0 0 0 Pedestrian
-5.749898433685303 2.709493637084961 -1.7464596033096313 0 0 0 0 Pedestrian
-3.2655351161956787 -7.0239973068237305 -1.28132963180542 0 0 0 0 Pedestrian
9.749785423278809 -5.928599834442139 -1.352980375289917 0 0 0 0 Pedestrian
10.309518814086914 4.078141689300537 -1.4166487455368042 0 0 0 0 Pedestrian
11.548629760742188 3.88240647315979 -1.2883700132369995 0 0 0 0 Pedestrian
0.21273565292358398 12.746614456176758 -2.248683452606201 0 0 0 0 Pedestrian
0.05459123104810715 11.278890609741211 -2.2984514236450195 0 0 0 0 Pedestrian
-11.583694458007812 4.633009433746338 -1.9564359188079834 0 0 0 0 Pedestrian
-13.246194839477539 5.635046005249023 -1.8136903047561646 0 0 0 0 Pedestrian
16.127134323120117 -7.592700481414795 -1.3790998458862305 0 0 0 0 Pedestrian
17.725444793701172 -7.827881813049316 -1.4796267747879028 0 0 0 0 Pedestrian
-26.36674690246582 1.08981192111969 -1.341128945350647 0 0 0 0 Pedestrian