-5.348114490509033 2.849750518798828 -1.776234745979309 0 0 0 0 Pedestrian
5.172037124633789 -0.848213791847229 -1.57474684715271 0 0 0 0 Pedestrian
8.610037803649902 -5.824337482452393 -1.2206114530563354 0 0 0 0 Pedestrian
2.8207504749298096 10.0794038772583 -2.0622997283935547 0 0 0 0 Pedestrian
10.335750579833984 4.0367431640625 -1.4900630712509155 0 0 0 0 Pedestrian
9.753767013549805 5.966824054718018 -2.582519054412842 0 0 0 0 Pedestrian
12.364192008972168 1.69674551486969 -1.4288941621780396 0 0 0 0 Pedestrian
0.009516407735645771 11.297405242919922 -2.341986894607544 0 0 0 0 Pedestrian
-11.595885276794434 4.63818883895874 -1.9586706161499023 0 0 0 0 Pedestrian
-13.450517654418945 5.972609043121338 -1.7399568557739258 0 0 0 0 Pedestrian
16.115222930908203 -7.590915679931641 -1.3986414670944214 0 0 0 0 Pedestrian
-26.393152236938477 1.1162840127944946 -1.460827350616455 0 0 0 0 Pedestrian