5.189855098724365 -0.83377605676651 -1.5710326433181763 0 0 0 0 Pedestrian
2.8218894004821777 10.083552360534668 -2.0630879402160645 0 0 0 0 Pedestrian
9.686903953552246 -6.012566566467285 -1.279420018196106 0 0 0 0 Pedestrian
10.293338775634766 4.027633190155029 -1.4745666980743408 0 0 0 0 Pedestrian
0.23024886846542358 12.75179386138916 -2.2358734607696533 0 0 0 0 Pedestrian
9.740139961242676 5.963967323303223 -2.5795023441314697 0 0 0 0 Pedestrian
11.71253490447998 2.015957832336426 -1.357933759689331 0 0 0 0 Pedestrian
-11.579962730407715 4.603850364685059 -1.9470329284667969 0 0 0 0 Pedestrian
-15.790757179260254 5.834060192108154 -1.7957134246826172 0 0 0 0 Pedestrian
16.137550354003906 -7.591739177703857 -1.3910871744155884 0 0 0 0 Pedestrian
-26.447324752807617 1.1990139484405518 -1.5469162464141846 0 0 0 0 Pedestrian