5.182681560516357 -0.8417360186576843 -1.560629963874817 0 0 0 0 Pedestrian
-5.77811861038208 2.711512327194214 -1.741237759590149 0 0 0 0 Pedestrian
-3.2653067111968994 -7.007503032684326 -1.2679694890975952 0 0 0 0 Pedestrian
-7.981198310852051 2.0641427040100098 -2.3216800689697266 0 0 0 0 Pedestrian
9.753682136535645 -5.93115234375 -1.3343952894210815 0 0 0 0 Pedestrian
10.325146675109863 4.055874824523926 -1.4762641191482544 0 0 0 0 Pedestrian
0.2296084463596344 12.735628128051758 -2.2541019916534424 0 0 0 0 Pedestrian
11.471653938293457 3.868171215057373 -1.276719331741333 0 0 0 0 Pedestrian
9.736496925354004 5.962244510650635 -2.578770160675049 0 0 0 0 Pedestrian
-13.260612487792969 5.6584391593933105 -1.8268897533416748 0 0 0 0 Pedestrian
16.14190101623535 -7.565185546875 -1.3795667886734009 0 0 0 0 Pedestrian
-21.36998748779297 1.5324034690856934 -1.4064427614212036 0 0 0 0 Pedestrian
-26.423669815063477 1.1175888776779175 -1.4629329442977905 0 0 0 0 Pedestrian