5.17957878112793 -0.8374348878860474 -1.557813286781311 0 0 0 0 Pedestrian
-5.802318096160889 2.7054367065429688 -1.7351875305175781 0 0 0 0 Pedestrian
10.296908378601074 4.099985599517822 -1.4658221006393433 0 0 0 0 Pedestrian
9.734461784362793 5.95789909362793 -2.54697322845459 0 0 0 0 Pedestrian
0.230044424533844 12.74734115600586 -2.256312131881714 0 0 0 0 Pedestrian
0.009726285934448242 11.288429260253906 -2.339888095855713 0 0 0 0 Pedestrian
6.298323154449463 9.461689949035645 -1.4585822820663452 0 0 0 0 Pedestrian
-11.579132080078125 4.603666305541992 -1.947008728981018 0 0 0 0 Pedestrian
-13.223553657531738 5.621884822845459 -1.871630311012268 0 0 0 0 Pedestrian
13.658592224121094 9.085806846618652 -1.545657992362976 0 0 0 0 Pedestrian
16.150426864624023 -7.5819807052612305 -1.3919379711151123 0 0 0 0 Pedestrian
-26.419071197509766 1.1552976369857788 -1.5541362762451172 0 0 0 0 Pedestrian
24.02855682373047 -9.237556457519531 -1.0740944147109985 0 0 0 0 Pedestrian