5.172844409942627 -0.84385746717453 -1.5671908855438232 0 0 0 0 Pedestrian
-3.262202262878418 -7.000522136688232 -1.2390997409820557 0 0 0 0 Pedestrian
5.823894023895264 -5.6502461433410645 -1.497941493988037 0 0 0 0 Pedestrian
10.302545547485352 4.085672378540039 -1.363590121269226 0 0 0 0 Pedestrian
9.734550476074219 5.9862823486328125 -2.5581867694854736 0 0 0 0 Pedestrian
0.24495837092399597 12.746965408325195 -2.2628893852233887 0 0 0 0 Pedestrian
0.054500676691532135 11.274728775024414 -2.297621488571167 0 0 0 0 Pedestrian
-11.587313652038574 4.634528636932373 -1.957244873046875 0 0 0 0 Pedestrian
-13.220949172973633 5.655475616455078 -1.8217437267303467 0 0 0 0 Pedestrian
16.147523880004883 -7.606526851654053 -1.4015779495239258 0 0 0 0 Pedestrian
-26.451818466186523 1.156883716583252 -1.5566909313201904 0 0 0 0 Pedestrian