-5.120777130126953 3.2923669815063477 -1.796472191810608 0 0 0 0 Pedestrian
5.178055286407471 -0.8471338152885437 -1.565238356590271 0 0 0 0 Pedestrian
-3.2586047649383545 -7.001474857330322 -1.2540271282196045 0 0 0 0 Pedestrian
10.31509780883789 4.048941612243652 -1.3900924921035767 0 0 0 0 Pedestrian
9.714911460876465 5.978356838226318 -2.582885503768921 0 0 0 0 Pedestrian
0.25183209776878357 12.728372573852539 -2.2455050945281982 0 0 0 0 Pedestrian
-0.0366232693195343 11.307114601135254 -2.2727835178375244 0 0 0 0 Pedestrian
12.52718448638916 1.5774638652801514 -1.5330240726470947 0 0 0 0 Pedestrian
-11.54966926574707 4.684697151184082 -1.9367027282714844 0 0 0 0 Pedestrian
-13.344365119934082 5.994748115539551 -1.7648260593414307 0 0 0 0 Pedestrian
16.128128051757812 -7.585161209106445 -1.408133864402771 0 0 0 0 Pedestrian
-26.387622833251953 1.1364630460739136 -1.4603036642074585 0 0 0 0 Pedestrian