-5.732162952423096 2.7701468467712402 -1.72504723072052 0 0 0 0 Pedestrian
5.173647880554199 -0.8427445888519287 -1.5672589540481567 0 0 0 0 Pedestrian
-3.2630043029785156 -7.0026116371154785 -1.266947627067566 0 0 0 0 Pedestrian
-8.331729888916016 -2.6897754669189453 -1.2858357429504395 0 0 0 0 Pedestrian
7.888459205627441 -2.0291621685028076 -1.0135650634765625 0 0 0 0 Pedestrian
10.31618595123291 4.1036200523376465 -1.4449316263198853 0 0 0 0 Pedestrian
9.788289070129395 -5.886410236358643 -1.3319119215011597 0 0 0 0 Pedestrian
11.385209083557129 7.293558120727539 -1.7541362047195435 0 0 0 0 Pedestrian
9.735904693603516 5.986837863922119 -2.5580294132232666 0 0 0 0 Pedestrian
0.054288022220134735 11.280205726623535 -2.2988650798797607 0 0 0 0 Pedestrian
6.281152725219727 9.504902839660645 -1.4477814435958862 0 0 0 0 Pedestrian
-11.563746452331543 4.707168102264404 -1.950513243675232 0 0 0 0 Pedestrian
-13.228765487670898 5.6273393630981445 -1.8299839496612549 0 0 0 0 Pedestrian
13.656914710998535 9.084790229797363 -1.5451232194900513 0 0 0 0 Pedestrian
16.164709091186523 -7.588428020477295 -1.3925395011901855 0 0 0 0 Pedestrian