5.167737007141113 -0.8493186235427856 -1.5761560201644897 0 0 0 0 Pedestrian
-3.267892837524414 -6.983694553375244 -1.2047706842422485 0 0 0 0 Pedestrian
5.798213005065918 -5.621798038482666 -1.5161316394805908 0 0 0 0 Pedestrian
10.353867530822754 4.061434745788574 -1.469699501991272 0 0 0 0 Pedestrian
-9.558418273925781 6.001189231872559 -2.129603147506714 0 0 0 0 Pedestrian
0.24476617574691772 12.74251937866211 -2.2618534564971924 0 0 0 0 Pedestrian
9.716598510742188 5.979509353637695 -2.583526849746704 0 0 0 0 Pedestrian
-11.566158294677734 4.708209037780762 -1.9509395360946655 0 0 0 0 Pedestrian
13.6702241897583 9.093457221984863 -1.547109603881836 0 0 0 0 Pedestrian
17.787691116333008 -7.752603054046631 -1.3852791786193848 0 0 0 0 Pedestrian
-18.428302764892578 6.340582370758057 -2.0632987022399902 0 0 0 0 Pedestrian
-26.41926383972168 1.1376636028289795 -1.4625836610794067 0 0 0 0 Pedestrian