5.179798126220703 -0.8548645377159119 -1.5684434175491333 0 0 0 0 Pedestrian
2.8229856491088867 10.087016105651855 -2.0640432834625244 0 0 0 0 Pedestrian
5.792063236236572 -5.620666980743408 -1.517972707748413 0 0 0 0 Pedestrian
10.333030700683594 4.036988258361816 -1.4638184309005737 0 0 0 0 Pedestrian
0.2298252433538437 12.74454116821289 -2.234438180923462 0 0 0 0 Pedestrian
9.740796089172363 5.994353771209717 -2.590041160583496 0 0 0 0 Pedestrian
9.761114120483398 -5.907323360443115 -1.1654356718063354 0 0 0 0 Pedestrian
0.05476083606481552 11.273309707641602 -2.2970612049102783 0 0 0 0 Pedestrian
6.3647379875183105 9.275235176086426 -1.523694634437561 0 0 0 0 Pedestrian
11.99368667602539 4.472382545471191 -1.3556324243545532 0 0 0 0 Pedestrian
-10.830700874328613 -1.9344549179077148 -2.312840700149536 0 0 0 0 Pedestrian
-13.232769012451172 5.635128974914551 -1.7595899105072021 0 0 0 0 Pedestrian
13.718107223510742 9.149258613586426 -1.473932147026062 0 0 0 0 Pedestrian
16.16374969482422 -7.588389873504639 -1.393484115600586 0 0 0 0 Pedestrian
-26.399133682250977 1.1166093349456787 -1.4611955881118774 0 0 0 0 Pedestrian