5.16512393951416 -0.8440338969230652 -1.575144648551941 0 0 0 0 Pedestrian
-5.787485122680664 2.6931817531585693 -1.7389718294143677 0 0 0 0 Pedestrian
-3.2547225952148438 -7.015444278717041 -1.266502857208252 0 0 0 0 Pedestrian
2.8224754333496094 10.08511734008789 -2.0636849403381348 0 0 0 0 Pedestrian
10.352727890014648 4.074272632598877 -1.3555586338043213 0 0 0 0 Pedestrian
9.72149658203125 5.982480049133301 -2.5847928524017334 0 0 0 0 Pedestrian
6.413779258728027 9.409021377563477 -1.542892575263977 0 0 0 0 Pedestrian
-11.58673095703125 4.634751319885254 -1.9573785066604614 0 0 0 0 Pedestrian
-13.219446182250977 5.631545066833496 -1.8380135297775269 0 0 0 0 Pedestrian
13.666321754455566 9.090950012207031 -1.5465879440307617 0 0 0 0 Pedestrian
16.16525650024414 -7.588778495788574 -1.392799973487854 0 0 0 0 Pedestrian
-26.411727905273438 1.1170541048049927 -1.4619026184082031 0 0 0 0 Pedestrian