5.168465614318848 -0.8484761118888855 -1.584575891494751 0 0 0 0 Pedestrian
-5.802522659301758 2.69510817527771 -1.7281795740127563 0 0 0 0 Pedestrian
-3.264230966567993 -7.005162715911865 -1.2673664093017578 0 0 0 0 Pedestrian
5.799746990203857 -5.627285003662109 -1.5190870761871338 0 0 0 0 Pedestrian
9.753960609436035 -5.93126106262207 -1.3542896509170532 0 0 0 0 Pedestrian
10.346709251403809 4.064567565917969 -1.4292542934417725 0 0 0 0 Pedestrian
9.732089042663574 5.989323616027832 -2.587646007537842 0 0 0 0 Pedestrian
-11.585762023925781 4.633538246154785 -1.9567759037017822 0 0 0 0 Pedestrian
-13.254460334777832 5.648708343505859 -1.8001009225845337 0 0 0 0 Pedestrian
16.146770477294922 -7.579735279083252 -1.3908940553665161 0 0 0 0 Pedestrian
-26.43246078491211 1.1558818817138672 -1.5552005767822266 0 0 0 0 Pedestrian