4.111373424530029 0.8934221267700195 -1.1002284288406372 0 0 0 0 Pedestrian
-5.326108455657959 2.743919610977173 -1.7560973167419434 0 0 0 0 Pedestrian
5.185150623321533 -0.840491533279419 -1.5651521682739258 0 0 0 0 Pedestrian
-3.2648301124572754 -7.014468193054199 -1.2671029567718506 0 0 0 0 Pedestrian
9.692303657531738 -6.009665489196777 -1.2879459857940674 0 0 0 0 Pedestrian
10.317031860351562 4.054828643798828 -1.489063024520874 0 0 0 0 Pedestrian
12.327140808105469 1.701615333557129 -1.443498969078064 0 0 0 0 Pedestrian
0.009792943485081196 11.287025451660156 -2.33957839012146 0 0 0 0 Pedestrian
-11.606207847595215 4.693265914916992 -1.9299507141113281 0 0 0 0 Pedestrian
-10.818251609802246 -1.9053252935409546 -2.309751033782959 0 0 0 0 Pedestrian
16.125450134277344 -7.561788558959961 -1.3662159442901611 0 0 0 0 Pedestrian
-16.863801956176758 6.078924179077148 -2.0420138835906982 0 0 0 0 Pedestrian
-26.399126052856445 1.1164257526397705 -1.4614275693893433 0 0 0 0 Pedestrian