5.183178424835205 -0.8427499532699585 -1.568971872329712 0 0 0 0 Pedestrian
-3.2593584060668945 -7.002827167510986 -1.2541474103927612 0 0 0 0 Pedestrian
9.693989753723145 -6.010781288146973 -1.28859281539917 0 0 0 0 Pedestrian
10.351826667785645 4.027202129364014 -1.5033420324325562 0 0 0 0 Pedestrian
9.762423515319824 5.975287437438965 -2.5535943508148193 0 0 0 0 Pedestrian
12.126821517944336 1.6990777254104614 -1.449582576751709 0 0 0 0 Pedestrian
-11.608939170837402 4.6336750984191895 -1.9354383945465088 0 0 0 0 Pedestrian
0.054579563438892365 11.268856048583984 -2.296416759490967 0 0 0 0 Pedestrian
13.678640365600586 9.091856002807617 -1.4938852787017822 0 0 0 0 Pedestrian
16.151643753051758 -7.608461380004883 -1.4018937349319458 0 0 0 0 Pedestrian
-16.522686004638672 6.055907726287842 -1.8961173295974731 0 0 0 0 Pedestrian
-26.402069091796875 1.1371780633926392 -1.4612741470336914 0 0 0 0 Pedestrian