4.108692169189453 0.9035796523094177 -1.1005356311798096 0 0 0 0 Pedestrian
-5.058743953704834 3.3428075313568115 -1.851378083229065 0 0 0 0 Pedestrian
5.172978401184082 -0.8396957516670227 -1.5747164487838745 0 0 0 0 Pedestrian
-3.265092134475708 -7.00728178024292 -1.2679693698883057 0 0 0 0 Pedestrian
2.8232884407043457 10.088656425476074 -2.064023494720459 0 0 0 0 Pedestrian
9.69383716583252 -6.01064395904541 -1.2888116836547852 0 0 0 0 Pedestrian
10.312033653259277 4.058155059814453 -1.4686996936798096 0 0 0 0 Pedestrian
9.741866111755371 5.995427131652832 -2.5904757976531982 0 0 0 0 Pedestrian
0.22994017601013184 12.7483549118042 -2.235055685043335 0 0 0 0 Pedestrian
0.05469822883605957 11.274239540100098 -2.2975258827209473 0 0 0 0 Pedestrian
-11.624603271484375 4.671298980712891 -1.9194276332855225 0 0 0 0 Pedestrian
16.117414474487305 -7.5797882080078125 -1.4067283868789673 0 0 0 0 Pedestrian
-26.404687881469727 1.1372088193893433 -1.4614384174346924 0 0 0 0 Pedestrian