4.110015869140625 0.9088973999023438 -1.1055514812469482 0 0 0 0 Pedestrian
5.173983097076416 -0.8447909951210022 -1.564509391784668 0 0 0 0 Pedestrian
2.822053909301758 10.083852767944336 -2.0633254051208496 0 0 0 0 Pedestrian
10.312317848205566 4.0325212478637695 -1.44021475315094 0 0 0 0 Pedestrian
0.2299695611000061 12.749396324157715 -2.2352914810180664 0 0 0 0 Pedestrian
12.293004035949707 1.7166787385940552 -1.4212952852249146 0 0 0 0 Pedestrian
-11.607868194580078 4.693812847137451 -1.930126428604126 0 0 0 0 Pedestrian
0.05441060662269592 11.270305633544922 -2.2968084812164307 0 0 0 0 Pedestrian
-13.426054954528809 5.9850358963012695 -1.7094485759735107 0 0 0 0 Pedestrian
16.13010025024414 -7.588622570037842 -1.3907580375671387 0 0 0 0 Pedestrian
-16.790111541748047 6.052319526672363 -2.033027172088623 0 0 0 0 Pedestrian
-21.355224609375 1.5313600301742554 -1.4054619073867798 0 0 0 0 Pedestrian
-26.432004928588867 1.1610721349716187 -1.4397714138031006 0 0 0 0 Pedestrian