4.1203436851501465 0.8826844096183777 -1.0826674699783325 0 0 0 0 Pedestrian
5.174710273742676 -0.841195285320282 -1.559525489807129 0 0 0 0 Pedestrian
9.70150375366211 -6.01540994644165 -1.2898273468017578 0 0 0 0 Pedestrian
10.323101997375488 4.039446830749512 -1.4907656908035278 0 0 0 0 Pedestrian
11.776078224182129 1.924141764640808 -1.3807601928710938 0 0 0 0 Pedestrian
9.748441696166992 5.969690799713135 -2.5819194316864014 0 0 0 0 Pedestrian
-11.564412117004395 4.707319259643555 -1.950502872467041 0 0 0 0 Pedestrian
-13.282023429870605 5.90352201461792 -1.8035449981689453 0 0 0 0 Pedestrian
1.1719818115234375 15.865574836730957 -2.099484920501709 0 0 0 0 Pedestrian
16.143821716308594 -7.578457355499268 -1.3909244537353516 0 0 0 0 Pedestrian
-24.22041130065918 6.5874552726745605 -1.7231025695800781 0 0 0 0 Pedestrian