-5.7154154777526855 2.7679715156555176 -1.7377420663833618 0 0 0 0 Pedestrian
10.337407112121582 4.042949676513672 -1.4580634832382202 0 0 0 0 Pedestrian
9.806105613708496 -5.882002353668213 -1.3260316848754883 0 0 0 0 Pedestrian
9.747191429138184 5.965641975402832 -2.5499415397644043 0 0 0 0 Pedestrian
0.009449141100049019 11.297988891601562 -2.341895580291748 0 0 0 0 Pedestrian
6.298304557800293 9.461579322814941 -1.4582903385162354 0 0 0 0 Pedestrian
-11.58986759185791 4.635682106018066 -1.9578033685684204 0 0 0 0 Pedestrian
-13.237778663635254 5.637401103973389 -1.760165810585022 0 0 0 0 Pedestrian
13.658284187316895 9.085697174072266 -1.5454559326171875 0 0 0 0 Pedestrian
16.140338897705078 -7.581764221191406 -1.3802496194839478 0 0 0 0 Pedestrian
-26.40338706970215 1.116621971130371 -1.4612804651260376 0 0 0 0 Pedestrian