-5.215991973876953 3.0983495712280273 -1.779603123664856 0 0 0 0 Pedestrian
5.167509078979492 -0.8443389534950256 -1.565108299255371 0 0 0 0 Pedestrian
-3.2670605182647705 -7.0113630294799805 -1.2686015367507935 0 0 0 0 Pedestrian
-6.655170440673828 4.44309663772583 -2.0459322929382324 0 0 0 0 Pedestrian
5.825226783752441 -5.613612174987793 -1.4695676565170288 0 0 0 0 Pedestrian
10.323115348815918 4.0402607917785645 -1.466790795326233 0 0 0 0 Pedestrian
9.746761322021484 5.993692398071289 -2.56131649017334 0 0 0 0 Pedestrian
0.2450568675994873 12.746792793273926 -2.262765407562256 0 0 0 0 Pedestrian
12.44588565826416 1.6195838451385498 -1.4836454391479492 0 0 0 0 Pedestrian
7.02854585647583 10.338258743286133 -1.5140209197998047 0 0 0 0 Pedestrian
-11.58302116394043 4.633056163787842 -1.956636667251587 0 0 0 0 Pedestrian
-10.79403305053711 -1.8850393295288086 -2.2578299045562744 0 0 0 0 Pedestrian
-13.386506080627441 5.971806526184082 -1.759460687637329 0 0 0 0 Pedestrian
16.103351593017578 -7.581655025482178 -1.3773137331008911 0 0 0 0 Pedestrian
-26.398950576782227 1.0910816192626953 -1.3430578708648682 0 0 0 0 Pedestrian