5.17289400100708 -0.847029983997345 -1.5611515045166016 0 0 0 0 Pedestrian
-3.2678425312042236 -7.012850761413574 -1.2689584493637085 0 0 0 0 Pedestrian
-6.731359958648682 4.471372604370117 -1.9239062070846558 0 0 0 0 Pedestrian
10.337592124938965 4.030031204223633 -1.468400239944458 0 0 0 0 Pedestrian
-9.513771057128906 5.891014575958252 -2.1483325958251953 0 0 0 0 Pedestrian
9.73694896697998 5.992086887359619 -2.5892624855041504 0 0 0 0 Pedestrian
-11.642661094665527 4.61024284362793 -1.9040186405181885 0 0 0 0 Pedestrian
6.980848789215088 10.389503479003906 -1.5670117139816284 0 0 0 0 Pedestrian
-10.832903861999512 -1.9074039459228516 -2.3122634887695312 0 0 0 0 Pedestrian
-13.263164520263672 6.003000736236572 -1.732283115386963 0 0 0 0 Pedestrian
16.156166076660156 -7.5846099853515625 -1.392338514328003 0 0 0 0 Pedestrian
17.813623428344727 -7.763988494873047 -1.3873639106750488 0 0 0 0 Pedestrian
-26.409801483154297 1.1372652053833008 -1.4618242979049683 0 0 0 0 Pedestrian