5.171342849731445 -0.8560624718666077 -1.5797276496887207 0 0 0 0 Pedestrian
-5.78441858291626 2.6941921710968018 -1.7396011352539062 0 0 0 0 Pedestrian
-3.2668211460113525 -7.010827541351318 -1.2686361074447632 0 0 0 0 Pedestrian
5.779034614562988 -5.591699123382568 -1.5067729949951172 0 0 0 0 Pedestrian
9.75871753692627 -5.934304714202881 -1.3352079391479492 0 0 0 0 Pedestrian
10.35101318359375 4.073474407196045 -1.4529104232788086 0 0 0 0 Pedestrian
9.736756324768066 5.991929054260254 -2.589134693145752 0 0 0 0 Pedestrian
-10.832305908203125 -1.9077990055084229 -2.3128139972686768 0 0 0 0 Pedestrian
-13.256010055541992 5.649622440338135 -1.800268292427063 0 0 0 0 Pedestrian
16.116750717163086 -7.581838130950928 -1.3890236616134644 0 0 0 0 Pedestrian
-26.37541961669922 1.1000126600265503 -1.4053031206130981 0 0 0 0 Pedestrian