5.174769878387451 -0.8404306173324585 -1.5643070936203003 0 0 0 0 Pedestrian
-5.802658557891846 2.7206971645355225 -1.7284106016159058 0 0 0 0 Pedestrian
-3.2594223022460938 -6.9858551025390625 -1.2367172241210938 0 0 0 0 Pedestrian
5.785572052001953 -5.6092963218688965 -1.5126391649246216 0 0 0 0 Pedestrian
9.771100997924805 -5.919986248016357 -1.3019808530807495 0 0 0 0 Pedestrian
10.304375648498535 4.038992881774902 -1.3905420303344727 0 0 0 0 Pedestrian
9.73440170288086 5.98587703704834 -2.5582900047302246 0 0 0 0 Pedestrian
6.304513454437256 9.470879554748535 -1.4597833156585693 0 0 0 0 Pedestrian
-11.560602188110352 4.689214706420898 -1.9387098550796509 0 0 0 0 Pedestrian
-10.819798469543457 -1.9051294326782227 -2.3094570636749268 0 0 0 0 Pedestrian
13.681449890136719 9.093732833862305 -1.4942691326141357 0 0 0 0 Pedestrian
16.147464752197266 -7.60640287399292 -1.4013268947601318 0 0 0 0 Pedestrian