-5.3317461013793945 2.6163883209228516 -1.7248930931091309 0 0 0 0 Pedestrian
5.171642303466797 -0.8457413911819458 -1.577927589416504 0 0 0 0 Pedestrian
-3.2580530643463135 -7.0078277587890625 -1.2783913612365723 0 0 0 0 Pedestrian
9.697662353515625 -6.009422779083252 -1.3043674230575562 0 0 0 0 Pedestrian
10.302464485168457 4.049072742462158 -1.4074552059173584 0 0 0 0 Pedestrian
9.723748207092285 5.98386812210083 -2.5854990482330322 0 0 0 0 Pedestrian
11.857794761657715 1.8031861782073975 -1.3881515264511108 0 0 0 0 Pedestrian
0.23001572489738464 12.74478816986084 -2.234555244445801 0 0 0 0 Pedestrian
0.05496407672762871 11.272663116455078 -2.29716157913208 0 0 0 0 Pedestrian
-11.601990699768066 4.663602352142334 -1.916723608970642 0 0 0 0 Pedestrian
-14.391135215759277 4.689290523529053 -2.051435708999634 0 0 0 0 Pedestrian
16.149721145629883 -7.568875789642334 -1.380724549293518 0 0 0 0 Pedestrian
-16.04075813293457 5.947297096252441 -1.7751206159591675 0 0 0 0 Pedestrian
-26.462629318237305 1.19977605342865 -1.5481600761413574 0 0 0 0 Pedestrian