-5.782891750335693 2.7417185306549072 -1.7414814233779907 0 0 0 0 Pedestrian
-3.2650434970855713 -6.997833728790283 -1.2387229204177856 0 0 0 0 Pedestrian
10.315786361694336 4.0587944984436035 -1.4289451837539673 0 0 0 0 Pedestrian
9.759245872497559 -5.926782131195068 -1.3025822639465332 0 0 0 0 Pedestrian
0.24478770792484283 12.740730285644531 -2.2615833282470703 0 0 0 0 Pedestrian
9.743708610534668 5.966519832611084 -2.580535650253296 0 0 0 0 Pedestrian
6.278588771820068 9.501006126403809 -1.447461485862732 0 0 0 0 Pedestrian
-11.563753128051758 4.690852165222168 -1.939386010169983 0 0 0 0 Pedestrian
-10.81525993347168 -1.9045718908309937 -2.3088321685791016 0 0 0 0 Pedestrian
-13.20911693572998 5.6159820556640625 -1.8692141771316528 0 0 0 0 Pedestrian
16.111833572387695 -7.579690933227539 -1.389127492904663 0 0 0 0 Pedestrian
-26.432214736938477 1.1383777856826782 -1.4634156227111816 0 0 0 0 Pedestrian