5.186722755432129 -0.8410316109657288 -1.5672544240951538 0 0 0 0 Pedestrian
-5.775890350341797 2.737239122390747 -1.7392206192016602 0 0 0 0 Pedestrian
10.302715301513672 4.068206787109375 -1.4743562936782837 0 0 0 0 Pedestrian
9.787808418273926 -5.896713733673096 -1.3095088005065918 0 0 0 0 Pedestrian
9.732809066772461 5.985167026519775 -2.5577073097229004 0 0 0 0 Pedestrian
0.009469214826822281 11.304686546325684 -2.3435113430023193 0 0 0 0 Pedestrian
-11.580889701843262 4.632316589355469 -1.956281065940857 0 0 0 0 Pedestrian
6.27880859375 9.500874519348145 -1.4474124908447266 0 0 0 0 Pedestrian
-13.212888717651367 5.624440670013428 -1.8699873685836792 0 0 0 0 Pedestrian
13.66519832611084 9.090275764465332 -1.5462719202041626 0 0 0 0 Pedestrian
16.167688369750977 -7.589996337890625 -1.3930089473724365 0 0 0 0 Pedestrian
-24.21339225769043 6.585566997528076 -1.7226234674453735 0 0 0 0 Pedestrian