5.181331157684326 -0.8415684700012207 -1.560418963432312 0 0 0 0 Pedestrian
-5.774616241455078 2.7313759326934814 -1.7319326400756836 0 0 0 0 Pedestrian
10.315369606018066 4.099359035491943 -1.378932237625122 0 0 0 0 Pedestrian
9.781242370605469 -5.895317077636719 -1.3348276615142822 0 0 0 0 Pedestrian
9.733827590942383 5.957094669342041 -2.546365976333618 0 0 0 0 Pedestrian
0.05418011546134949 11.276527404785156 -2.2981510162353516 0 0 0 0 Pedestrian
-11.594650268554688 4.637829780578613 -1.9585354328155518 0 0 0 0 Pedestrian
6.281811237335205 9.505626678466797 -1.4481014013290405 0 0 0 0 Pedestrian
-13.219197273254395 5.6313042640686035 -1.8381232023239136 0 0 0 0 Pedestrian
13.667010307312012 9.09143352508545 -1.5465503931045532 0 0 0 0 Pedestrian
16.159399032592773 -7.586204528808594 -1.3924815654754639 0 0 0 0 Pedestrian
-26.41741943359375 1.1374794244766235 -1.4621905088424683 0 0 0 0 Pedestrian