-5.7166948318481445 2.7623002529144287 -1.7359758615493774 0 0 0 0 Pedestrian
5.169131278991699 -0.8492312431335449 -1.567618489265442 0 0 0 0 Pedestrian
-3.260483980178833 -7.013036251068115 -1.27916419506073 0 0 0 0 Pedestrian
2.8253209590911865 10.095577239990234 -2.065539836883545 0 0 0 0 Pedestrian
10.309224128723145 4.06191873550415 -1.4715349674224854 0 0 0 0 Pedestrian
9.791239738464355 -5.888258457183838 -1.3320993185043335 0 0 0 0 Pedestrian
9.729413032531738 5.957648754119873 -2.576582670211792 0 0 0 0 Pedestrian
0.05426003411412239 11.27929973602295 -2.298945665359497 0 0 0 0 Pedestrian
-11.567219734191895 4.598903179168701 -1.9449443817138672 0 0 0 0 Pedestrian
6.281424045562744 9.505716323852539 -1.4478321075439453 0 0 0 0 Pedestrian
-13.216626167297363 5.619468688964844 -1.8703757524490356 0 0 0 0 Pedestrian
13.659127235412598 9.086256980895996 -1.545380711555481 0 0 0 0 Pedestrian
16.142505645751953 -7.565371990203857 -1.3798080682754517 0 0 0 0 Pedestrian