-5.192986011505127 3.1687591075897217 -1.8038867712020874 0 0 0 0 Pedestrian
5.171017169952393 -0.8422120213508606 -1.5728262662887573 0 0 0 0 Pedestrian
-3.263340473175049 -7.0256876945495605 -1.278928279876709 0 0 0 0 Pedestrian
-7.9829888343811035 2.0574634075164795 -2.301790237426758 0 0 0 0 Pedestrian
2.8232996463775635 10.088064193725586 -2.064312696456909 0 0 0 0 Pedestrian
10.306400299072266 4.036328315734863 -1.5077319145202637 0 0 0 0 Pedestrian
9.758394241333008 5.972701072692871 -2.552720785140991 0 0 0 0 Pedestrian
0.22992712259292603 12.74679946899414 -2.2350566387176514 0 0 0 0 Pedestrian
12.476457595825195 1.6235271692276 -1.4877334833145142 0 0 0 0 Pedestrian
-11.57886028289795 4.71366548538208 -1.9531826972961426 0 0 0 0 Pedestrian
-13.36485481262207 5.980234146118164 -1.7419242858886719 0 0 0 0 Pedestrian
16.135150909423828 -7.577885627746582 -1.399722695350647 0 0 0 0 Pedestrian
-17.400346755981445 6.18204927444458 -2.1033825874328613 0 0 0 0 Pedestrian