5.175348281860352 -0.8456797003746033 -1.5650910139083862 0 0 0 0 Pedestrian
-5.754753112792969 2.7144253253936768 -1.7463314533233643 0 0 0 0 Pedestrian
10.299315452575684 4.085824012756348 -1.4395959377288818 0 0 0 0 Pedestrian
9.747907638549805 -5.927591323852539 -1.3332480192184448 0 0 0 0 Pedestrian
9.731639862060547 5.988535404205322 -2.587559223175049 0 0 0 0 Pedestrian
11.547250747680664 3.869917631149292 -1.2839689254760742 0 0 0 0 Pedestrian
0.05436332896351814 11.27749252319336 -2.298454999923706 0 0 0 0 Pedestrian
-11.567813873291016 4.708590507507324 -1.9510241746902466 0 0 0 0 Pedestrian
-10.823420524597168 -1.8897908926010132 -2.263627290725708 0 0 0 0 Pedestrian
-13.235177993774414 5.630645751953125 -1.8119316101074219 0 0 0 0 Pedestrian
16.123226165771484 -7.585033893585205 -1.3897782564163208 0 0 0 0 Pedestrian
-26.43307876586914 1.1844027042388916 -1.4398552179336548 0 0 0 0 Pedestrian