-5.800601482391357 2.7107348442077637 -1.744256615638733 0 0 0 0 Pedestrian
-3.2545831203460693 -7.0071539878845215 -1.2753517627716064 0 0 0 0 Pedestrian
5.793075084686279 -5.60474967956543 -1.5100651979446411 0 0 0 0 Pedestrian
9.769609451293945 -5.91817045211792 -1.2779520750045776 0 0 0 0 Pedestrian
10.315950393676758 4.107357025146484 -1.450782060623169 0 0 0 0 Pedestrian
9.748533248901367 5.969723224639893 -2.5814669132232666 0 0 0 0 Pedestrian
0.009493302553892136 11.29842758178711 -2.3419597148895264 0 0 0 0 Pedestrian
-11.63979721069336 4.613368511199951 -1.929722547531128 0 0 0 0 Pedestrian
6.42078971862793 9.419900894165039 -1.5450694561004639 0 0 0 0 Pedestrian
-13.204721450805664 5.625214576721191 -1.8360270261764526 0 0 0 0 Pedestrian
16.12073516845703 -7.583492755889893 -1.389453649520874 0 0 0 0 Pedestrian
-26.45413589477539 1.185498833656311 -1.4413721561431885 0 0 0 0 Pedestrian