-5.02237606048584 3.3507516384124756 -1.8551530838012695 0 0 0 0 Pedestrian
5.1725850105285645 -0.8471840620040894 -1.5768049955368042 0 0 0 0 Pedestrian
-3.247912645339966 -6.999485015869141 -1.2737387418746948 0 0 0 0 Pedestrian
-5.25916862487793 1.7594536542892456 -1.482034683227539 0 0 0 0 Pedestrian
10.366490364074707 4.052522659301758 -1.3912684917449951 0 0 0 0 Pedestrian
0.22468647360801697 12.750747680664062 -2.235546112060547 0 0 0 0 Pedestrian
-11.62810230255127 4.608900547027588 -1.928090214729309 0 0 0 0 Pedestrian
-10.784566879272461 -1.899300217628479 -2.3024532794952393 0 0 0 0 Pedestrian
16.10840606689453 -7.575422286987305 -1.405747652053833 0 0 0 0 Pedestrian
-17.828256607055664 6.205201625823975 -2.2252566814422607 0 0 0 0 Pedestrian
-26.416961669921875 1.1173503398895264 -1.4622249603271484 0 0 0 0 Pedestrian