5.168730735778809 -0.8506370186805725 -1.5773855447769165 0 0 0 0 Pedestrian
-3.258014678955078 -7.007928848266602 -1.2787284851074219 0 0 0 0 Pedestrian
10.35836410522461 4.024930000305176 -1.469292163848877 0 0 0 0 Pedestrian
9.742154121398926 5.99544095993042 -2.5902512073516846 0 0 0 0 Pedestrian
11.950319290161133 1.7133373022079468 -1.3799265623092651 0 0 0 0 Pedestrian
0.009327779524028301 11.309696197509766 -2.3444998264312744 0 0 0 0 Pedestrian
-11.595044136047363 4.637648105621338 -1.9584780931472778 0 0 0 0 Pedestrian
-10.813287734985352 -1.9038944244384766 -2.307927370071411 0 0 0 0 Pedestrian
16.123380661010742 -7.584897994995117 -1.3896564245224 0 0 0 0 Pedestrian
-16.2286319732666 5.968768119812012 -1.9156205654144287 0 0 0 0 Pedestrian
-26.4217529296875 1.1379179954528809 -1.4627001285552979 0 0 0 0 Pedestrian
24.01833152770996 -9.233522415161133 -1.073671579360962 0 0 0 0 Pedestrian