5.182254314422607 -0.8338450789451599 -1.5675277709960938 0 0 0 0 Pedestrian
-3.2684760093688965 -7.00469446182251 -1.239977478981018 0 0 0 0 Pedestrian
8.632254600524902 -5.807870864868164 -1.2545262575149536 0 0 0 0 Pedestrian
10.309815406799316 4.047205448150635 -1.4296318292617798 0 0 0 0 Pedestrian
9.738507270812988 5.993200302124023 -2.589556932449341 0 0 0 0 Pedestrian
-10.821663856506348 -1.8356516361236572 -2.1029350757598877 0 0 0 0 Pedestrian
-11.622379302978516 4.606378555297852 -1.9268131256103516 0 0 0 0 Pedestrian
0.054801229387521744 11.273775100708008 -2.2972710132598877 0 0 0 0 Pedestrian
16.132888793945312 -7.5785088539123535 -1.3797584772109985 0 0 0 0 Pedestrian
-18.208459854125977 6.280663967132568 -2.075129985809326 0 0 0 0 Pedestrian
-26.443317413330078 1.184951663017273 -1.44062077999115 0 0 0 0 Pedestrian