5.168110370635986 -0.8452902436256409 -1.5755844116210938 0 0 0 0 Pedestrian
-3.2663838863372803 -7.018093585968018 -1.2547893524169922 0 0 0 0 Pedestrian
8.61141300201416 -5.825403213500977 -1.2206889390945435 0 0 0 0 Pedestrian
5.835838317871094 -5.634632110595703 -1.464097023010254 0 0 0 0 Pedestrian
10.340200424194336 4.039498805999756 -1.4721424579620361 0 0 0 0 Pedestrian
11.883015632629395 1.748018503189087 -1.3861870765686035 0 0 0 0 Pedestrian
9.74276065826416 5.995316505432129 -2.5903737545013428 0 0 0 0 Pedestrian
0.009583075530827045 11.304010391235352 -2.343499183654785 0 0 0 0 Pedestrian
-11.584554672241211 4.664860725402832 -1.9641308784484863 0 0 0 0 Pedestrian
16.130022048950195 -7.5857462882995605 -1.4079023599624634 0 0 0 0 Pedestrian
-16.09406089782715 5.967079162597656 -1.7807754278182983 0 0 0 0 Pedestrian
-26.437786102294922 1.156133770942688 -1.5553631782531738 0 0 0 0 Pedestrian