-5.2988739013671875 2.6478378772735596 -1.7017980813980103 0 0 0 0 Pedestrian
5.181700229644775 -0.8372471332550049 -1.5676497220993042 0 0 0 0 Pedestrian
-3.261671304702759 -6.990309715270996 -1.2228429317474365 0 0 0 0 Pedestrian
-7.98895263671875 2.053133726119995 -2.323179244995117 0 0 0 0 Pedestrian
10.316962242126465 4.066065788269043 -1.4190993309020996 0 0 0 0 Pedestrian
11.704788208007812 2.0677614212036133 -1.3530676364898682 0 0 0 0 Pedestrian
9.753924369812012 5.969579219818115 -2.5514042377471924 0 0 0 0 Pedestrian
0.009765575639903545 11.302122116088867 -2.342747688293457 0 0 0 0 Pedestrian
-11.59387493133545 4.6374311447143555 -1.9585193395614624 0 0 0 0 Pedestrian
-10.829691886901855 -1.8912397623062134 -2.2654552459716797 0 0 0 0 Pedestrian
16.145702362060547 -7.605688571929932 -1.401572346687317 0 0 0 0 Pedestrian
-26.442235946655273 1.1615327596664429 -1.4406712055206299 0 0 0 0 Pedestrian