5.177570343017578 -0.8431328535079956 -1.5718743801116943 0 0 0 0 Pedestrian
-3.2556557655334473 -7.0165696144104 -1.2652355432510376 0 0 0 0 Pedestrian
8.61715030670166 -5.829321384429932 -1.2215217351913452 0 0 0 0 Pedestrian
5.809688568115234 -5.637293815612793 -1.5228215456008911 0 0 0 0 Pedestrian
10.309338569641113 4.061378002166748 -1.4407806396484375 0 0 0 0 Pedestrian
9.744306564331055 5.966755390167236 -2.5806946754455566 0 0 0 0 Pedestrian
0.00946854893118143 11.295347213745117 -2.341536521911621 0 0 0 0 Pedestrian
6.307634353637695 9.267179489135742 -1.4822543859481812 0 0 0 0 Pedestrian
-11.59321117401123 4.637165069580078 -1.958471417427063 0 0 0 0 Pedestrian
16.12968635559082 -7.560247421264648 -1.3987683057785034 0 0 0 0 Pedestrian
-26.440765380859375 1.184785008430481 -1.4403499364852905 0 0 0 0 Pedestrian
-24.205842971801758 6.583436489105225 -1.722151756286621 0 0 0 0 Pedestrian