4.113382816314697 0.9104790687561035 -1.1036792993545532 0 0 0 0 Pedestrian
5.169837474822998 -0.8351022005081177 -1.556880235671997 0 0 0 0 Pedestrian
-3.2654154300689697 -7.023756504058838 -1.2553400993347168 0 0 0 0 Pedestrian
10.308351516723633 4.04611873626709 -1.5202555656433105 0 0 0 0 Pedestrian
12.270903587341309 1.7135950326919556 -1.4187730550765991 0 0 0 0 Pedestrian
0.23491671681404114 12.724634170532227 -2.260601043701172 0 0 0 0 Pedestrian
-0.06329649686813354 11.3175630569458 -2.2596356868743896 0 0 0 0 Pedestrian
-11.600130081176758 4.6625800132751465 -1.916311502456665 0 0 0 0 Pedestrian
-13.416998863220215 5.980950355529785 -1.7083216905593872 0 0 0 0 Pedestrian
13.657809257507324 9.085200309753418 -1.5454959869384766 0 0 0 0 Pedestrian
11.963749885559082 7.535524845123291 -2.342127561569214 0 0 0 0 Pedestrian
16.119150161743164 -7.588898181915283 -1.3785724639892578 0 0 0 0 Pedestrian
-16.716510772705078 6.04809045791626 -2.0336508750915527 0 0 0 0 Pedestrian