-4.994699001312256 3.364380359649658 -1.8952902555465698 0 0 0 0 Pedestrian
5.174867630004883 -0.8499120473861694 -1.5713248252868652 0 0 0 0 Pedestrian
-3.256722927093506 -7.004674911499023 -1.2649019956588745 0 0 0 0 Pedestrian
5.793647766113281 -5.621983051300049 -1.5179340839385986 0 0 0 0 Pedestrian
10.294885635375977 4.043866157531738 -1.4776899814605713 0 0 0 0 Pedestrian
9.74100399017334 5.964951038360596 -2.5797970294952393 0 0 0 0 Pedestrian
0.25214460492134094 12.737349510192871 -2.2471888065338135 0 0 0 0 Pedestrian
-11.616530418395996 4.669403553009033 -1.9191951751708984 0 0 0 0 Pedestrian
-10.804281234741211 -1.9030523300170898 -2.3071038722991943 0 0 0 0 Pedestrian
16.121959686279297 -7.582067966461182 -1.4073294401168823 0 0 0 0 Pedestrian
-17.897241592407227 6.200031757354736 -2.1762583255767822 0 0 0 0 Pedestrian