4.108713626861572 0.9182021021842957 -1.1054800748825073 0 0 0 0 Pedestrian
-4.702030658721924 2.0257067680358887 -1.5173697471618652 0 0 0 0 Pedestrian
5.169142246246338 -0.847733199596405 -1.561797857284546 0 0 0 0 Pedestrian
-5.883281230926514 2.6887686252593994 -1.7394356727600098 0 0 0 0 Pedestrian
-3.2744297981262207 -7.011023998260498 -1.2413779497146606 0 0 0 0 Pedestrian
2.821439504623413 10.081896781921387 -2.062746047973633 0 0 0 0 Pedestrian
5.733859539031982 -5.622909069061279 -1.4817302227020264 0 0 0 0 Pedestrian
10.290291786193848 4.196732997894287 -1.1490505933761597 0 0 0 0 Pedestrian
0.22986596822738647 12.745623588562012 -2.234821319580078 0 0 0 0 Pedestrian
9.741591453552246 5.965030670166016 -2.579976797103882 0 0 0 0 Pedestrian
0.05461178719997406 11.270220756530762 -2.296600580215454 0 0 0 0 Pedestrian
-10.816357612609863 -1.8889883756637573 -2.262568235397339 0 0 0 0 Pedestrian
16.161592483520508 -7.6131911277771 -1.4028083086013794 0 0 0 0 Pedestrian
-26.45623207092285 1.1857200860977173 -1.4419629573822021 0 0 0 0 Pedestrian