5.16477108001709 -0.8441423773765564 -1.5623563528060913 0 0 0 0 Pedestrian
-5.892074108123779 2.692887783050537 -1.7355499267578125 0 0 0 0 Pedestrian
-3.2625482082366943 -7.001708984375 -1.266960859298706 0 0 0 0 Pedestrian
8.398929595947266 3.253962278366089 -1.5287507772445679 0 0 0 0 Pedestrian
2.8266921043395996 10.100481033325195 -2.0668675899505615 0 0 0 0 Pedestrian
5.800592422485352 -5.641415119171143 -1.4931517839431763 0 0 0 0 Pedestrian
9.75935173034668 5.976328372955322 -2.584326982498169 0 0 0 0 Pedestrian
10.316756248474121 4.193692207336426 -1.1533375978469849 0 0 0 0 Pedestrian
0.009483064524829388 11.294586181640625 -2.341355800628662 0 0 0 0 Pedestrian
-10.838558197021484 -1.892359733581543 -2.266709327697754 0 0 0 0 Pedestrian
16.146648406982422 -7.5800628662109375 -1.3913557529449463 0 0 0 0 Pedestrian
-26.385112762451172 1.1364476680755615 -1.4603416919708252 0 0 0 0 Pedestrian