4.185283184051514 1.632659673690796 -1.503157138824463 0 0 0 0 Pedestrian
5.178570747375488 -0.8444928526878357 -1.5808860063552856 0 0 0 0 Pedestrian
-5.869714260101318 2.7538836002349854 -1.745522379875183 0 0 0 0 Pedestrian
-3.2543060779571533 -7.0145649909973145 -1.2662529945373535 0 0 0 0 Pedestrian
-7.985689163208008 2.058185338973999 -2.3025200366973877 0 0 0 0 Pedestrian
9.767786979675293 -5.9297614097595215 -1.309950590133667 0 0 0 0 Pedestrian
10.34643840789795 4.051650524139404 -1.429073452949524 0 0 0 0 Pedestrian
9.724908828735352 5.9848198890686035 -2.5858664512634277 0 0 0 0 Pedestrian
0.2300075888633728 12.748278617858887 -2.2351088523864746 0 0 0 0 Pedestrian
0.009058769792318344 11.304559707641602 -2.343552589416504 0 0 0 0 Pedestrian
-11.597285270690918 4.602912902832031 -1.9122837781906128 0 0 0 0 Pedestrian
16.133371353149414 -7.565478801727295 -1.3669476509094238 0 0 0 0 Pedestrian