5.171419143676758 -0.8468345403671265 -1.5785127878189087 0 0 0 0 Pedestrian
-5.789317607879639 2.7304484844207764 -1.7340335845947266 0 0 0 0 Pedestrian
-3.2687392234802246 -7.01608943939209 -1.267544150352478 0 0 0 0 Pedestrian
9.759161949157715 -5.934435844421387 -1.3551570177078247 0 0 0 0 Pedestrian
10.327890396118164 4.071805477142334 -1.4192978143692017 0 0 0 0 Pedestrian
0.24496552348136902 12.746273040771484 -2.262840986251831 0 0 0 0 Pedestrian
9.722020149230957 5.9830780029296875 -2.5853946208953857 0 0 0 0 Pedestrian
11.558136940002441 3.8957786560058594 -1.3072140216827393 0 0 0 0 Pedestrian
0.009770363569259644 11.293922424316406 -2.341336727142334 0 0 0 0 Pedestrian
6.390666961669922 9.37484359741211 -1.5374609231948853 0 0 0 0 Pedestrian
-11.590239524841309 4.63599157333374 -1.9576762914657593 0 0 0 0 Pedestrian
-13.263442993164062 5.642239570617676 -1.7337740659713745 0 0 0 0 Pedestrian
16.114545822143555 -7.586624622344971 -1.378246545791626 0 0 0 0 Pedestrian
-26.44719696044922 1.1990246772766113 -1.546973466873169 0 0 0 0 Pedestrian