4.30617618560791 1.564380168914795 -1.4962657690048218 0 0 0 0 Pedestrian
5.174197673797607 -0.8479366898536682 -1.5770821571350098 0 0 0 0 Pedestrian
-5.86887788772583 2.7026424407958984 -1.7461155652999878 0 0 0 0 Pedestrian
-3.2629921436309814 -7.002796173095703 -1.2668582201004028 0 0 0 0 Pedestrian
-0.5468601584434509 8.07757568359375 -2.092311382293701 0 0 0 0 Pedestrian
2.822767972946167 10.08647632598877 -2.063750982284546 0 0 0 0 Pedestrian
5.802945137023926 -5.6337890625 -1.4523134231567383 0 0 0 0 Pedestrian
9.732222557067871 -5.949694633483887 -1.3525569438934326 0 0 0 0 Pedestrian
9.744749069213867 5.964282035827637 -2.5489730834960938 0 0 0 0 Pedestrian
0.054187674075365067 11.280059814453125 -2.2989566326141357 0 0 0 0 Pedestrian
6.363307952880859 9.378637313842773 -1.5344371795654297 0 0 0 0 Pedestrian
16.14080810546875 -7.593507766723633 -1.391546368598938 0 0 0 0 Pedestrian