4.199179172515869 1.633126139640808 -1.5113420486450195 0 0 0 0 Pedestrian
5.181299686431885 -0.8274677991867065 -1.5622402429580688 0 0 0 0 Pedestrian
-5.888422966003418 2.738635778427124 -1.7437686920166016 0 0 0 0 Pedestrian
-3.2639081478118896 -7.004931926727295 -1.2672370672225952 0 0 0 0 Pedestrian
9.7495756149292 -5.921839237213135 -1.3093317747116089 0 0 0 0 Pedestrian
10.362781524658203 4.042293548583984 -1.4488294124603271 0 0 0 0 Pedestrian
9.753092765808105 5.969023704528809 -2.5506515502929688 0 0 0 0 Pedestrian
0.2520187497138977 12.736249923706055 -2.24686861038208 0 0 0 0 Pedestrian
-11.602227210998535 4.630144119262695 -1.9257625341415405 0 0 0 0 Pedestrian
7.068221092224121 10.366945266723633 -1.5418521165847778 0 0 0 0 Pedestrian
16.118432998657227 -7.592714309692383 -1.3990142345428467 0 0 0 0 Pedestrian