4.230801105499268 1.613860845565796 -1.5032511949539185 0 0 0 0 Pedestrian
5.169869899749756 -0.846839964389801 -1.5727872848510742 0 0 0 0 Pedestrian
-3.271106243133545 -6.9933319091796875 -1.2385789155960083 0 0 0 0 Pedestrian
5.719570636749268 -5.607497215270996 -1.5554711818695068 0 0 0 0 Pedestrian
10.323936462402344 4.0647292137146 -1.5123547315597534 0 0 0 0 Pedestrian
9.71656322479248 5.9797043800354 -2.5838406085968018 0 0 0 0 Pedestrian
0.009643697179853916 11.305821418762207 -2.343489646911621 0 0 0 0 Pedestrian
-11.59746265411377 4.62850284576416 -1.9248031377792358 0 0 0 0 Pedestrian
16.139663696289062 -7.576929092407227 -1.390881061553955 0 0 0 0 Pedestrian
-26.457937240600586 1.1858223676681519 -1.4420750141143799 0 0 0 0 Pedestrian
-18.189571380615234 21.601713180541992 -1.9017013311386108 0 0 0 0 Pedestrian