4.2331342697143555 1.6010220050811768 -1.5397075414657593 0 0 0 0 Pedestrian
5.179069519042969 -0.8416175246238708 -1.5690927505493164 0 0 0 0 Pedestrian
-3.2585439682006836 -7.000940322875977 -1.264570951461792 0 0 0 0 Pedestrian
9.709436416625977 -5.963998317718506 -1.355191946029663 0 0 0 0 Pedestrian
9.76916790008545 5.97925329208374 -2.55588698387146 0 0 0 0 Pedestrian
0.21272559463977814 12.742685317993164 -2.224867582321167 0 0 0 0 Pedestrian
0.009872151538729668 11.291330337524414 -2.3401076793670654 0 0 0 0 Pedestrian
6.4490461349487305 9.275364875793457 -1.4597522020339966 0 0 0 0 Pedestrian
16.09488296508789 -7.577550411224365 -1.37674081325531 0 0 0 0 Pedestrian
17.838651657104492 -7.774967193603516 -1.3892587423324585 0 0 0 0 Pedestrian
-26.407424926757812 1.137351155281067 -1.4617278575897217 0 0 0 0 Pedestrian