4.206869125366211 1.629464030265808 -1.4889718294143677 0 0 0 0 Pedestrian
5.177241325378418 -0.8424669504165649 -1.576550841331482 0 0 0 0 Pedestrian
-3.2603325843811035 -7.01294469833374 -1.2796217203140259 0 0 0 0 Pedestrian
-0.13935264945030212 9.9553804397583 -2.1259987354278564 0 0 0 0 Pedestrian
9.749680519104004 -5.91851806640625 -1.368005394935608 0 0 0 0 Pedestrian
9.738622665405273 5.960595607757568 -2.5486466884613037 0 0 0 0 Pedestrian
0.21242184937000275 12.737831115722656 -2.2471086978912354 0 0 0 0 Pedestrian
0.054732732474803925 11.267560005187988 -2.2958874702453613 0 0 0 0 Pedestrian
16.12346839904785 -7.601187229156494 -1.3901833295822144 0 0 0 0 Pedestrian
17.720802307128906 -7.8255510330200195 -1.4793123006820679 0 0 0 0 Pedestrian
-26.415517807006836 1.1551393270492554 -1.5540250539779663 0 0 0 0 Pedestrian