4.215269565582275 1.6208083629608154 -1.5005170106887817 0 0 0 0 Pedestrian
5.172275066375732 -0.8362032771110535 -1.5719318389892578 0 0 0 0 Pedestrian
-5.860089302062988 2.748000144958496 -1.7573596239089966 0 0 0 0 Pedestrian
-3.2508604526519775 -6.9924421310424805 -1.2510071992874146 0 0 0 0 Pedestrian
2.8190314769744873 10.073030471801758 -2.0608832836151123 0 0 0 0 Pedestrian
9.742424964904785 -5.926955223083496 -1.3268296718597412 0 0 0 0 Pedestrian
10.33447265625 4.04377555847168 -1.401808261871338 0 0 0 0 Pedestrian
11.541376113891602 3.79268741607666 -1.2990632057189941 0 0 0 0 Pedestrian
7.082788944244385 10.350776672363281 -1.5589978694915771 0 0 0 0 Pedestrian
0.009814398363232613 11.298638343811035 -2.3420629501342773 0 0 0 0 Pedestrian
-11.625042915344238 4.639673233032227 -1.9294610023498535 0 0 0 0 Pedestrian