5.172247409820557 -0.8307958841323853 -1.558624267578125 0 0 0 0 Pedestrian
-5.879302024841309 2.6803979873657227 -1.7376071214675903 0 0 0 0 Pedestrian
7.034748077392578 3.106384038925171 -1.3758717775344849 0 0 0 0 Pedestrian
-3.262497901916504 -7.01755428314209 -1.280679702758789 0 0 0 0 Pedestrian
2.8196499347686768 10.075521469116211 -2.0614514350891113 0 0 0 0 Pedestrian
10.341928482055664 4.034461975097656 -1.4077738523483276 0 0 0 0 Pedestrian
10.692400932312012 5.90064811706543 -1.6268718242645264 0 0 0 0 Pedestrian
-10.835647583007812 -1.8918890953063965 -2.266153573989868 0 0 0 0 Pedestrian
-14.38126277923584 4.69484806060791 -2.023618221282959 0 0 0 0 Pedestrian
16.134057998657227 -7.600165367126465 -1.4004428386688232 0 0 0 0 Pedestrian
-26.416635513305664 1.1379634141921997 -1.2973848581314087 0 0 0 0 Pedestrian