4.208151340484619 1.6300078630447388 -1.512039065361023 0 0 0 0 Pedestrian
5.173071384429932 -0.8435317873954773 -1.5593293905258179 0 0 0 0 Pedestrian
-3.263906717300415 -7.004470348358154 -1.2671691179275513 0 0 0 0 Pedestrian
5.797045707702637 -5.628011226654053 -1.4507719278335571 0 0 0 0 Pedestrian
9.735920906066895 -5.959600925445557 -1.3543869256973267 0 0 0 0 Pedestrian
9.72787094116211 5.986550807952881 -2.586411714553833 0 0 0 0 Pedestrian
0.229984313249588 12.74818229675293 -2.2352592945098877 0 0 0 0 Pedestrian
0.009632514789700508 11.286432266235352 -2.3397135734558105 0 0 0 0 Pedestrian
6.519845008850098 9.536554336547852 -1.4821529388427734 0 0 0 0 Pedestrian
16.14335823059082 -7.594303607940674 -1.3911482095718384 0 0 0 0 Pedestrian
-26.411785125732422 1.1375641822814941 -1.4620025157928467 0 0 0 0 Pedestrian