5.1727519035339355 -0.8312263488769531 -1.574478030204773 0 0 0 0 Pedestrian
-5.890387058258057 2.6908881664276123 -1.7366032600402832 0 0 0 0 Pedestrian
-3.2566769123077393 -6.996977806091309 -1.25299072265625 0 0 0 0 Pedestrian
8.62041187286377 -5.799870491027832 -1.2528024911880493 0 0 0 0 Pedestrian
5.761196136474609 -5.620900630950928 -1.5183123350143433 0 0 0 0 Pedestrian
10.32958984375 4.054434299468994 -1.4249517917633057 0 0 0 0 Pedestrian
9.766828536987305 -6.070532321929932 -1.110948920249939 0 0 0 0 Pedestrian
10.642281532287598 6.000637531280518 -1.5292245149612427 0 0 0 0 Pedestrian
0.00968336034566164 11.29122257232666 -2.340664863586426 0 0 0 0 Pedestrian
16.11673355102539 -7.591793537139893 -1.3988373279571533 0 0 0 0 Pedestrian
-26.415525436401367 1.1552073955535889 -1.5538767576217651 0 0 0 0 Pedestrian
24.03487777709961 -9.24006462097168 -1.0742642879486084 0 0 0 0 Pedestrian