5.177821636199951 -0.8442903757095337 -1.571921467781067 0 0 0 0 Pedestrian
-5.896494388580322 2.6885857582092285 -1.7335549592971802 0 0 0 0 Pedestrian
8.2706880569458 3.2226715087890625 -1.5087578296661377 0 0 0 0 Pedestrian
2.8223233222961426 10.084775924682617 -2.0636231899261475 0 0 0 0 Pedestrian
5.775519847869873 -5.634868621826172 -1.5219287872314453 0 0 0 0 Pedestrian
9.69253921508789 -6.089096546173096 -1.2432619333267212 0 0 0 0 Pedestrian
9.722436904907227 5.982752799987793 -2.5851616859436035 0 0 0 0 Pedestrian
10.323281288146973 4.1390910148620605 -1.1333633661270142 0 0 0 0 Pedestrian
0.054707691073417664 11.273992538452148 -2.2974777221679688 0 0 0 0 Pedestrian
16.175649642944336 -7.593679904937744 -1.3937689065933228 0 0 0 0 Pedestrian
-26.422996520996094 1.1379780769348145 -1.462795376777649 0 0 0 0 Pedestrian