4.076524257659912 1.79121994972229 -1.579163670539856 0 0 0 0 Pedestrian
5.181072235107422 -0.8412798643112183 -1.5659898519515991 0 0 0 0 Pedestrian
-5.874521255493164 2.7904767990112305 -1.7409024238586426 0 0 0 0 Pedestrian
9.758910179138184 -5.924647331237793 -1.3288708925247192 0 0 0 0 Pedestrian
10.324896812438965 4.075314998626709 -1.3962420225143433 0 0 0 0 Pedestrian
0.2665937840938568 12.737459182739258 -2.2758266925811768 0 0 0 0 Pedestrian
-11.290699005126953 -1.626585602760315 -1.7690174579620361 0 0 0 0 Pedestrian
6.400332450866699 9.301217079162598 -1.5306421518325806 0 0 0 0 Pedestrian
-13.232565879821777 5.686172008514404 -1.7379814386367798 0 0 0 0 Pedestrian
16.158050537109375 -7.6120195388793945 -1.402896523475647 0 0 0 0 Pedestrian
-26.37586784362793 1.0901011228561401 -1.341683030128479 0 0 0 0 Pedestrian