4.229622840881348 1.6110798120498657 -1.512008547782898 0 0 0 0 Pedestrian
5.176270008087158 -0.8592762351036072 -1.5816532373428345 0 0 0 0 Pedestrian
-5.871011257171631 2.7530364990234375 -1.7407875061035156 0 0 0 0 Pedestrian
-3.2611453533172607 -6.998929500579834 -1.2664862871170044 0 0 0 0 Pedestrian
10.29633617401123 4.062806606292725 -1.4004560708999634 0 0 0 0 Pedestrian
9.760489463806152 -5.9384965896606445 -1.3326692581176758 0 0 0 0 Pedestrian
0.23006671667099 12.749554634094238 -2.235539197921753 0 0 0 0 Pedestrian
11.604829788208008 3.8043782711029053 -1.3119144439697266 0 0 0 0 Pedestrian
9.728271484375 5.9867777824401855 -2.5867860317230225 0 0 0 0 Pedestrian
-11.647893905639648 4.61242151260376 -1.905142068862915 0 0 0 0 Pedestrian
16.14797592163086 -7.585342884063721 -1.3805352449417114 0 0 0 0 Pedestrian