5.170644760131836 -0.8434125185012817 -1.5714750289916992 0 0 0 0 Pedestrian
-5.88911247253418 2.68483304977417 -1.7407170534133911 0 0 0 0 Pedestrian
-3.257882833480835 -7.007315635681152 -1.2650264501571655 0 0 0 0 Pedestrian
7.810697078704834 3.1587257385253906 -1.5106918811798096 0 0 0 0 Pedestrian
2.8250975608825684 10.094717979431152 -2.0655338764190674 0 0 0 0 Pedestrian
9.732560157775879 -6.129765510559082 -1.1766583919525146 0 0 0 0 Pedestrian
10.390470504760742 4.070525646209717 -1.2362064123153687 0 0 0 0 Pedestrian
9.7273588180542 5.986481666564941 -2.5863592624664307 0 0 0 0 Pedestrian
0.22997961938381195 12.743391990661621 -2.2344181537628174 0 0 0 0 Pedestrian
16.12527847290039 -7.595980167388916 -1.3997976779937744 0 0 0 0 Pedestrian
-26.43717384338379 1.1387845277786255 -1.4640440940856934 0 0 0 0 Pedestrian