5.182999610900879 -0.8356950879096985 -1.5670068264007568 0 0 0 0 Pedestrian
-3.2661564350128174 -7.000455379486084 -1.2243388891220093 0 0 0 0 Pedestrian
-7.977304935455322 2.055946111679077 -2.300136089324951 0 0 0 0 Pedestrian
2.824206829071045 10.091649055480957 -2.064944267272949 0 0 0 0 Pedestrian
5.7445068359375 -5.614102840423584 -1.4817687273025513 0 0 0 0 Pedestrian
9.74000358581543 -5.960788726806641 -1.3439298868179321 0 0 0 0 Pedestrian
10.330265998840332 4.165441036224365 -1.1586477756500244 0 0 0 0 Pedestrian
0.2667680084705353 12.741610527038574 -2.276813268661499 0 0 0 0 Pedestrian
9.748685836791992 5.969588279724121 -2.581904172897339 0 0 0 0 Pedestrian
6.259410381317139 9.324714660644531 -1.520025610923767 0 0 0 0 Pedestrian
16.11932373046875 -7.588904857635498 -1.3784009218215942 0 0 0 0 Pedestrian