4.222548007965088 1.6083498001098633 -1.4755016565322876 0 0 0 0 Pedestrian
5.178971290588379 -0.8446959853172302 -1.5811269283294678 0 0 0 0 Pedestrian
-5.885711193084717 2.7792017459869385 -1.7194207906723022 0 0 0 0 Pedestrian
9.760440826416016 -5.938366889953613 -1.3322968482971191 0 0 0 0 Pedestrian
10.313036918640137 4.088921546936035 -1.434929609298706 0 0 0 0 Pedestrian
9.73823356628418 5.992729663848877 -2.5892560482025146 0 0 0 0 Pedestrian
11.710493087768555 3.8863797187805176 -1.3249560594558716 0 0 0 0 Pedestrian
0.009537543170154095 11.294588088989258 -2.341362476348877 0 0 0 0 Pedestrian
-11.610799789428711 4.572453022003174 -1.9122263193130493 0 0 0 0 Pedestrian
-10.808223724365234 -1.903538465499878 -2.307666301727295 0 0 0 0 Pedestrian
16.111787796020508 -7.579648017883301 -1.3891023397445679 0 0 0 0 Pedestrian
-23.80426597595215 8.25706672668457 -1.9971989393234253 0 0 0 0 Pedestrian