5.179497718811035 -0.8416687846183777 -1.569609522819519 0 0 0 0 Pedestrian
-5.861982345581055 2.7815017700195312 -1.7390868663787842 0 0 0 0 Pedestrian
-3.26063871383667 -7.019853591918945 -1.2779818773269653 0 0 0 0 Pedestrian
2.8239850997924805 10.09069538116455 -2.0647377967834473 0 0 0 0 Pedestrian
9.75588321685791 -5.922787189483643 -1.328162431716919 0 0 0 0 Pedestrian
10.31373405456543 4.0655012130737305 -1.4335248470306396 0 0 0 0 Pedestrian
11.485573768615723 -0.4295268952846527 -1.417985439300537 0 0 0 0 Pedestrian
11.663763046264648 3.8826382160186768 -1.3203449249267578 0 0 0 0 Pedestrian
9.742217063903809 5.965461254119873 -2.580214023590088 0 0 0 0 Pedestrian
-0.005490562412887812 11.290510177612305 -2.287091016769409 0 0 0 0 Pedestrian
6.382290840148926 9.362930297851562 -1.5360146760940552 0 0 0 0 Pedestrian
-11.688301086425781 4.640812873840332 -1.9384764432907104 0 0 0 0 Pedestrian
-13.244707107543945 5.6341633796691895 -1.7314859628677368 0 0 0 0 Pedestrian
16.132482528686523 -7.589273929595947 -1.3904767036437988 0 0 0 0 Pedestrian
-26.42150115966797 1.137927770614624 -1.4627063274383545 0 0 0 0 Pedestrian