5.170584201812744 -0.8441802263259888 -1.5694797039031982 0 0 0 0 Pedestrian
-5.8921685218811035 2.69112491607666 -1.7360707521438599 0 0 0 0 Pedestrian
-3.2592790126800537 -6.987032890319824 -1.250548243522644 0 0 0 0 Pedestrian
8.617376327514648 -5.797789096832275 -1.252407193183899 0 0 0 0 Pedestrian
2.8166072368621826 10.064270973205566 -2.0591466426849365 0 0 0 0 Pedestrian
5.786423206329346 -5.614843845367432 -1.5155655145645142 0 0 0 0 Pedestrian
9.736265182495117 5.959016799926758 -2.547236919403076 0 0 0 0 Pedestrian
10.406136512756348 4.083578586578369 -1.1981287002563477 0 0 0 0 Pedestrian
0.19281022250652313 12.731683731079102 -2.237105369567871 0 0 0 0 Pedestrian
0.009753876365721226 11.291821479797363 -2.3404998779296875 0 0 0 0 Pedestrian
16.13098907470703 -7.577395439147949 -1.3794105052947998 0 0 0 0 Pedestrian