5.182263374328613 -0.8469722867012024 -1.5749235153198242 0 0 0 0 Pedestrian
-5.893337249755859 2.7836389541625977 -1.7340894937515259 0 0 0 0 Pedestrian
-3.249204158782959 -7.008743762969971 -1.2638013362884521 0 0 0 0 Pedestrian
9.750271797180176 -5.9186859130859375 -1.3445311784744263 0 0 0 0 Pedestrian
10.33837890625 4.071697235107422 -1.3599247932434082 0 0 0 0 Pedestrian
9.729212760925293 5.982632160186768 -2.556730031967163 0 0 0 0 Pedestrian
-11.079500198364258 -1.7346436977386475 -1.9539549350738525 0 0 0 0 Pedestrian
7.072820663452148 10.336257934570312 -1.5566117763519287 0 0 0 0 Pedestrian
-11.648991584777832 4.613214015960693 -1.905407190322876 0 0 0 0 Pedestrian
0.05422228202223778 11.278850555419922 -2.2986361980438232 0 0 0 0 Pedestrian
-26.452978134155273 1.185476541519165 -1.4415032863616943 0 0 0 0 Pedestrian