5.167541027069092 -0.8502636551856995 -1.583830714225769 0 0 0 0 Pedestrian
-5.867246627807617 2.7775521278381348 -1.742223858833313 0 0 0 0 Pedestrian
-3.2758424282073975 -7.022000789642334 -1.2569066286087036 0 0 0 0 Pedestrian
5.7956647872924805 -5.636131763458252 -1.4916965961456299 0 0 0 0 Pedestrian
9.756874084472656 -5.923137187957764 -1.3082401752471924 0 0 0 0 Pedestrian
10.302135467529297 4.077080249786377 -1.3849362134933472 0 0 0 0 Pedestrian
9.745518684387207 5.967184543609619 -2.580955982208252 0 0 0 0 Pedestrian
6.371349811553955 9.346866607666016 -1.5333293676376343 0 0 0 0 Pedestrian
-13.237709999084473 5.631210803985596 -1.7309272289276123 0 0 0 0 Pedestrian
16.109487533569336 -7.554295063018799 -1.3648591041564941 0 0 0 0 Pedestrian
-26.394826889038086 1.1368768215179443 -1.4610300064086914 0 0 0 0 Pedestrian