-5.847975254058838 2.7756187915802 -1.7444422245025635 0 0 0 0 Pedestrian
-5.271219253540039 1.763023853302002 -1.4850475788116455 0 0 0 0 Pedestrian
-3.2664947509765625 -7.0085673332214355 -1.224427342414856 0 0 0 0 Pedestrian
2.822871208190918 10.086800575256348 -2.0639891624450684 0 0 0 0 Pedestrian
9.763687133789062 -5.937220573425293 -1.3194291591644287 0 0 0 0 Pedestrian
10.324134826660156 4.07777738571167 -1.372368574142456 0 0 0 0 Pedestrian
11.618715286254883 3.8843536376953125 -1.3157941102981567 0 0 0 0 Pedestrian
0.23004570603370667 12.75049114227295 -2.2355942726135254 0 0 0 0 Pedestrian
9.753595352172852 5.972320079803467 -2.5826032161712646 0 0 0 0 Pedestrian
6.389077663421631 9.373123168945312 -1.5377804040908813 0 0 0 0 Pedestrian
-10.840953826904297 -1.892809271812439 -2.267266035079956 0 0 0 0 Pedestrian
-13.249119758605957 5.636126518249512 -1.7325509786605835 0 0 0 0 Pedestrian
16.091480255126953 -7.586021900177002 -1.3872958421707153 0 0 0 0 Pedestrian