-5.831701278686523 2.746767044067383 -1.7211999893188477 0 0 0 0 Pedestrian
-3.2578375339508057 -7.016140460968018 -1.2687925100326538 0 0 0 0 Pedestrian
2.8198578357696533 10.076333045959473 -2.061725616455078 0 0 0 0 Pedestrian
9.759805679321289 -5.947407245635986 -1.3413084745407104 0 0 0 0 Pedestrian
10.318902969360352 4.082441806793213 -1.4042482376098633 0 0 0 0 Pedestrian
9.728131294250488 5.986548900604248 -2.5866339206695557 0 0 0 0 Pedestrian
11.568346977233887 3.899277925491333 -1.3083550930023193 0 0 0 0 Pedestrian
6.395140647888184 9.381653785705566 -1.5387532711029053 0 0 0 0 Pedestrian
-11.609214782714844 4.601256847381592 -1.9249292612075806 0 0 0 0 Pedestrian
0.05448996275663376 11.274760246276855 -2.297469139099121 0 0 0 0 Pedestrian
-13.26070785522461 5.640920639038086 -1.7338693141937256 0 0 0 0 Pedestrian
16.160564422607422 -7.586343288421631 -1.3919875621795654 0 0 0 0 Pedestrian
-26.4425048828125 1.1616319417953491 -1.4409821033477783 0 0 0 0 Pedestrian