4.298295974731445 1.5895256996154785 -1.5137724876403809 0 0 0 0 Pedestrian
5.169711112976074 -0.8432909250259399 -1.5762091875076294 0 0 0 0 Pedestrian
-5.886375427246094 2.720327615737915 -1.7289272546768188 0 0 0 0 Pedestrian
7.889560222625732 -2.0298640727996826 -1.012988805770874 0 0 0 0 Pedestrian
5.803366661071777 -5.6341776847839355 -1.452474594116211 0 0 0 0 Pedestrian
9.734904289245605 -5.951335906982422 -1.3533083200454712 0 0 0 0 Pedestrian
9.750612258911133 5.970893383026123 -2.5826072692871094 0 0 0 0 Pedestrian
0.21266208589076996 12.736567497253418 -2.223787546157837 0 0 0 0 Pedestrian
0.0546780489385128 11.270371437072754 -2.2964813709259033 0 0 0 0 Pedestrian
6.327436923980713 9.363890647888184 -1.5297259092330933 0 0 0 0 Pedestrian
16.11974334716797 -7.5893049240112305 -1.3786710500717163 0 0 0 0 Pedestrian
-24.20639419555664 6.583591461181641 -1.722158432006836 0 0 0 0 Pedestrian
-18.189048767089844 21.582950592041016 -1.9550540447235107 0 0 0 0 Pedestrian