4.2010369300842285 1.6305699348449707 -1.5144068002700806 0 0 0 0 Pedestrian
-5.871332168579102 2.724731922149658 -1.7535851001739502 0 0 0 0 Pedestrian
-3.2581887245178223 -7.0083136558532715 -1.2786180973052979 0 0 0 0 Pedestrian
5.80233907699585 -5.63304328918457 -1.4519422054290771 0 0 0 0 Pedestrian
9.733316421508789 5.989701271057129 -2.587892770767212 0 0 0 0 Pedestrian
0.23000071942806244 12.75278377532959 -2.2360448837280273 0 0 0 0 Pedestrian
0.009604443795979023 11.292637825012207 -2.340947389602661 0 0 0 0 Pedestrian
-11.635246276855469 4.580874443054199 -1.8885067701339722 0 0 0 0 Pedestrian
-10.859922409057617 -1.9390490055084229 -2.3179221153259277 0 0 0 0 Pedestrian
16.15048599243164 -7.586944580078125 -1.381125569343567 0 0 0 0 Pedestrian
-26.4157657623291 1.1377841234207153 -1.4622513055801392 0 0 0 0 Pedestrian