4.184655666351318 1.6419984102249146 -1.5211740732192993 0 0 0 0 Pedestrian
5.175220012664795 -0.8467694520950317 -1.5639479160308838 0 0 0 0 Pedestrian
-5.86704683303833 2.7306251525878906 -1.7626540660858154 0 0 0 0 Pedestrian
2.823211908340454 10.087992668151855 -2.0641376972198486 0 0 0 0 Pedestrian
9.729857444763184 -5.933834075927734 -1.3432904481887817 0 0 0 0 Pedestrian
9.748930931091309 5.966832637786865 -2.5502965450286865 0 0 0 0 Pedestrian
0.23009763658046722 12.751936912536621 -2.2358391284942627 0 0 0 0 Pedestrian
-11.59276294708252 4.695311546325684 -1.917023777961731 0 0 0 0 Pedestrian
-12.214713096618652 5.82996129989624 -2.0264387130737305 0 0 0 0 Pedestrian
6.990103721618652 10.402853965759277 -1.5692822933197021 0 0 0 0 Pedestrian
16.117006301879883 -7.598202705383301 -1.3897473812103271 0 0 0 0 Pedestrian
-26.397090911865234 1.1367913484573364 -1.4610322713851929 0 0 0 0 Pedestrian