4.208171367645264 1.6363939046859741 -1.5127222537994385 0 0 0 0 Pedestrian
5.173777103424072 -0.8408463597297668 -1.564919352531433 0 0 0 0 Pedestrian
-5.859739780426025 2.7300429344177246 -1.7659069299697876 0 0 0 0 Pedestrian
-3.2707505226135254 -7.003171443939209 -1.2399808168411255 0 0 0 0 Pedestrian
10.29969596862793 4.070795059204102 -1.4249752759933472 0 0 0 0 Pedestrian
9.71745777130127 5.980443477630615 -2.584195137023926 0 0 0 0 Pedestrian
0.2298325151205063 12.744915008544922 -2.234611988067627 0 0 0 0 Pedestrian
-11.589296340942383 4.625214576721191 -1.9236541986465454 0 0 0 0 Pedestrian
0.05445336550474167 11.276167869567871 -2.298062562942505 0 0 0 0 Pedestrian
16.127275466918945 -7.586477756500244 -1.3898472785949707 0 0 0 0 Pedestrian
-26.415271759033203 1.1376460790634155 -1.4623258113861084 0 0 0 0 Pedestrian