4.221624374389648 1.627698302268982 -1.4908207654953003 0 0 0 0 Pedestrian
5.17027473449707 -0.848189651966095 -1.562665581703186 0 0 0 0 Pedestrian
-3.2691404819488525 -7.0156073570251465 -1.269338846206665 0 0 0 0 Pedestrian
-8.596612930297852 3.0067052841186523 -1.8680974245071411 0 0 0 0 Pedestrian
9.747245788574219 -5.931568622589111 -1.327039361000061 0 0 0 0 Pedestrian
9.740462303161621 5.960989475250244 -2.548009157180786 0 0 0 0 Pedestrian
0.23000380396842957 12.747591972351074 -2.2351667881011963 0 0 0 0 Pedestrian
6.517151355743408 9.532730102539062 -1.4815596342086792 0 0 0 0 Pedestrian
-10.824045181274414 -1.9059336185455322 -2.310286283493042 0 0 0 0 Pedestrian
16.14156150817871 -7.577712059020996 -1.3912016153335571 0 0 0 0 Pedestrian
-26.444284439086914 1.1850662231445312 -1.4410884380340576 0 0 0 0 Pedestrian