4.207772731781006 1.6315711736679077 -1.5175440311431885 0 0 0 0 Pedestrian
5.176697254180908 -0.8377150893211365 -1.5738378763198853 0 0 0 0 Pedestrian
-3.2672598361968994 -7.011676788330078 -1.2685467004776 0 0 0 0 Pedestrian
2.822904586791992 10.086610794067383 -2.064227342605591 0 0 0 0 Pedestrian
9.745339393615723 -5.943288326263428 -1.3458962440490723 0 0 0 0 Pedestrian
0.2298261970281601 12.744661331176758 -2.234525442123413 0 0 0 0 Pedestrian
9.744922637939453 5.997003555297852 -2.5910143852233887 0 0 0 0 Pedestrian
0.009876509197056293 11.287134170532227 -2.339601516723633 0 0 0 0 Pedestrian
-12.265390396118164 5.847551345825195 -2.010467052459717 0 0 0 0 Pedestrian
-11.642172813415527 4.583815574645996 -1.8897390365600586 0 0 0 0 Pedestrian
7.002901554107666 10.362288475036621 -1.5356508493423462 0 0 0 0 Pedestrian
-10.817802429199219 -1.904942274093628 -2.3092498779296875 0 0 0 0 Pedestrian
16.137874603271484 -7.580789089202881 -1.3802284002304077 0 0 0 0 Pedestrian
-26.386991500854492 1.090352177619934 -1.3423211574554443 0 0 0 0 Pedestrian