3.4721872806549072 1.5761771202087402 -1.3287235498428345 0 0 0 0 Pedestrian
4.343638896942139 1.5296146869659424 -1.5284090042114258 0 0 0 0 Pedestrian
5.176878452301025 -0.845949113368988 -1.581212043762207 0 0 0 0 Pedestrian
-3.2617030143737793 -7.022373199462891 -1.2783079147338867 0 0 0 0 Pedestrian
9.766846656799316 -5.929239273071289 -1.3098068237304688 0 0 0 0 Pedestrian
10.304913520812988 4.081153392791748 -1.3872957229614258 0 0 0 0 Pedestrian
9.731144905090332 5.988532066345215 -2.5876190662384033 0 0 0 0 Pedestrian
-0.03672508895397186 11.306227684020996 -2.2981913089752197 0 0 0 0 Pedestrian
-11.60203742980957 4.599110126495361 -1.9241360425949097 0 0 0 0 Pedestrian
7.021892547607422 10.389941215515137 -1.5400209426879883 0 0 0 0 Pedestrian
13.658991813659668 9.086101531982422 -1.5457329750061035 0 0 0 0 Pedestrian
16.10651206970215 -7.5832343101501465 -1.3778722286224365 0 0 0 0 Pedestrian
-26.37272834777832 1.0900325775146484 -1.3415749073028564 0 0 0 0 Pedestrian