5.174476623535156 -0.8397716879844666 -1.5708483457565308 0 0 0 0 Pedestrian
-5.890307903289795 2.6856849193573 -1.7318463325500488 0 0 0 0 Pedestrian
-3.2647931575775146 -7.006560802459717 -1.2678728103637695 0 0 0 0 Pedestrian
2.8206937313079834 10.078753471374512 -2.062310218811035 0 0 0 0 Pedestrian
5.771155834197998 -5.618898391723633 -1.4200795888900757 0 0 0 0 Pedestrian
9.743844032287598 5.992275714874268 -2.5608649253845215 0 0 0 0 Pedestrian
10.322392463684082 4.146764278411865 -1.1286349296569824 0 0 0 0 Pedestrian
0.009460589848458767 11.29439640045166 -2.3411951065063477 0 0 0 0 Pedestrian
16.151906967163086 -7.582310676574707 -1.3918700218200684 0 0 0 0 Pedestrian
19.850996017456055 2.9419872760772705 -1.9248979091644287 0 0 0 0 Pedestrian
-26.42975616455078 1.1559700965881348 -1.5555284023284912 0 0 0 0 Pedestrian