4.297874927520752 1.5726546049118042 -1.4796897172927856 0 0 0 0 Pedestrian
5.177206039428711 -0.8344196677207947 -1.5634522438049316 0 0 0 0 Pedestrian
10.14922046661377 3.378614902496338 -1.909654140472412 0 0 0 0 Pedestrian
5.798392295837402 -5.629254341125488 -1.4508020877838135 0 0 0 0 Pedestrian
10.301812171936035 4.059946537017822 -1.4985027313232422 0 0 0 0 Pedestrian
9.731358528137207 -5.95025634765625 -1.3348422050476074 0 0 0 0 Pedestrian
9.754547119140625 5.9704461097717285 -2.5515620708465576 0 0 0 0 Pedestrian
0.054658595472574234 11.267632484436035 -2.296180009841919 0 0 0 0 Pedestrian
6.342445373535156 9.347967147827148 -1.529486060142517 0 0 0 0 Pedestrian
-14.379076957702637 4.694079399108887 -2.0231611728668213 0 0 0 0 Pedestrian
16.150861740112305 -7.5693817138671875 -1.3803597688674927 0 0 0 0 Pedestrian