4.20454740524292 1.631381869316101 -1.5153676271438599 0 0 0 0 Pedestrian
5.178771018981934 -0.8342161774635315 -1.5568478107452393 0 0 0 0 Pedestrian
-3.265054702758789 -7.007256984710693 -1.2677624225616455 0 0 0 0 Pedestrian
5.804238796234131 -5.632176876068115 -1.5208842754364014 0 0 0 0 Pedestrian
7.930039405822754 -1.967598557472229 -1.0620496273040771 0 0 0 0 Pedestrian
0.24500848352909088 12.74500560760498 -2.262481212615967 0 0 0 0 Pedestrian
9.73792839050293 6.014601707458496 -2.553743839263916 0 0 0 0 Pedestrian
6.405020713806152 9.194364547729492 -1.437269926071167 0 0 0 0 Pedestrian
-11.599020957946777 4.694108486175537 -1.9031370878219604 0 0 0 0 Pedestrian
16.13569450378418 -7.579890251159668 -1.380092740058899 0 0 0 0 Pedestrian
-26.3817138671875 1.0903972387313843 -1.3419896364212036 0 0 0 0 Pedestrian