5.177701950073242 -0.8346832394599915 -1.566146969795227 0 0 0 0 Pedestrian
-5.812763690948486 2.6983394622802734 -1.7484540939331055 0 0 0 0 Pedestrian
-3.2637779712677 -7.012688159942627 -1.2797775268554688 0 0 0 0 Pedestrian
0.749047577381134 8.662257194519043 -1.983872890472412 0 0 0 0 Pedestrian
10.311565399169922 4.044965744018555 -1.4568958282470703 0 0 0 0 Pedestrian
9.726637840270996 5.985629081726074 -2.5865511894226074 0 0 0 0 Pedestrian
-11.585322380065918 4.674582004547119 -1.8999978303909302 0 0 0 0 Pedestrian
6.983409881591797 10.392724990844727 -1.5680720806121826 0 0 0 0 Pedestrian
13.784490585327148 9.165205001831055 -1.474219799041748 0 0 0 0 Pedestrian
16.123186111450195 -7.58482551574707 -1.38974928855896 0 0 0 0 Pedestrian
17.00313377380371 2.6420938968658447 -1.7909520864486694 0 0 0 0 Pedestrian