-3.8047690391540527 -2.3545782566070557 -1.3745274543762207 0 0 0 0 Pedestrian
0.5011168718338013 6.846101760864258 -1.9502081871032715 0 0 0 0 Pedestrian
-5.693966388702393 2.7292778491973877 -1.7296267747879028 0 0 0 0 Pedestrian
7.896952152252197 -2.031534433364868 -1.0144579410552979 0 0 0 0 Pedestrian
10.344303131103516 4.044262886047363 -1.3881375789642334 0 0 0 0 Pedestrian
9.718280792236328 5.9670891761779785 -2.611579656600952 0 0 0 0 Pedestrian
-0.011512285098433495 11.300292015075684 -2.219489812850952 0 0 0 0 Pedestrian
12.493929862976074 -6.791064739227295 -1.4742573499679565 0 0 0 0 Pedestrian
16.18838882446289 -7.553835868835449 -1.337575912475586 0 0 0 0 Pedestrian
17.127334594726562 2.5377914905548096 -1.9610041379928589 0 0 0 0 Pedestrian
19.90882110595703 2.9505062103271484 -1.9313468933105469 0 0 0 0 Pedestrian