5.186619281768799 -0.8338638544082642 -1.5551373958587646 0 0 0 0 Pedestrian
-5.828540325164795 2.7205774784088135 -1.735722303390503 0 0 0 0 Pedestrian
0.9536985754966736 9.440616607666016 -2.0266435146331787 0 0 0 0 Pedestrian
10.32271957397461 4.052087783813477 -1.4165323972702026 0 0 0 0 Pedestrian
9.742794036865234 -6.101659297943115 -1.153702735900879 0 0 0 0 Pedestrian
0.2300395965576172 12.75036907196045 -2.235521078109741 0 0 0 0 Pedestrian
9.743668556213379 5.965912342071533 -2.5804874897003174 0 0 0 0 Pedestrian
-11.623470306396484 4.60327672958374 -1.9015148878097534 0 0 0 0 Pedestrian
0.009691698476672173 11.291447639465332 -2.340662717819214 0 0 0 0 Pedestrian
-10.85435962677002 -1.895370602607727 -2.2703864574432373 0 0 0 0 Pedestrian
13.910867691040039 -1.4228700399398804 -1.5480880737304688 0 0 0 0 Pedestrian