0.9735799431800842 5.561488151550293 -1.7397944927215576 0 0 0 0 Pedestrian
-5.219840049743652 -1.9830117225646973 -1.617396354675293 0 0 0 0 Pedestrian
5.171273231506348 -0.8385626077651978 -1.562645435333252 0 0 0 0 Pedestrian
-5.893281936645508 2.704420566558838 -1.7339699268341064 0 0 0 0 Pedestrian
-3.2617545127868652 -7.000072956085205 -1.2665473222732544 0 0 0 0 Pedestrian
2.8209660053253174 10.080252647399902 -2.0623669624328613 0 0 0 0 Pedestrian
5.759110927581787 -5.618454456329346 -1.5165257453918457 0 0 0 0 Pedestrian
10.306530952453613 4.051578044891357 -1.4759621620178223 0 0 0 0 Pedestrian
9.750906944274902 5.9679131507873535 -2.551231861114502 0 0 0 0 Pedestrian
0.009690644219517708 11.308185577392578 -2.344119071960449 0 0 0 0 Pedestrian
-10.860716819763184 -1.897088885307312 -2.272425651550293 0 0 0 0 Pedestrian
13.755148887634277 9.192337036132812 -1.473583698272705 0 0 0 0 Pedestrian
-26.433687210083008 1.1559154987335205 -1.55514657497406 0 0 0 0 Pedestrian