2.542353868484497 4.1764750480651855 -1.5494320392608643 0 0 0 0 Pedestrian
5.173386096954346 -0.8386610746383667 -1.5737556219100952 0 0 0 0 Pedestrian
-7.352810859680176 -1.457270860671997 -1.4656447172164917 0 0 0 0 Pedestrian
-3.2715015411376953 -7.020611763000488 -1.2704583406448364 0 0 0 0 Pedestrian
10.309725761413574 4.0497541427612305 -1.5284680128097534 0 0 0 0 Pedestrian
9.749509811401367 -6.090337753295898 -1.139894962310791 0 0 0 0 Pedestrian
9.726683616638184 5.985296726226807 -2.586242437362671 0 0 0 0 Pedestrian
0.21258530020713806 12.736924171447754 -2.246894598007202 0 0 0 0 Pedestrian
0.009696125984191895 11.290305137634277 -2.3401408195495605 0 0 0 0 Pedestrian
16.150671005249023 -7.607901573181152 -1.4017530679702759 0 0 0 0 Pedestrian
-26.452438354492188 1.1189968585968018 -1.4649279117584229 0 0 0 0 Pedestrian