3.1805624961853027 3.676072120666504 -1.5530389547348022 0 0 0 0 Pedestrian
5.169562339782715 -0.8376819491386414 -1.5705300569534302 0 0 0 0 Pedestrian
-3.254444122314453 -6.999626159667969 -1.2640618085861206 0 0 0 0 Pedestrian
-7.983443260192871 -0.8952582478523254 -1.510568380355835 0 0 0 0 Pedestrian
5.77789306640625 -5.637111663818359 -1.5225720405578613 0 0 0 0 Pedestrian
10.324873924255371 4.061679840087891 -1.4475924968719482 0 0 0 0 Pedestrian
9.742720603942871 5.991184711456299 -2.560246229171753 0 0 0 0 Pedestrian
0.21264193952083588 12.740829467773438 -2.224714756011963 0 0 0 0 Pedestrian
0.009477164596319199 11.29841423034668 -2.342036008834839 0 0 0 0 Pedestrian
13.77869701385498 9.161240577697754 -1.4741199016571045 0 0 0 0 Pedestrian
16.179317474365234 -7.568378925323486 -1.3373233079910278 0 0 0 0 Pedestrian