-2.3771276473999023 -2.7058069705963135 -1.2062413692474365 0 0 0 0 Pedestrian
-5.824289798736572 2.711771011352539 -1.733782172203064 0 0 0 0 Pedestrian
-3.259538173675537 -7.003592014312744 -1.2531691789627075 0 0 0 0 Pedestrian
0.6683465242385864 8.312057495117188 -1.9930832386016846 0 0 0 0 Pedestrian
5.796463489532471 -5.627463340759277 -1.4506971836090088 0 0 0 0 Pedestrian
10.309113502502441 4.054924488067627 -1.4122334718704224 0 0 0 0 Pedestrian
0.2448294758796692 12.743432998657227 -2.262065887451172 0 0 0 0 Pedestrian
9.742003440856934 5.981403827667236 -2.6177313327789307 0 0 0 0 Pedestrian
0.05489285662770271 11.271951675415039 -2.2968525886535645 0 0 0 0 Pedestrian
-11.591439247131348 4.694554328918457 -1.916514277458191 0 0 0 0 Pedestrian
-10.816141128540039 -1.9049068689346313 -2.309298276901245 0 0 0 0 Pedestrian
17.072608947753906 2.588430166244507 -1.880426049232483 0 0 0 0 Pedestrian
-18.149370193481445 21.68511962890625 -1.8891788721084595 0 0 0 0 Pedestrian