2.989543914794922 3.8020293712615967 -1.5578205585479736 0 0 0 0 Pedestrian
5.168811321258545 -0.8516092300415039 -1.569162368774414 0 0 0 0 Pedestrian
-5.893863677978516 2.7010929584503174 -1.7327746152877808 0 0 0 0 Pedestrian
-3.2666170597076416 -7.010405540466309 -1.268399953842163 0 0 0 0 Pedestrian
-8.565092086791992 3.007058620452881 -1.8152437210083008 0 0 0 0 Pedestrian
-7.856658935546875 -1.038033366203308 -1.450506329536438 0 0 0 0 Pedestrian
8.602214813232422 -5.783917427062988 -1.2868903875350952 0 0 0 0 Pedestrian
10.289900779724121 4.061985969543457 -1.431829571723938 0 0 0 0 Pedestrian
9.745522499084473 -6.103354454040527 -1.1540993452072144 0 0 0 0 Pedestrian
-11.875056266784668 4.868652820587158 -1.8262724876403809 0 0 0 0 Pedestrian
9.738096237182617 5.9883880615234375 -2.5592246055603027 0 0 0 0 Pedestrian
0.054993122816085815 11.27490520477295 -2.297377586364746 0 0 0 0 Pedestrian
13.804285049438477 9.172454833984375 -1.4256247282028198 0 0 0 0 Pedestrian