-3.037806987762451 -2.5569071769714355 -1.2952760457992554 0 0 0 0 Pedestrian
4.178092002868652 1.6668972969055176 -1.5024904012680054 0 0 0 0 Pedestrian
5.165008544921875 -0.8439152836799622 -1.5771315097808838 0 0 0 0 Pedestrian
-5.782985210418701 2.735356569290161 -1.754119873046875 0 0 0 0 Pedestrian
-3.255772352218628 -7.00260066986084 -1.2644208669662476 0 0 0 0 Pedestrian
-8.322059631347656 -2.681870222091675 -1.2399126291275024 0 0 0 0 Pedestrian
10.357104301452637 4.032354831695557 -1.447287917137146 0 0 0 0 Pedestrian
9.748176574707031 5.99424409866333 -2.5620932579040527 0 0 0 0 Pedestrian
0.2073998898267746 12.75279712677002 -2.2043471336364746 0 0 0 0 Pedestrian
-11.555986404418945 4.687402725219727 -1.9380369186401367 0 0 0 0 Pedestrian
6.988917350769043 10.401026725769043 -1.568982481956482 0 0 0 0 Pedestrian
-10.823624610900879 -1.905840277671814 -2.3103814125061035 0 0 0 0 Pedestrian
16.14264488220215 -7.565685272216797 -1.3801066875457764 0 0 0 0 Pedestrian
17.102996826171875 2.6103947162628174 -1.9643980264663696 0 0 0 0 Pedestrian
-26.433752059936523 1.1562427282333374 -1.5556037425994873 0 0 0 0 Pedestrian