-3.26434588432312 -2.5485286712646484 -1.3655825853347778 0 0 0 0 Pedestrian
4.19031286239624 1.6440728902816772 -1.4852834939956665 0 0 0 0 Pedestrian
-5.770020961761475 2.7332210540771484 -1.7455337047576904 0 0 0 0 Pedestrian
-3.265014886856079 -7.007099628448486 -1.2678565979003906 0 0 0 0 Pedestrian
-8.575706481933594 3.0071399211883545 -1.8394296169281006 0 0 0 0 Pedestrian
2.8185811042785645 10.071744918823242 -2.0606908798217773 0 0 0 0 Pedestrian
10.31076717376709 4.0583014488220215 -1.4987765550613403 0 0 0 0 Pedestrian
9.736409187316895 6.002685546875 -2.589513063430786 0 0 0 0 Pedestrian
-11.62092399597168 4.616272449493408 -1.927188515663147 0 0 0 0 Pedestrian
-10.821346282958984 -1.890095829963684 -2.2641918659210205 0 0 0 0 Pedestrian
13.800577163696289 9.170065879821777 -1.4252787828445435 0 0 0 0 Pedestrian
16.169925689697266 -7.545191287994385 -1.3359017372131348 0 0 0 0 Pedestrian
17.105527877807617 2.583893299102783 -1.923454761505127 0 0 0 0 Pedestrian
17.76095962524414 -7.741021156311035 -1.383318305015564 0 0 0 0 Pedestrian
-26.44405174255371 1.122096061706543 -1.497238039970398 0 0 0 0 Pedestrian
-18.15817642211914 21.652299880981445 -1.8314701318740845 0 0 0 0 Pedestrian