1.2848191261291504 5.071264266967773 -1.6404389142990112 0 0 0 0 Pedestrian
5.171703815460205 -0.8554044961929321 -1.5788456201553345 0 0 0 0 Pedestrian
-3.259413480758667 -7.003356456756592 -1.2530134916305542 0 0 0 0 Pedestrian
-7.425122261047363 -2.6210145950317383 -2.111703634262085 0 0 0 0 Pedestrian
10.292730331420898 4.040472984313965 -1.4963865280151367 0 0 0 0 Pedestrian
9.743460655212402 -6.044344902038574 -1.098860263824463 0 0 0 0 Pedestrian
0.24519458413124084 12.750898361206055 -2.2635796070098877 0 0 0 0 Pedestrian
9.758513450622559 5.975210666656494 -2.5842785835266113 0 0 0 0 Pedestrian
0.00984225980937481 11.294203758239746 -2.34102725982666 0 0 0 0 Pedestrian
16.13895034790039 -7.592221260070801 -1.3910340070724487 0 0 0 0 Pedestrian
-26.44649314880371 1.1566805839538574 -1.5564707517623901 0 0 0 0 Pedestrian