1.1830244064331055 5.149917125701904 -1.6691222190856934 0 0 0 0 Pedestrian
5.171606540679932 -0.8467877507209778 -1.5914058685302734 0 0 0 0 Pedestrian
-5.879554748535156 2.6758854389190674 -1.739594578742981 0 0 0 0 Pedestrian
1.1037931442260742 7.440527439117432 -2.4248197078704834 0 0 0 0 Pedestrian
-3.268357753753662 -7.006487846374512 -1.2542282342910767 0 0 0 0 Pedestrian
-7.458675384521484 -2.6024091243743896 -1.9486713409423828 0 0 0 0 Pedestrian
2.8230772018432617 10.08764362335205 -2.064100503921509 0 0 0 0 Pedestrian
10.316657066345215 4.04194974899292 -1.4388564825057983 0 0 0 0 Pedestrian
9.734146118164062 5.985686302185059 -2.557683229446411 0 0 0 0 Pedestrian
13.752394676208496 9.119494438171387 -1.536524772644043 0 0 0 0 Pedestrian
16.185415267944336 -7.568157196044922 -1.3525389432907104 0 0 0 0 Pedestrian
-26.467729568481445 1.2000724077224731 -1.5485361814498901 0 0 0 0 Pedestrian
-18.1583251953125 21.65242576599121 -1.831594467163086 0 0 0 0 Pedestrian