-2.268707752227783 -2.7383389472961426 -1.2009518146514893 0 0 0 0 Pedestrian
5.179349422454834 -0.8447226881980896 -1.5668091773986816 0 0 0 0 Pedestrian
-5.803328037261963 2.706378936767578 -1.7441643476486206 0 0 0 0 Pedestrian
0.691143810749054 8.4532470703125 -1.9779353141784668 0 0 0 0 Pedestrian
10.304929733276367 4.072919845581055 -1.443170189857483 0 0 0 0 Pedestrian
0.22985948622226715 12.742704391479492 -2.234114170074463 0 0 0 0 Pedestrian
9.741471290588379 5.981193542480469 -2.6177873611450195 0 0 0 0 Pedestrian
-11.60200023651123 4.604826927185059 -1.9130302667617798 0 0 0 0 Pedestrian
13.931167602539062 -1.4939367771148682 -1.550621747970581 0 0 0 0 Pedestrian
16.1595516204834 -7.612279415130615 -1.4026633501052856 0 0 0 0 Pedestrian
17.028112411499023 2.590196132659912 -1.8607304096221924 0 0 0 0 Pedestrian
-26.423452377319336 1.1382943391799927 -1.2977919578552246 0 0 0 0 Pedestrian