3.725719451904297 3.4766552448272705 -1.5440016984939575 0 0 0 0 Pedestrian
5.175779819488525 -0.8464152216911316 -1.57760488986969 0 0 0 0 Pedestrian
-5.900020599365234 2.692633628845215 -1.7368463277816772 0 0 0 0 Pedestrian
-3.262218952178955 -7.000936985015869 -1.266784906387329 0 0 0 0 Pedestrian
2.824672222137451 10.093324661254883 -2.065166473388672 0 0 0 0 Pedestrian
5.835696697235107 -5.634721279144287 -1.464309573173523 0 0 0 0 Pedestrian
10.311993598937988 4.040896415710449 -1.4894375801086426 0 0 0 0 Pedestrian
9.72324275970459 5.983739852905273 -2.5852811336517334 0 0 0 0 Pedestrian
0.2121276706457138 12.72312068939209 -2.24419903755188 0 0 0 0 Pedestrian
0.0545564740896225 11.268409729003906 -2.296109676361084 0 0 0 0 Pedestrian
13.932975769042969 -1.4684653282165527 -1.6908693313598633 0 0 0 0 Pedestrian
13.796921730041504 9.233779907226562 -1.427288293838501 0 0 0 0 Pedestrian
16.174549102783203 -7.563170433044434 -1.351578712463379 0 0 0 0 Pedestrian
-26.382572174072266 1.090252161026001 -1.3421094417572021 0 0 0 0 Pedestrian
-18.186546325683594 21.580236434936523 -1.9549264907836914 0 0 0 0 Pedestrian