4.179283142089844 1.6421732902526855 -1.4796417951583862 0 0 0 0 Pedestrian
1.562443733215332 4.8609299659729 -1.6271421909332275 0 0 0 0 Pedestrian
5.172908306121826 -0.8411946892738342 -1.572144865989685 0 0 0 0 Pedestrian
-5.882420539855957 2.677280902862549 -1.7406394481658936 0 0 0 0 Pedestrian
-8.588022232055664 3.01151180267334 -1.8422555923461914 0 0 0 0 Pedestrian
10.301210403442383 4.033699989318848 -1.5058516263961792 0 0 0 0 Pedestrian
0.22997917234897614 12.746564865112305 -2.2348413467407227 0 0 0 0 Pedestrian
9.762097358703613 5.93718147277832 -2.5725388526916504 0 0 0 0 Pedestrian
0.009747415781021118 11.290525436401367 -2.3401529788970947 0 0 0 0 Pedestrian
16.114519119262695 -7.606029987335205 -1.3717198371887207 0 0 0 0 Pedestrian
-26.465890884399414 1.1998419761657715 -1.5480347871780396 0 0 0 0 Pedestrian