3.916276216506958 3.3837742805480957 -1.580109715461731 0 0 0 0 Pedestrian
5.181685924530029 -0.843755841255188 -1.5876080989837646 0 0 0 0 Pedestrian
-5.8956170082092285 2.694685697555542 -1.7417727708816528 0 0 0 0 Pedestrian
-3.2538604736328125 -7.005492210388184 -1.2751954793930054 0 0 0 0 Pedestrian
-8.31923770904541 -0.6972192525863647 -1.5012420415878296 0 0 0 0 Pedestrian
7.881977081298828 -1.9934228658676147 -1.0296825170516968 0 0 0 0 Pedestrian
10.358071327209473 4.045625686645508 -1.466346025466919 0 0 0 0 Pedestrian
9.739692687988281 -6.053058624267578 -1.1079578399658203 0 0 0 0 Pedestrian
9.742714881896973 5.991276264190674 -2.5603442192077637 0 0 0 0 Pedestrian
14.00256633758545 -1.360673427581787 -1.7331112623214722 0 0 0 0 Pedestrian
13.799236297607422 9.174955368041992 -1.4757976531982422 0 0 0 0 Pedestrian
16.161561965942383 -7.541125774383545 -1.3354151248931885 0 0 0 0 Pedestrian
-26.36724090576172 1.0549730062484741 -1.2946690320968628 0 0 0 0 Pedestrian