0.580788791179657 6.348453044891357 -1.841338872909546 0 0 0 0 Pedestrian
-4.26646614074707 -2.294337511062622 -1.6090030670166016 0 0 0 0 Pedestrian
5.167142391204834 -0.8541489243507385 -1.5752239227294922 0 0 0 0 Pedestrian
-5.732564926147461 2.721036672592163 -1.72097647190094 0 0 0 0 Pedestrian
-3.2634763717651367 -7.004452228546143 -1.25261390209198 0 0 0 0 Pedestrian
2.8206281661987305 10.078811645507812 -2.0621232986450195 0 0 0 0 Pedestrian
10.29903507232666 4.0539093017578125 -1.4375020265579224 0 0 0 0 Pedestrian
9.73409652709961 5.985694408416748 -2.557870864868164 0 0 0 0 Pedestrian
-12.121109008789062 5.55319881439209 -1.7404524087905884 0 0 0 0 Pedestrian
0.009656621143221855 11.299698829650879 -2.3424031734466553 0 0 0 0 Pedestrian
-10.822689056396484 -1.8901338577270508 -2.2643415927886963 0 0 0 0 Pedestrian
13.78730297088623 9.167038917541504 -1.4745676517486572 0 0 0 0 Pedestrian
12.512577056884766 -6.774864673614502 -1.4876432418823242 0 0 0 0 Pedestrian