-3.3901093006134033 -2.5241405963897705 -1.3862435817718506 0 0 0 0 Pedestrian
4.2025861740112305 1.643459439277649 -1.4686107635498047 0 0 0 0 Pedestrian
5.181829452514648 -0.8418956995010376 -1.5739572048187256 0 0 0 0 Pedestrian
-5.765152454376221 2.731010913848877 -1.744644045829773 0 0 0 0 Pedestrian
-3.2656540870666504 -7.008545398712158 -1.2543679475784302 0 0 0 0 Pedestrian
10.317601203918457 4.053112506866455 -1.4674484729766846 0 0 0 0 Pedestrian
9.750968933105469 5.995948314666748 -2.562021017074585 0 0 0 0 Pedestrian
0.05444313958287239 11.267545700073242 -2.2959423065185547 0 0 0 0 Pedestrian
-11.5812349319458 4.604689121246338 -1.9472147226333618 0 0 0 0 Pedestrian
17.147645950317383 2.5175578594207764 -1.9880870580673218 0 0 0 0 Pedestrian
16.128103256225586 -7.527424335479736 -1.3151081800460815 0 0 0 0 Pedestrian
-26.4283390045166 1.155880093574524 -1.5551239252090454 0 0 0 0 Pedestrian
24.00027084350586 -9.226516723632812 -1.072683334350586 0 0 0 0 Pedestrian