5.181436061859131 -0.8384171724319458 -1.570489764213562 0 0 0 0 Pedestrian
-5.897369861602783 2.696230888366699 -1.7342469692230225 0 0 0 0 Pedestrian
-3.2553069591522217 -7.009676933288574 -1.2527369260787964 0 0 0 0 Pedestrian
-8.142358779907227 -0.8547715544700623 -1.5201948881149292 0 0 0 0 Pedestrian
-8.590023040771484 3.004338502883911 -1.8667595386505127 0 0 0 0 Pedestrian
5.763828754425049 -5.61321496963501 -1.5126888751983643 0 0 0 0 Pedestrian
10.33250904083252 4.055598735809326 -1.4568265676498413 0 0 0 0 Pedestrian
9.745283126831055 -6.073963165283203 -1.1095236539840698 0 0 0 0 Pedestrian
-11.753850936889648 -1.6887704133987427 -1.5326610803604126 0 0 0 0 Pedestrian
9.723188400268555 5.98402738571167 -2.585726737976074 0 0 0 0 Pedestrian
0.2299763709306717 12.750950813293457 -2.2356863021850586 0 0 0 0 Pedestrian
-10.843507766723633 -1.9097932577133179 -2.3150718212127686 0 0 0 0 Pedestrian
16.163373947143555 -7.557862758636475 -1.3504135608673096 0 0 0 0 Pedestrian
-26.434417724609375 1.1387492418289185 -1.2984548807144165 0 0 0 0 Pedestrian