5.1728692054748535 -0.8415480852127075 -1.5606058835983276 0 0 0 0 Pedestrian
2.333655834197998 4.244235515594482 -1.506614089012146 0 0 0 0 Pedestrian
-7.13246488571167 -1.4730042219161987 -1.4720699787139893 0 0 0 0 Pedestrian
8.628533363342285 -5.837132453918457 -1.2231467962265015 0 0 0 0 Pedestrian
2.8213887214660645 10.081533432006836 -2.0626602172851562 0 0 0 0 Pedestrian
10.373064041137695 4.045210838317871 -1.370224952697754 0 0 0 0 Pedestrian
-11.80860424041748 4.850637912750244 -1.7953029870986938 0 0 0 0 Pedestrian
0.2125125378370285 12.738332748413086 -2.2471346855163574 0 0 0 0 Pedestrian
13.7730712890625 9.157312393188477 -1.4737403392791748 0 0 0 0 Pedestrian
16.139097213745117 -7.581114768981934 -1.379865050315857 0 0 0 0 Pedestrian
-26.48042106628418 1.200676679611206 -1.5496466159820557 0 0 0 0 Pedestrian