5.179149627685547 -0.8418698310852051 -1.5789439678192139 0 0 0 0 Pedestrian
-5.818443298339844 2.6950206756591797 -1.7427436113357544 0 0 0 0 Pedestrian
-3.2616114616394043 -7.015451908111572 -1.2797712087631226 0 0 0 0 Pedestrian
0.8695618510246277 9.018062591552734 -2.0084335803985596 0 0 0 0 Pedestrian
8.638059616088867 -5.811892032623291 -1.2552846670150757 0 0 0 0 Pedestrian
10.36107349395752 4.025789737701416 -1.4382919073104858 0 0 0 0 Pedestrian
9.726533889770508 5.985513210296631 -2.585977792739868 0 0 0 0 Pedestrian
-11.588960647583008 4.6248321533203125 -1.9233323335647583 0 0 0 0 Pedestrian
0.05424970015883446 11.276036262512207 -2.298064708709717 0 0 0 0 Pedestrian
16.15303611755371 -7.583169937133789 -1.392005205154419 0 0 0 0 Pedestrian
-26.416873931884766 1.137846827507019 -1.4625087976455688 0 0 0 0 Pedestrian
-18.163537979125977 21.643644332885742 -1.988579511642456 0 0 0 0 Pedestrian