-4.036842346191406 -2.2456932067871094 -1.3774532079696655 0 0 0 0 Pedestrian
0.5430810451507568 6.63131046295166 -1.9130327701568604 0 0 0 0 Pedestrian
5.169881343841553 -0.8471122980117798 -1.5682168006896973 0 0 0 0 Pedestrian
-5.710404872894287 2.740811586380005 -1.7305220365524292 0 0 0 0 Pedestrian
-3.2623167037963867 -7.017066955566406 -1.2801334857940674 0 0 0 0 Pedestrian
5.7563347816467285 -5.615547180175781 -1.5153636932373047 0 0 0 0 Pedestrian
10.304874420166016 4.045039653778076 -1.507826805114746 0 0 0 0 Pedestrian
9.742083549499512 5.995238304138184 -2.5903916358947754 0 0 0 0 Pedestrian
-10.831701278686523 -1.9072250127792358 -2.3122012615203857 0 0 0 0 Pedestrian
13.80558967590332 9.242107391357422 -1.3772064447402954 0 0 0 0 Pedestrian
12.515740394592285 -6.776610374450684 -1.48795485496521 0 0 0 0 Pedestrian
-26.41326141357422 1.1375449895858765 -1.4624038934707642 0 0 0 0 Pedestrian