1.8892966508865356 4.5895843505859375 -1.591229796409607 0 0 0 0 Pedestrian
5.177801132202148 -0.8410958647727966 -1.5571874380111694 0 0 0 0 Pedestrian
-8.580377578735352 3.008690357208252 -1.8406236171722412 0 0 0 0 Pedestrian
2.8201303482055664 10.077322959899902 -2.061671733856201 0 0 0 0 Pedestrian
10.3246488571167 4.037984371185303 -1.4761780500411987 0 0 0 0 Pedestrian
0.2665824592113495 12.731874465942383 -2.2748863697052 0 0 0 0 Pedestrian
9.758543014526367 5.97593355178833 -2.584084987640381 0 0 0 0 Pedestrian
-0.03699534013867378 11.313494682312012 -2.2737786769866943 0 0 0 0 Pedestrian
-10.803437232971191 -1.8864785432815552 -2.259554862976074 0 0 0 0 Pedestrian
13.788469314575195 9.167745590209961 -1.4747657775878906 0 0 0 0 Pedestrian
16.12564468383789 -7.56190824508667 -1.3662892580032349 0 0 0 0 Pedestrian
-26.410741806030273 1.1551355123519897 -1.5537810325622559 0 0 0 0 Pedestrian