0.5553334355354309 6.481795787811279 -1.8808283805847168 0 0 0 0 Pedestrian
-5.706586837768555 2.7194206714630127 -1.7359580993652344 0 0 0 0 Pedestrian
-4.211197376251221 -2.48606014251709 -1.6402207612991333 0 0 0 0 Pedestrian
-3.267200231552124 -7.003592014312744 -1.2398501634597778 0 0 0 0 Pedestrian
2.821641206741333 10.082444190979004 -2.0630204677581787 0 0 0 0 Pedestrian
5.7903265953063965 -5.618791103363037 -1.5169342756271362 0 0 0 0 Pedestrian
10.337725639343262 4.039938449859619 -1.4448456764221191 0 0 0 0 Pedestrian
9.740086555480957 5.964305400848389 -2.5792317390441895 0 0 0 0 Pedestrian
0.212601900100708 12.738031387329102 -2.2241291999816895 0 0 0 0 Pedestrian
-12.158641815185547 5.570468902587891 -1.7460477352142334 0 0 0 0 Pedestrian
0.009379559196531773 11.308158874511719 -2.3442487716674805 0 0 0 0 Pedestrian
13.783467292785645 9.164472579956055 -1.4742549657821655 0 0 0 0 Pedestrian