5.1724162101745605 -0.839801549911499 -1.567713737487793 0 0 0 0 Pedestrian
-5.8390727043151855 2.7319223880767822 -1.7460049390792847 0 0 0 0 Pedestrian
-3.25546932220459 -7.008787631988525 -1.2760058641433716 0 0 0 0 Pedestrian
1.1096266508102417 10.510953903198242 -1.9209598302841187 0 0 0 0 Pedestrian
8.620091438293457 -5.799628734588623 -1.2527776956558228 0 0 0 0 Pedestrian
2.8252248764038086 10.095159530639648 -2.0657994747161865 0 0 0 0 Pedestrian
10.331077575683594 4.058114051818848 -1.4605737924575806 0 0 0 0 Pedestrian
9.748856544494629 -6.101913928985596 -1.1341346502304077 0 0 0 0 Pedestrian
0.05456429347395897 11.266308784484863 -2.2957675457000732 0 0 0 0 Pedestrian
-11.5869722366333 4.634599208831787 -1.9572508335113525 0 0 0 0 Pedestrian
13.751709938049316 9.118980407714844 -1.5364453792572021 0 0 0 0 Pedestrian
16.167644500732422 -7.589920997619629 -1.3931618928909302 0 0 0 0 Pedestrian
-26.454824447631836 1.1855885982513428 -1.441712737083435 0 0 0 0 Pedestrian