-3.500324010848999 -2.504943370819092 -1.4043846130371094 0 0 0 0 Pedestrian
4.186948299407959 1.6428546905517578 -1.4838309288024902 0 0 0 0 Pedestrian
0.455137699842453 7.1951422691345215 -1.9718387126922607 0 0 0 0 Pedestrian
5.1710028648376465 -0.8490883708000183 -1.580532193183899 0 0 0 0 Pedestrian
-5.761785984039307 2.7282638549804688 -1.7350748777389526 0 0 0 0 Pedestrian
-3.2723207473754883 -6.995998859405518 -1.2392240762710571 0 0 0 0 Pedestrian
2.8225128650665283 10.085514068603516 -2.0636396408081055 0 0 0 0 Pedestrian
10.349316596984863 4.032468318939209 -1.4576650857925415 0 0 0 0 Pedestrian
9.735097885131836 5.991372108459473 -2.588815450668335 0 0 0 0 Pedestrian
0.009619642980396748 11.301433563232422 -2.342806577682495 0 0 0 0 Pedestrian
-11.572653770446777 4.710917949676514 -1.9523066282272339 0 0 0 0 Pedestrian
-10.778326034545898 -1.8983814716339111 -2.301351547241211 0 0 0 0 Pedestrian
16.148366928100586 -7.567379951477051 -1.349403977394104 0 0 0 0 Pedestrian
17.160581588745117 2.509467840194702 -1.9945746660232544 0 0 0 0 Pedestrian
-26.446191787719727 1.1564266681671143 -1.5561507940292358 0 0 0 0 Pedestrian
-18.158443450927734 21.638086318969727 -1.8878328800201416 0 0 0 0 Pedestrian