5.173487186431885 -0.8413617014884949 -1.5663583278656006 0 0 0 0 Pedestrian
-5.802725791931152 2.7246387004852295 -1.758642554283142 0 0 0 0 Pedestrian
-3.2656662464141846 -7.008336067199707 -1.2681747674942017 0 0 0 0 Pedestrian
0.9876922369003296 9.742603302001953 -2.0301132202148438 0 0 0 0 Pedestrian
5.843210220336914 -5.642086505889893 -1.4660502672195435 0 0 0 0 Pedestrian
10.345481872558594 4.029109954833984 -1.4614694118499756 0 0 0 0 Pedestrian
9.742822647094727 -6.09827995300293 -1.1331732273101807 0 0 0 0 Pedestrian
9.739492416381836 5.993911266326904 -2.589947462081909 0 0 0 0 Pedestrian
0.22469231486320496 12.738337516784668 -2.297088861465454 0 0 0 0 Pedestrian
0.009833484888076782 11.301149368286133 -2.3425350189208984 0 0 0 0 Pedestrian
-11.572766304016113 4.710792064666748 -1.9519797563552856 0 0 0 0 Pedestrian
-26.407787322998047 1.137407898902893 -1.4618775844573975 0 0 0 0 Pedestrian