-3.8283705711364746 -1.4541960954666138 -1.3187533617019653 0 0 0 0 Pedestrian
5.050107479095459 3.1399593353271484 -1.6216152906417847 0 0 0 0 Pedestrian
5.169579982757568 -0.8517950177192688 -1.5830776691436768 0 0 0 0 Pedestrian
-3.2572755813598633 -6.9982404708862305 -1.253486156463623 0 0 0 0 Pedestrian
2.815519094467163 10.060506820678711 -2.058363914489746 0 0 0 0 Pedestrian
5.809661388397217 -5.640199184417725 -1.4537893533706665 0 0 0 0 Pedestrian
10.313871383666992 4.03673791885376 -1.4805470705032349 0 0 0 0 Pedestrian
10.612841606140137 6.111497402191162 -1.7206300497055054 0 0 0 0 Pedestrian
6.310977935791016 9.458205223083496 -1.4764103889465332 0 0 0 0 Pedestrian
0.009328908286988735 11.306317329406738 -2.3438351154327393 0 0 0 0 Pedestrian
16.1445369720459 -7.594895839691162 -1.3913730382919312 0 0 0 0 Pedestrian
-26.460508346557617 1.1996976137161255 -1.5480539798736572 0 0 0 0 Pedestrian