5.151237964630127 3.1354572772979736 -1.6435556411743164 0 0 0 0 Pedestrian
-5.899799346923828 2.692579984664917 -1.7368539571762085 0 0 0 0 Pedestrian
-3.2664761543273926 -7.010201930999756 -1.2685601711273193 0 0 0 0 Pedestrian
5.78267765045166 -5.621629238128662 -1.5167286396026611 0 0 0 0 Pedestrian
10.346213340759277 4.0308074951171875 -1.5142205953598022 0 0 0 0 Pedestrian
9.760658264160156 -6.101313591003418 -1.1495213508605957 0 0 0 0 Pedestrian
10.64756965637207 6.057315349578857 -1.6245014667510986 0 0 0 0 Pedestrian
0.22446034848690033 12.737874984741211 -2.275742292404175 0 0 0 0 Pedestrian
6.309356212615967 9.45544147491455 -1.4760470390319824 0 0 0 0 Pedestrian
16.131650924682617 -7.588717460632324 -1.3902850151062012 0 0 0 0 Pedestrian
-26.43500328063965 1.1560369729995728 -1.5553793907165527 0 0 0 0 Pedestrian