4.0334014892578125 3.334014415740967 -1.6188812255859375 0 0 0 0 Pedestrian
-3.268688440322876 -7.005881309509277 -1.24043869972229 0 0 0 0 Pedestrian
-8.349271774291992 -0.6251235604286194 -1.4551918506622314 0 0 0 0 Pedestrian
10.334372520446777 4.062288284301758 -1.480263590812683 0 0 0 0 Pedestrian
9.739404678344727 5.993404865264893 -2.5899503231048584 0 0 0 0 Pedestrian
-0.0056809186935424805 11.288938522338867 -2.258483409881592 0 0 0 0 Pedestrian
14.003802299499512 -1.352805256843567 -1.687077522277832 0 0 0 0 Pedestrian
-14.368547439575195 4.697956562042236 -1.9951649904251099 0 0 0 0 Pedestrian
13.786935806274414 9.227052688598633 -1.4259862899780273 0 0 0 0 Pedestrian
16.18037986755371 -7.566025257110596 -1.3518946170806885 0 0 0 0 Pedestrian
-26.38968276977539 1.0907667875289917 -1.3425090312957764 0 0 0 0 Pedestrian