5.171245574951172 -0.854896068572998 -1.5768221616744995 0 0 0 0 Pedestrian
-5.82351541519165 2.7080087661743164 -1.7329063415527344 0 0 0 0 Pedestrian
-3.2674472332000732 -7.02034330368042 -1.267833948135376 0 0 0 0 Pedestrian
0.9276607632637024 9.237604141235352 -2.0519540309906006 0 0 0 0 Pedestrian
10.345633506774902 4.037759780883789 -1.4263888597488403 0 0 0 0 Pedestrian
9.76011848449707 5.970839977264404 -2.583923578262329 0 0 0 0 Pedestrian
0.009816911071538925 11.28415584564209 -2.3386011123657227 0 0 0 0 Pedestrian
-11.602141380310059 4.604841709136963 -1.9130767583847046 0 0 0 0 Pedestrian
-10.811311721801758 -1.9036598205566406 -2.307669162750244 0 0 0 0 Pedestrian
16.10947608947754 -7.594431400299072 -1.3888295888900757 0 0 0 0 Pedestrian
-26.45113182067871 1.1853502988815308 -1.4413787126541138 0 0 0 0 Pedestrian
-18.174217224121094 21.632970809936523 -1.8689559698104858 0 0 0 0 Pedestrian