2.047092914581299 4.389174938201904 -1.5503284931182861 0 0 0 0 Pedestrian
5.171897888183594 -0.8478337526321411 -1.5843664407730103 0 0 0 0 Pedestrian
-6.790656089782715 -1.5185725688934326 -1.4811692237854004 0 0 0 0 Pedestrian
-8.561210632324219 3.0056142807006836 -1.8143949508666992 0 0 0 0 Pedestrian
10.309938430786133 4.038846015930176 -1.4662196636199951 0 0 0 0 Pedestrian
9.753351211547852 -6.079235553741455 -1.1104834079742432 0 0 0 0 Pedestrian
-11.844255447387695 4.882854461669922 -1.8284250497817993 0 0 0 0 Pedestrian
9.743581771850586 5.966588020324707 -2.5805327892303467 0 0 0 0 Pedestrian
0.212632417678833 12.739839553833008 -2.247223138809204 0 0 0 0 Pedestrian
13.785564422607422 9.22630786895752 -1.4258677959442139 0 0 0 0 Pedestrian
16.1232967376709 -7.594699859619141 -1.3992222547531128 0 0 0 0 Pedestrian
-26.422163009643555 1.1554625034332275 -1.554415225982666 0 0 0 0 Pedestrian