2.7989284992218018 3.9420719146728516 -1.531357765197754 0 0 0 0 Pedestrian
-5.8835930824279785 2.6776158809661865 -1.7409756183624268 0 0 0 0 Pedestrian
-3.2633111476898193 -7.003386974334717 -1.2671773433685303 0 0 0 0 Pedestrian
-8.5754976272583 3.0071210861206055 -1.8392117023468018 0 0 0 0 Pedestrian
2.8214008808135986 10.08192253112793 -2.0626728534698486 0 0 0 0 Pedestrian
10.321175575256348 4.037259101867676 -1.4882264137268066 0 0 0 0 Pedestrian
9.72463607788086 5.984541893005371 -2.5857343673706055 0 0 0 0 Pedestrian
0.21286320686340332 12.740286827087402 -2.224478006362915 0 0 0 0 Pedestrian
13.757741928100586 9.16527271270752 -1.5118619203567505 0 0 0 0 Pedestrian
16.13605499267578 -7.59078311920166 -1.3904986381530762 0 0 0 0 Pedestrian
-26.403675079345703 1.1372421979904175 -1.4615530967712402 0 0 0 0 Pedestrian