-2.4812557697296143 -2.672184944152832 -1.2131534814834595 0 0 0 0 Pedestrian
5.175494194030762 -0.8335210680961609 -1.5672061443328857 0 0 0 0 Pedestrian
-5.808412075042725 2.7101025581359863 -1.738106608390808 0 0 0 0 Pedestrian
-3.2603068351745605 -7.005619049072266 -1.2536324262619019 0 0 0 0 Pedestrian
0.6225740313529968 8.183805465698242 -2.0024521350860596 0 0 0 0 Pedestrian
5.820024013519287 -5.6337480545043945 -1.5203471183776855 0 0 0 0 Pedestrian
10.311344146728516 4.031761646270752 -1.4584684371948242 0 0 0 0 Pedestrian
9.73388957977295 5.989924430847168 -2.588261127471924 0 0 0 0 Pedestrian
-11.579270362854004 4.690105438232422 -1.915183424949646 0 0 0 0 Pedestrian
-10.750160217285156 -1.7291151285171509 -1.7896620035171509 0 0 0 0 Pedestrian
6.9596734046936035 10.357370376586914 -1.5621578693389893 0 0 0 0 Pedestrian
16.119047164916992 -7.554501533508301 -1.377956509590149 0 0 0 0 Pedestrian
-26.405075073242188 1.0912672281265259 -1.34348464012146 0 0 0 0 Pedestrian