5.383796691894531 3.0821123123168945 -1.6352347135543823 0 0 0 0 Pedestrian
5.180722236633301 -0.8407528400421143 -1.5490666627883911 0 0 0 0 Pedestrian
-5.890671730041504 2.6856448650360107 -1.7412505149841309 0 0 0 0 Pedestrian
-3.267333745956421 -7.011935710906982 -1.2686866521835327 0 0 0 0 Pedestrian
10.34079360961914 4.025981426239014 -1.4669643640518188 0 0 0 0 Pedestrian
9.759844779968262 -6.100649833679199 -1.1493780612945557 0 0 0 0 Pedestrian
9.142577171325684 6.323322772979736 -1.430894136428833 0 0 0 0 Pedestrian
10.609453201293945 6.139568328857422 -1.600012183189392 0 0 0 0 Pedestrian
0.054771099239587784 11.275236129760742 -2.297628879547119 0 0 0 0 Pedestrian
-14.375905990600586 4.693218231201172 -2.022905111312866 0 0 0 0 Pedestrian
16.14033317565918 -7.592888832092285 -1.3910776376724243 0 0 0 0 Pedestrian
-26.45765495300293 1.199479103088379 -1.547760248184204 0 0 0 0 Pedestrian