3.8215370178222656 3.4321646690368652 -1.5534271001815796 0 0 0 0 Pedestrian
5.167608261108398 -0.8420566320419312 -1.5610371828079224 0 0 0 0 Pedestrian
-5.891103744506836 2.693848133087158 -1.7442727088928223 0 0 0 0 Pedestrian
-3.263075113296509 -7.011052131652832 -1.254454493522644 0 0 0 0 Pedestrian
-8.298405647277832 -0.7502194046974182 -1.5510449409484863 0 0 0 0 Pedestrian
-8.633966445922852 3.011194944381714 -1.872347116470337 0 0 0 0 Pedestrian
5.744328022003174 -5.633492946624756 -1.4852451086044312 0 0 0 0 Pedestrian
10.316815376281738 4.052163600921631 -1.451115369796753 0 0 0 0 Pedestrian
0.24499788880348206 12.749124526977539 -2.2632341384887695 0 0 0 0 Pedestrian
9.71887493133545 5.981067180633545 -2.5843608379364014 0 0 0 0 Pedestrian
6.361861228942871 9.247068405151367 -1.5768111944198608 0 0 0 0 Pedestrian
13.999497413635254 -1.3737435340881348 -1.6748275756835938 0 0 0 0 Pedestrian
-14.3753080368042 4.700138568878174 -1.995907187461853 0 0 0 0 Pedestrian
13.791847229003906 9.230484008789062 -1.426322340965271 0 0 0 0 Pedestrian
16.164356231689453 -7.588056564331055 -1.3641972541809082 0 0 0 0 Pedestrian
-26.38142204284668 1.0903760194778442 -1.3420922756195068 0 0 0 0 Pedestrian