5.177703857421875 -0.8358697295188904 -1.5677350759506226 0 0 0 0 Pedestrian
-5.8239641189575195 2.6948232650756836 -1.7333719730377197 0 0 0 0 Pedestrian
-3.2640132904052734 -7.004684925079346 -1.2674719095230103 0 0 0 0 Pedestrian
0.7755335569381714 8.762955665588379 -2.011131525039673 0 0 0 0 Pedestrian
10.301812171936035 4.0593485832214355 -1.497992753982544 0 0 0 0 Pedestrian
9.74047565460205 -6.105961799621582 -1.1263012886047363 0 0 0 0 Pedestrian
9.755257606506348 5.973596096038818 -2.583428144454956 0 0 0 0 Pedestrian
0.009548853151500225 11.293198585510254 -2.3409481048583984 0 0 0 0 Pedestrian
-11.621665000915527 4.635254383087158 -1.8729336261749268 0 0 0 0 Pedestrian
6.989210605621338 10.401092529296875 -1.5688962936401367 0 0 0 0 Pedestrian
16.168188095092773 -7.616311550140381 -1.4034112691879272 0 0 0 0 Pedestrian
-26.418502807617188 1.1379474401474 -1.4624818563461304 0 0 0 0 Pedestrian