2.628634452819824 4.056818008422852 -1.536805272102356 0 0 0 0 Pedestrian
5.167721271514893 -0.8393752574920654 -1.5678902864456177 0 0 0 0 Pedestrian
-5.883193016052246 2.677527904510498 -1.7406914234161377 0 0 0 0 Pedestrian
-7.476819038391113 -1.3806142807006836 -1.4631823301315308 0 0 0 0 Pedestrian
-3.266695499420166 -7.010586738586426 -1.268528699874878 0 0 0 0 Pedestrian
2.8230836391448975 10.087668418884277 -2.0639584064483643 0 0 0 0 Pedestrian
10.30634880065918 4.062358856201172 -1.4890512228012085 0 0 0 0 Pedestrian
9.749551773071289 -6.093958854675293 -1.159067988395691 0 0 0 0 Pedestrian
9.72700309753418 5.986376762390137 -2.586441993713379 0 0 0 0 Pedestrian
0.009488903917372227 11.298954010009766 -2.342151641845703 0 0 0 0 Pedestrian
16.150487899780273 -7.607998371124268 -1.4017781019210815 0 0 0 0 Pedestrian