5.179126262664795 -0.8474712371826172 -1.566004991531372 0 0 0 0 Pedestrian
-5.79900598526001 2.6888065338134766 -1.7475119829177856 0 0 0 0 Pedestrian
-3.2586541175842285 -7.017703056335449 -1.2412402629852295 0 0 0 0 Pedestrian
0.7179811596870422 8.561236381530762 -1.988218069076538 0 0 0 0 Pedestrian
10.340001106262207 4.025429725646973 -1.4902759790420532 0 0 0 0 Pedestrian
0.22973735630512238 12.73764419555664 -2.2332541942596436 0 0 0 0 Pedestrian
9.751044273376465 5.965035438537598 -2.581702947616577 0 0 0 0 Pedestrian
0.054752569645643234 11.269639015197754 -2.2963061332702637 0 0 0 0 Pedestrian
13.976823806762695 -1.4137309789657593 -1.5547600984573364 0 0 0 0 Pedestrian
16.13336753845215 -7.589961051940918 -1.390987515449524 0 0 0 0 Pedestrian
17.00554656982422 2.59602952003479 -1.7903516292572021 0 0 0 0 Pedestrian