4.148813247680664 3.2783541679382324 -1.6314228773117065 0 0 0 0 Pedestrian
5.168333053588867 -0.8552848696708679 -1.5842607021331787 0 0 0 0 Pedestrian
-5.889626979827881 2.7159180641174316 -1.7522735595703125 0 0 0 0 Pedestrian
-3.2596333026885986 -6.9954609870910645 -1.2657490968704224 0 0 0 0 Pedestrian
2.8217339515686035 10.082672119140625 -2.0630815029144287 0 0 0 0 Pedestrian
5.799005031585693 -5.629793643951416 -1.4507863521575928 0 0 0 0 Pedestrian
10.306077003479004 4.04323148727417 -1.5488991737365723 0 0 0 0 Pedestrian
11.460123062133789 -0.40643662214279175 -1.414669394493103 0 0 0 0 Pedestrian
9.745274543762207 5.9673614501953125 -2.5807721614837646 0 0 0 0 Pedestrian
13.979264259338379 -1.3473024368286133 -1.7405198812484741 0 0 0 0 Pedestrian
16.12901496887207 -7.5877251625061035 -1.3902667760849 0 0 0 0 Pedestrian
-26.417530059814453 1.138477087020874 -1.2966864109039307 0 0 0 0 Pedestrian