-3.1525447368621826 -2.5606415271759033 -1.3371367454528809 0 0 0 0 Pedestrian
4.174134731292725 1.6619263887405396 -1.5055354833602905 0 0 0 0 Pedestrian
5.166304111480713 -0.8457107543945312 -1.5989108085632324 0 0 0 0 Pedestrian
-5.785382270812988 2.7413108348846436 -1.7305536270141602 0 0 0 0 Pedestrian
-3.2601845264434814 -7.012531757354736 -1.279409646987915 0 0 0 0 Pedestrian
10.313644409179688 4.054483890533447 -1.4309873580932617 0 0 0 0 Pedestrian
9.73765754699707 5.987640857696533 -2.5586297512054443 0 0 0 0 Pedestrian
-12.456850051879883 5.776395797729492 -1.8183865547180176 0 0 0 0 Pedestrian
13.792040824890137 9.2305908203125 -1.4263510704040527 0 0 0 0 Pedestrian
16.143516540527344 -7.594649791717529 -1.3916715383529663 0 0 0 0 Pedestrian
17.104997634887695 2.5779848098754883 -2.008866548538208 0 0 0 0 Pedestrian