4.485650062561035 3.2107880115509033 -1.6057312488555908 0 0 0 0 Pedestrian
-3.2636196613311768 -7.004265308380127 -1.2258533239364624 0 0 0 0 Pedestrian
5.7747321128845215 -5.633930683135986 -1.521252155303955 0 0 0 0 Pedestrian
10.307587623596191 4.034182071685791 -1.4709781408309937 0 0 0 0 Pedestrian
9.762553215026855 -6.067539691925049 -1.1257730722427368 0 0 0 0 Pedestrian
9.728378295898438 5.986742973327637 -2.586778163909912 0 0 0 0 Pedestrian
0.23010453581809998 12.749439239501953 -2.235414981842041 0 0 0 0 Pedestrian
6.41578483581543 9.36595344543457 -1.5384145975112915 0 0 0 0 Pedestrian
13.776752471923828 9.159921646118164 -1.473769187927246 0 0 0 0 Pedestrian
16.126670837402344 -7.602817058563232 -1.3904950618743896 0 0 0 0 Pedestrian
17.774126052856445 -7.746777534484863 -1.3842469453811646 0 0 0 0 Pedestrian