5.170192718505859 -0.8504372239112854 -1.5872105360031128 0 0 0 0 Pedestrian
-5.888833999633789 2.684636354446411 -1.73720383644104 0 0 0 0 Pedestrian
-3.2688276767730713 -6.99476957321167 -1.2227126359939575 0 0 0 0 Pedestrian
-8.058573722839355 -0.8719897270202637 -1.5347318649291992 0 0 0 0 Pedestrian
8.617107391357422 -5.828921318054199 -1.2221201658248901 0 0 0 0 Pedestrian
2.819509267807007 10.07492733001709 -2.061333179473877 0 0 0 0 Pedestrian
5.798323154449463 -5.626586437225342 -1.5193437337875366 0 0 0 0 Pedestrian
10.344003677368164 4.04947566986084 -1.385958194732666 0 0 0 0 Pedestrian
9.744719505310059 -6.108666896820068 -1.1262226104736328 0 0 0 0 Pedestrian
-11.819791793823242 4.831750392913818 -1.8346176147460938 0 0 0 0 Pedestrian
9.742448806762695 5.995580196380615 -2.5903353691101074 0 0 0 0 Pedestrian
0.05458321422338486 11.275214195251465 -2.2977356910705566 0 0 0 0 Pedestrian
16.16071319580078 -7.559481620788574 -1.335632085800171 0 0 0 0 Pedestrian
-26.388689041137695 1.0905531644821167 -1.3426103591918945 0 0 0 0 Pedestrian