4.605838775634766 3.1991238594055176 -1.5914583206176758 0 0 0 0 Pedestrian
-5.870348930358887 2.707043409347534 -1.7630892992019653 0 0 0 0 Pedestrian
5.787186145782471 -5.627871513366699 -1.4168941974639893 0 0 0 0 Pedestrian
10.341840744018555 4.070075988769531 -1.472691297531128 0 0 0 0 Pedestrian
0.2299552857875824 12.742281913757324 -2.2341837882995605 0 0 0 0 Pedestrian
9.787637710571289 5.919200420379639 -2.5659472942352295 0 0 0 0 Pedestrian
6.4256086349487305 9.406121253967285 -1.5120350122451782 0 0 0 0 Pedestrian
0.009450767189264297 11.29816722869873 -2.342142105102539 0 0 0 0 Pedestrian
-10.792798042297363 -1.9007861614227295 -2.3044495582580566 0 0 0 0 Pedestrian
-14.367047309875488 4.690201282501221 -2.021223306655884 0 0 0 0 Pedestrian
16.14792823791504 -7.580856800079346 -1.3919023275375366 0 0 0 0 Pedestrian
-26.392393112182617 1.0908491611480713 -1.3426616191864014 0 0 0 0 Pedestrian