3.630803346633911 3.528284788131714 -1.5570802688598633 0 0 0 0 Pedestrian
5.1777024269104 -0.8485110402107239 -1.5837804079055786 0 0 0 0 Pedestrian
-5.902536869049072 2.6959340572357178 -1.7298293113708496 0 0 0 0 Pedestrian
-3.273967742919922 -7.012007236480713 -1.2675336599349976 0 0 0 0 Pedestrian
-8.250593185424805 -0.799070417881012 -1.5480362176895142 0 0 0 0 Pedestrian
-8.563135147094727 3.0062832832336426 -1.814997673034668 0 0 0 0 Pedestrian
5.802840709686279 -5.633645534515381 -1.452152967453003 0 0 0 0 Pedestrian
10.286287307739258 4.045630931854248 -1.485840916633606 0 0 0 0 Pedestrian
9.731971740722656 -6.05355167388916 -1.0881266593933105 0 0 0 0 Pedestrian
9.7313814163208 5.988796710968018 -2.5873067378997803 0 0 0 0 Pedestrian
0.22991089522838593 12.741738319396973 -2.255106210708618 0 0 0 0 Pedestrian
-10.87354564666748 -1.8982819318771362 -2.273664712905884 0 0 0 0 Pedestrian
13.935699462890625 -1.5222225189208984 -1.7527387142181396 0 0 0 0 Pedestrian
16.198911666870117 -7.574676513671875 -1.3533103466033936 0 0 0 0 Pedestrian
17.785778045654297 -7.751922607421875 -1.3855271339416504 0 0 0 0 Pedestrian
-26.418794631958008 1.138036847114563 -1.29757559299469 0 0 0 0 Pedestrian