1.795379400253296 4.642623424530029 -1.5875606536865234 0 0 0 0 Pedestrian
5.177317142486572 -0.8439492583274841 -1.5640876293182373 0 0 0 0 Pedestrian
-3.263718843460083 -7.012296199798584 -1.2667146921157837 0 0 0 0 Pedestrian
-8.567197799682617 3.0077402591705322 -1.8158897161483765 0 0 0 0 Pedestrian
10.350655555725098 4.041882514953613 -1.412704586982727 0 0 0 0 Pedestrian
0.22997473180294037 12.746076583862305 -2.234938621520996 0 0 0 0 Pedestrian
9.74365234375 5.966111183166504 -2.5803966522216797 0 0 0 0 Pedestrian
-10.81296443939209 -1.9041227102279663 -2.308290958404541 0 0 0 0 Pedestrian
13.790895462036133 9.229877471923828 -1.4264471530914307 0 0 0 0 Pedestrian
16.139488220214844 -7.602681636810303 -1.4009088277816772 0 0 0 0 Pedestrian
-26.420263290405273 1.1555393934249878 -1.55448317527771 0 0 0 0 Pedestrian