3.3713717460632324 -3.743887424468994 -1.4491325616836548 0 0 0 0 Pedestrian
5.173262119293213 -0.8287766575813293 -1.5612918138504028 0 0 0 0 Pedestrian
-3.2597219944000244 -7.003647804260254 -1.2650783061981201 0 0 0 0 Pedestrian
5.786220073699951 -5.627241134643555 -1.489646553993225 0 0 0 0 Pedestrian
9.747452735900879 5.965719699859619 -2.5499868392944336 0 0 0 0 Pedestrian
10.355095863342285 4.136662006378174 -1.1549755334854126 0 0 0 0 Pedestrian
0.009492776356637478 11.290352821350098 -2.3404669761657715 0 0 0 0 Pedestrian
-11.612112998962402 4.602583885192871 -1.9255881309509277 0 0 0 0 Pedestrian
14.0221529006958 -1.4233663082122803 -1.4553470611572266 0 0 0 0 Pedestrian
16.106821060180664 -7.5829901695251465 -1.3775302171707153 0 0 0 0 Pedestrian
-26.470212936401367 1.1862961053848267 -1.4425857067108154 0 0 0 0 Pedestrian