3.976794481277466 -3.704134941101074 -1.4384474754333496 0 0 0 0 Pedestrian
-5.851902961730957 2.6921963691711426 -1.7394464015960693 0 0 0 0 Pedestrian
6.931163311004639 3.0348153114318848 -1.3168892860412598 0 0 0 0 Pedestrian
-3.2667109966278076 -7.0011982917785645 -1.2395858764648438 0 0 0 0 Pedestrian
6.311561107635498 -5.207713603973389 -1.6238958835601807 0 0 0 0 Pedestrian
9.70639419555664 -6.01417350769043 -1.3281782865524292 0 0 0 0 Pedestrian
10.332819938659668 4.050747871398926 -1.42436945438385 0 0 0 0 Pedestrian
9.721524238586426 5.983094215393066 -2.5850768089294434 0 0 0 0 Pedestrian
0.05431083217263222 11.276665687561035 -2.2981011867523193 0 0 0 0 Pedestrian
7.037194728851318 10.350293159484863 -1.5153224468231201 0 0 0 0 Pedestrian
-11.577736854553223 4.603233814239502 -1.9466317892074585 0 0 0 0 Pedestrian
14.018056869506836 -1.39888334274292 -1.4434481859207153 0 0 0 0 Pedestrian
16.12563133239746 -7.586155414581299 -1.3901174068450928 0 0 0 0 Pedestrian
-26.42658805847168 1.1383609771728516 -1.46318781375885 0 0 0 0 Pedestrian