3.3089120388031006 -3.3727943897247314 -1.2919291257858276 0 0 0 0 Pedestrian
5.169124126434326 -0.8454616069793701 -1.5740257501602173 0 0 0 0 Pedestrian
3.2765259742736816 -3.5360403060913086 -1.61946439743042 0 0 0 0 Pedestrian
6.085880279541016 -4.725403785705566 -1.3052815198898315 0 0 0 0 Pedestrian
-3.2609622478485107 -7.014161586761475 -1.2795178890228271 0 0 0 0 Pedestrian
6.276930332183838 -5.212085723876953 -1.678705096244812 0 0 0 0 Pedestrian
9.717857360839844 -6.0148797035217285 -1.3320436477661133 0 0 0 0 Pedestrian
10.335025787353516 4.04062032699585 -1.4714102745056152 0 0 0 0 Pedestrian
-11.741205215454102 4.55654764175415 -1.9517931938171387 0 0 0 0 Pedestrian
0.054612115025520325 11.277655601501465 -2.2982752323150635 0 0 0 0 Pedestrian
7.031829833984375 10.34262752532959 -1.5141700506210327 0 0 0 0 Pedestrian
16.154582977294922 -7.583616733551025 -1.3921509981155396 0 0 0 0 Pedestrian