4.062386989593506 1.8432224988937378 -1.5762691497802734 0 0 0 0 Pedestrian
-5.837418556213379 2.688333511352539 -1.7408766746520996 0 0 0 0 Pedestrian
6.2813720703125 -5.210745811462402 -1.6682709455490112 0 0 0 0 Pedestrian
10.304332733154297 4.052328109741211 -1.4139786958694458 0 0 0 0 Pedestrian
9.729205131530762 5.987410545349121 -2.5869252681732178 0 0 0 0 Pedestrian
0.2914293110370636 12.724066734313965 -2.2675085067749023 0 0 0 0 Pedestrian
-0.011518007144331932 11.30396556854248 -2.2205803394317627 0 0 0 0 Pedestrian
-11.608132362365723 4.701747417449951 -1.919565200805664 0 0 0 0 Pedestrian
13.784283638000488 9.159063339233398 -1.4238367080688477 0 0 0 0 Pedestrian
16.14139747619629 -7.565072536468506 -1.3796027898788452 0 0 0 0 Pedestrian
17.135801315307617 2.515930414199829 -1.9863498210906982 0 0 0 0 Pedestrian
-26.383127212524414 1.0903970003128052 -1.3422682285308838 0 0 0 0 Pedestrian