4.104134559631348 1.7204711437225342 -1.494072437286377 0 0 0 0 Pedestrian
3.212459087371826 3.8811593055725098 -1.5343852043151855 0 0 0 0 Pedestrian
5.172746181488037 -0.8343730568885803 -1.569480538368225 0 0 0 0 Pedestrian
-5.825431823730469 2.6906676292419434 -1.750042200088501 0 0 0 0 Pedestrian
3.542337417602539 4.510331630706787 -1.5532435178756714 0 0 0 0 Pedestrian
-3.259338140487671 -7.009767532348633 -1.2884137630462646 0 0 0 0 Pedestrian
6.2817487716674805 -5.214622974395752 -1.6689316034317017 0 0 0 0 Pedestrian
10.322796821594238 4.052193641662598 -1.424932599067688 0 0 0 0 Pedestrian
0.24499386548995972 12.749385833740234 -2.2631916999816895 0 0 0 0 Pedestrian
9.757177352905273 5.934106826782227 -2.571350574493408 0 0 0 0 Pedestrian
0.05430983752012253 11.270416259765625 -2.2968788146972656 0 0 0 0 Pedestrian
-11.578227043151855 4.6891679763793945 -1.914353609085083 0 0 0 0 Pedestrian
16.111360549926758 -7.585381507873535 -1.3779526948928833 0 0 0 0 Pedestrian
17.165788650512695 2.51011061668396 -1.9954339265823364 0 0 0 0 Pedestrian
-26.423782348632812 1.13827383518219 -1.2978743314743042 0 0 0 0 Pedestrian