-3.8153321743011475 -1.491081953048706 -1.376949429512024 0 0 0 0 Pedestrian
3.731912136077881 -3.665302038192749 -1.4238108396530151 0 0 0 0 Pedestrian
5.169538974761963 -0.843984842300415 -1.578404426574707 0 0 0 0 Pedestrian
-5.856390476226807 2.6937906742095947 -1.7320258617401123 0 0 0 0 Pedestrian
6.074182510375977 -4.751531600952148 -1.290587306022644 0 0 0 0 Pedestrian
6.278298377990723 -5.221620082855225 -1.7320563793182373 0 0 0 0 Pedestrian
10.346041679382324 3.994588851928711 -1.4895522594451904 0 0 0 0 Pedestrian
10.633476257324219 6.1208415031433105 -1.3224775791168213 0 0 0 0 Pedestrian
-11.571589469909668 4.710581302642822 -1.95191490650177 0 0 0 0 Pedestrian
16.105083465576172 -7.61682653427124 -1.3600101470947266 0 0 0 0 Pedestrian
-26.420841217041016 1.1381429433822632 -1.463014006614685 0 0 0 0 Pedestrian