5.169825553894043 -0.8425296545028687 -1.5767412185668945 0 0 0 0 Pedestrian
-5.833524227142334 2.679999828338623 -1.739194631576538 0 0 0 0 Pedestrian
1.2863739728927612 7.336845874786377 -2.384181499481201 0 0 0 0 Pedestrian
6.091860294342041 -4.704107284545898 -1.317155361175537 0 0 0 0 Pedestrian
-3.26678466796875 -7.010793209075928 -1.2684602737426758 0 0 0 0 Pedestrian
6.271677494049072 -5.204462051391602 -1.666190505027771 0 0 0 0 Pedestrian
5.758584022521973 -5.625194072723389 -1.4646997451782227 0 0 0 0 Pedestrian
10.324505805969238 4.027678489685059 -1.4345290660858154 0 0 0 0 Pedestrian
0.24496880173683167 12.747969627380371 -2.2629404067993164 0 0 0 0 Pedestrian
9.739933967590332 5.993563652038574 -2.589675188064575 0 0 0 0 Pedestrian
0.05457746237516403 11.269980430603027 -2.2965240478515625 0 0 0 0 Pedestrian
-11.592585563659668 4.601340293884277 -1.9115941524505615 0 0 0 0 Pedestrian
1.945522665977478 14.93159294128418 -2.077589988708496 0 0 0 0 Pedestrian
12.544429779052734 -6.793515682220459 -1.541377067565918 0 0 0 0 Pedestrian
16.137399673461914 -7.601703643798828 -1.4007010459899902 0 0 0 0 Pedestrian
-26.39225196838379 1.0906250476837158 -1.3428047895431519 0 0 0 0 Pedestrian