2.6930150985717773 -3.3121337890625 -1.299103021621704 0 0 0 0 Pedestrian
5.159168720245361 -0.8452420830726624 -1.5731059312820435 0 0 0 0 Pedestrian
-5.8445892333984375 2.7144241333007812 -1.7432875633239746 0 0 0 0 Pedestrian
6.091665744781494 -4.716639041900635 -1.3193141222000122 0 0 0 0 Pedestrian
-3.265416383743286 -7.007935047149658 -1.2679309844970703 0 0 0 0 Pedestrian
6.264130115509033 -5.212583065032959 -1.6649662256240845 0 0 0 0 Pedestrian
2.8237335681915283 10.089308738708496 -2.0647289752960205 0 0 0 0 Pedestrian
9.723684310913086 -6.025039196014404 -1.3310331106185913 0 0 0 0 Pedestrian
10.354177474975586 4.040992259979248 -1.4170784950256348 0 0 0 0 Pedestrian
10.605793952941895 6.109650135040283 -1.8553466796875 0 0 0 0 Pedestrian
9.875293731689453 5.823303699493408 -2.453127861022949 0 0 0 0 Pedestrian
-10.818242073059082 -1.904963731765747 -2.3091306686401367 0 0 0 0 Pedestrian
13.783666610717773 9.164621353149414 -1.474265456199646 0 0 0 0 Pedestrian
16.120277404785156 -7.583306312561035 -1.3889387845993042 0 0 0 0 Pedestrian
-26.410907745361328 1.1375230550765991 -1.4619920253753662 0 0 0 0 Pedestrian