5.179916858673096 -0.8393864631652832 -1.5653659105300903 0 0 0 0 Pedestrian
-5.833125591278076 2.6863484382629395 -1.7397844791412354 0 0 0 0 Pedestrian
-3.2636590003967285 -7.004088878631592 -1.2672632932662964 0 0 0 0 Pedestrian
6.267006874084473 -5.202116012573242 -1.6703596115112305 0 0 0 0 Pedestrian
5.813699722290039 -5.613847732543945 -1.4587548971176147 0 0 0 0 Pedestrian
9.697248458862305 -6.027646541595459 -1.3238199949264526 0 0 0 0 Pedestrian
10.33295726776123 4.043324947357178 -1.4813092947006226 0 0 0 0 Pedestrian
0.24504239857196808 12.750782012939453 -2.2635443210601807 0 0 0 0 Pedestrian
9.75935173034668 5.9757080078125 -2.584146022796631 0 0 0 0 Pedestrian
-11.7058687210083 4.569390296936035 -1.91114342212677 0 0 0 0 Pedestrian
-14.32686710357666 4.702713966369629 -2.0146067142486572 0 0 0 0 Pedestrian
16.128585815429688 -7.587553024291992 -1.3902043104171753 0 0 0 0 Pedestrian