5.172596454620361 -0.8505206108093262 -1.5683984756469727 0 0 0 0 Pedestrian
-5.847088813781738 2.687060594558716 -1.7336608171463013 0 0 0 0 Pedestrian
-3.270618200302124 -6.980068206787109 -1.2042685747146606 0 0 0 0 Pedestrian
6.269156455993652 -5.211177349090576 -1.6502858400344849 0 0 0 0 Pedestrian
-6.715184688568115 4.437160968780518 -2.1002211570739746 0 0 0 0 Pedestrian
9.69927978515625 -6.019977569580078 -1.3299527168273926 0 0 0 0 Pedestrian
10.314579963684082 4.040900230407715 -1.4575260877609253 0 0 0 0 Pedestrian
9.729443550109863 5.98771333694458 -2.5874826908111572 0 0 0 0 Pedestrian
0.009393824264407158 11.298049926757812 -2.342158079147339 0 0 0 0 Pedestrian
-11.603693962097168 4.605250835418701 -1.9130548238754272 0 0 0 0 Pedestrian
16.136810302734375 -7.59132194519043 -1.3907865285873413 0 0 0 0 Pedestrian
17.81331443786621 -7.763761043548584 -1.3869785070419312 0 0 0 0 Pedestrian
-26.37771987915039 1.0901826620101929 -1.3417617082595825 0 0 0 0 Pedestrian