3.7903242111206055 -3.6915674209594727 -1.4340749979019165 0 0 0 0 Pedestrian
5.161349296569824 -0.8356691002845764 -1.5693743228912354 0 0 0 0 Pedestrian
6.599459171295166 3.160989284515381 -2.1318087577819824 0 0 0 0 Pedestrian
-3.2662646770477295 -7.009705066680908 -1.2683192491531372 0 0 0 0 Pedestrian
6.283085823059082 -5.21905517578125 -1.727455496788025 0 0 0 0 Pedestrian
8.616870880126953 -5.7975172996521 -1.2521517276763916 0 0 0 0 Pedestrian
10.321014404296875 4.031533241271973 -1.415618896484375 0 0 0 0 Pedestrian
0.05464433878660202 11.265597343444824 -2.295527458190918 0 0 0 0 Pedestrian
-11.63758659362793 4.61276388168335 -1.929731845855713 0 0 0 0 Pedestrian
16.110620498657227 -7.550508975982666 -1.3771238327026367 0 0 0 0 Pedestrian
-26.41586685180664 1.1378183364868164 -1.4626142978668213 0 0 0 0 Pedestrian