4.095304012298584 1.7820250988006592 -1.5560764074325562 0 0 0 0 Pedestrian
5.179224014282227 -0.8418434858322144 -1.5527809858322144 0 0 0 0 Pedestrian
-5.846327781677246 2.7208497524261475 -1.7480947971343994 0 0 0 0 Pedestrian
-3.257648468017578 -6.998930931091309 -1.2534687519073486 0 0 0 0 Pedestrian
1.1001276969909668 10.992888450622559 -2.063416004180908 0 0 0 0 Pedestrian
10.32194995880127 4.046332359313965 -1.4903879165649414 0 0 0 0 Pedestrian
9.751504898071289 -6.091434955596924 -1.1401525735855103 0 0 0 0 Pedestrian
-11.582318305969238 4.604668617248535 -1.947285532951355 0 0 0 0 Pedestrian
13.79069709777832 9.229596138000488 -1.4263079166412354 0 0 0 0 Pedestrian
16.134023666381836 -7.561645030975342 -1.37913978099823 0 0 0 0 Pedestrian
-26.46306037902832 1.1860767602920532 -1.4425359964370728 0 0 0 0 Pedestrian