2.013617515563965 -3.6431493759155273 -1.3396365642547607 0 0 0 0 Pedestrian
5.167038440704346 -0.8393850326538086 -1.5695379972457886 0 0 0 0 Pedestrian
-5.832005977630615 2.6971678733825684 -1.7525964975357056 0 0 0 0 Pedestrian
-3.2613070011138916 -7.014709949493408 -1.2668050527572632 0 0 0 0 Pedestrian
-8.604096412658691 3.009449005126953 -1.8551982641220093 0 0 0 0 Pedestrian
2.821895122528076 10.083126068115234 -2.0632283687591553 0 0 0 0 Pedestrian
10.314099311828613 4.034426689147949 -1.4894875288009644 0 0 0 0 Pedestrian
9.737298965454102 5.9923858642578125 -2.5890328884124756 0 0 0 0 Pedestrian
0.009767089039087296 11.295269966125488 -2.3413658142089844 0 0 0 0 Pedestrian
16.150808334350586 -7.569464206695557 -1.3805080652236938 0 0 0 0 Pedestrian
-26.452255249023438 1.1855136156082153 -1.4415937662124634 0 0 0 0 Pedestrian