2.7391281127929688 -3.6532349586486816 -1.3519681692123413 0 0 0 0 Pedestrian
5.170103073120117 -0.8467860817909241 -1.5577893257141113 0 0 0 0 Pedestrian
-5.839862823486328 2.69553542137146 -1.745449423789978 0 0 0 0 Pedestrian
-3.259725570678711 -7.0040388107299805 -1.2533034086227417 0 0 0 0 Pedestrian
9.47164535522461 2.9235217571258545 -1.8962500095367432 0 0 0 0 Pedestrian
8.622997283935547 -5.833230972290039 -1.2224209308624268 0 0 0 0 Pedestrian
9.709833145141602 -6.019386291503906 -1.3144928216934204 0 0 0 0 Pedestrian
10.377700805664062 4.035200119018555 -1.4939982891082764 0 0 0 0 Pedestrian
9.725695610046387 5.985274791717529 -2.5857479572296143 0 0 0 0 Pedestrian
-11.659873008728027 4.5791192054748535 -1.964916467666626 0 0 0 0 Pedestrian
13.785147666931152 9.165518760681152 -1.4745779037475586 0 0 0 0 Pedestrian
13.98279094696045 -1.4310202598571777 -1.4692134857177734 0 0 0 0 Pedestrian
16.113895416259766 -7.586629390716553 -1.3784263134002686 0 0 0 0 Pedestrian
-26.433629989624023 1.138121247291565 -1.463064432144165 0 0 0 0 Pedestrian