4.113435745239258 1.7634068727493286 -1.5389602184295654 0 0 0 0 Pedestrian
5.169381618499756 -0.8450328707695007 -1.5682586431503296 0 0 0 0 Pedestrian
6.026771068572998 -4.620447158813477 -1.2858589887619019 0 0 0 0 Pedestrian
-3.2648768424987793 -7.006778240203857 -1.2677782773971558 0 0 0 0 Pedestrian
6.3157572746276855 -5.174487590789795 -1.9822415113449097 0 0 0 0 Pedestrian
10.443564414978027 4.007323265075684 -1.2733153104782104 0 0 0 0 Pedestrian
0.054691512137651443 11.271208763122559 -2.2967488765716553 0 0 0 0 Pedestrian
-11.59167766571045 4.636540412902832 -1.9579734802246094 0 0 0 0 Pedestrian
6.252688407897949 9.044751167297363 -1.5292984247207642 0 0 0 0 Pedestrian
14.002378463745117 -1.4559160470962524 -1.480484127998352 0 0 0 0 Pedestrian
13.770380020141602 9.155832290649414 -1.4728004932403564 0 0 0 0 Pedestrian
16.12299919128418 -7.594854354858398 -1.399444580078125 0 0 0 0 Pedestrian
-26.4285831451416 1.1383305788040161 -1.4634313583374023 0 0 0 0 Pedestrian