3.205798625946045 -3.3780815601348877 -1.302585482597351 0 0 0 0 Pedestrian
5.176025867462158 -0.8406581878662109 -1.5736687183380127 0 0 0 0 Pedestrian
-5.844402313232422 2.7130770683288574 -1.7644014358520508 0 0 0 0 Pedestrian
3.181443929672241 -3.5553088188171387 -1.656240701675415 0 0 0 0 Pedestrian
6.089041709899902 -4.727816104888916 -1.3059592247009277 0 0 0 0 Pedestrian
-3.262075185775757 -7.008756160736084 -1.265796422958374 0 0 0 0 Pedestrian
6.271091461181641 -5.20100212097168 -1.675356149673462 0 0 0 0 Pedestrian
10.368882179260254 4.052955150604248 -1.3082818984985352 0 0 0 0 Pedestrian
10.658369064331055 6.03135347366333 -1.5300699472427368 0 0 0 0 Pedestrian
0.05462304875254631 11.268263816833496 -2.29618501663208 0 0 0 0 Pedestrian
16.140117645263672 -7.577080249786377 -1.3908520936965942 0 0 0 0 Pedestrian
-26.41796112060547 1.1380726099014282 -1.297491431236267 0 0 0 0 Pedestrian