3.2880046367645264 -3.7423925399780273 -1.4199665784835815 0 0 0 0 Pedestrian
-5.833948612213135 2.688296318054199 -1.7558259963989258 0 0 0 0 Pedestrian
-3.2691776752471924 -6.999856472015381 -1.239410638809204 0 0 0 0 Pedestrian
8.566049575805664 -5.794961452484131 -1.2294493913650513 0 0 0 0 Pedestrian
-7.989222049713135 2.05910325050354 -2.3034913539886475 0 0 0 0 Pedestrian
2.819373607635498 10.0742826461792 -2.0614171028137207 0 0 0 0 Pedestrian
9.717208862304688 5.990865230560303 -2.5853450298309326 0 0 0 0 Pedestrian
10.365777015686035 4.118805408477783 -1.1943995952606201 0 0 0 0 Pedestrian
0.054579250514507294 11.281189918518066 -2.2990527153015137 0 0 0 0 Pedestrian
-11.567091941833496 4.708573818206787 -1.9510506391525269 0 0 0 0 Pedestrian
13.972029685974121 -1.4527658224105835 -1.4774670600891113 0 0 0 0 Pedestrian
16.1185359954834 -7.5670166015625 -1.3891900777816772 0 0 0 0 Pedestrian
-26.427837371826172 1.1381659507751465 -1.4634159803390503 0 0 0 0 Pedestrian