4.100005626678467 1.7898246049880981 -1.5068445205688477 0 0 0 0 Pedestrian
5.182219505310059 -0.8375344276428223 -1.5661836862564087 0 0 0 0 Pedestrian
6.01944637298584 -4.607415199279785 -1.2708747386932373 0 0 0 0 Pedestrian
-3.253267288208008 -7.0164055824279785 -1.2746622562408447 0 0 0 0 Pedestrian
6.347938060760498 -5.197701930999756 -1.9589558839797974 0 0 0 0 Pedestrian
2.8203048706054688 10.078022003173828 -2.0619101524353027 0 0 0 0 Pedestrian
10.392080307006836 4.040467739105225 -1.2212929725646973 0 0 0 0 Pedestrian
9.742945671081543 5.995755672454834 -2.590472459793091 0 0 0 0 Pedestrian
0.009224497713148594 11.299880027770996 -2.3426289558410645 0 0 0 0 Pedestrian
6.259952068328857 9.055045127868652 -1.5310261249542236 0 0 0 0 Pedestrian
-11.580322265625 4.6042962074279785 -1.947096347808838 0 0 0 0 Pedestrian
14.035504341125488 -1.4603359699249268 -1.5633174180984497 0 0 0 0 Pedestrian
16.136255264282227 -7.591209411621094 -1.390966773033142 0 0 0 0 Pedestrian
-26.437463760375977 1.1384207010269165 -1.4636667966842651 0 0 0 0 Pedestrian