3.793222665786743 -3.6661531925201416 -1.4463835954666138 0 0 0 0 Pedestrian
5.181366443634033 -0.8497952222824097 -1.5656352043151855 0 0 0 0 Pedestrian
-5.839354038238525 2.696134567260742 -1.7543741464614868 0 0 0 0 Pedestrian
-3.2660508155822754 -7.009144306182861 -1.2684385776519775 0 0 0 0 Pedestrian
2.822922706604004 10.087034225463867 -2.0640766620635986 0 0 0 0 Pedestrian
9.72878360748291 -6.031644821166992 -1.3166838884353638 0 0 0 0 Pedestrian
9.749845504760742 5.995523452758789 -2.5618770122528076 0 0 0 0 Pedestrian
0.0546397864818573 11.268745422363281 -2.2963569164276123 0 0 0 0 Pedestrian
-11.574885368347168 4.629547119140625 -1.9550526142120361 0 0 0 0 Pedestrian
14.026952743530273 -1.4595776796340942 -1.5626957416534424 0 0 0 0 Pedestrian
16.13456153869629 -7.600273132324219 -1.4004628658294678 0 0 0 0 Pedestrian
-26.409040451049805 1.1373746395111084 -1.461889386177063 0 0 0 0 Pedestrian