2.8764352798461914 4.109652042388916 -1.5136098861694336 0 0 0 0 Pedestrian
5.182338237762451 -0.8305437564849854 -1.56413733959198 0 0 0 0 Pedestrian
-5.829620361328125 2.6814396381378174 -1.7492382526397705 0 0 0 0 Pedestrian
-3.263960361480713 -7.027345657348633 -1.2914549112319946 0 0 0 0 Pedestrian
6.270118713378906 -5.208583831787109 -1.6729329824447632 0 0 0 0 Pedestrian
-8.348621368408203 -2.66837215423584 -1.139601230621338 0 0 0 0 Pedestrian
5.834559917449951 -5.633548736572266 -1.4639605283737183 0 0 0 0 Pedestrian
9.705875396728516 -6.032982349395752 -1.3247287273406982 0 0 0 0 Pedestrian
10.303934097290039 4.042730331420898 -1.4544717073440552 0 0 0 0 Pedestrian
9.743734359741211 5.991616725921631 -2.56054425239563 0 0 0 0 Pedestrian
0.05462519824504852 11.272634506225586 -2.297271728515625 0 0 0 0 Pedestrian
-11.60254955291748 4.681579113006592 -1.902934193611145 0 0 0 0 Pedestrian
-10.815156936645508 -1.904748558998108 -2.3091747760772705 0 0 0 0 Pedestrian
15.580832481384277 1.9420310258865356 -1.6139861345291138 0 0 0 0 Pedestrian
16.1475887298584 -7.580260276794434 -1.3913516998291016 0 0 0 0 Pedestrian
19.869487762451172 2.94575572013855 -1.729239821434021 0 0 0 0 Pedestrian
-26.378292083740234 1.0902055501937866 -1.3417507410049438 0 0 0 0 Pedestrian