5.172389030456543 -0.8406892418861389 -1.5657916069030762 0 0 0 0 Pedestrian
-5.270927429199219 1.7485662698745728 -1.47128164768219 0 0 0 0 Pedestrian
-3.260281801223755 -6.996971607208252 -1.2658615112304688 0 0 0 0 Pedestrian
6.27582311630249 -5.1960272789001465 -1.6802324056625366 0 0 0 0 Pedestrian
8.616307258605957 -5.828587055206299 -1.221571683883667 0 0 0 0 Pedestrian
10.306038856506348 4.014402866363525 -1.4957646131515503 0 0 0 0 Pedestrian
9.746353149414062 5.997690677642822 -2.5912575721740723 0 0 0 0 Pedestrian
0.2300383746623993 12.75007152557373 -2.235301971435547 0 0 0 0 Pedestrian
0.055039674043655396 11.27087116241455 -2.296557664871216 0 0 0 0 Pedestrian
-11.60079288482666 4.604328632354736 -1.9130390882492065 0 0 0 0 Pedestrian
13.775293350219727 9.219367980957031 -1.424809217453003 0 0 0 0 Pedestrian
16.14076805114746 -7.564727783203125 -1.3795788288116455 0 0 0 0 Pedestrian