3.811929941177368 3.749760866165161 -1.597878336906433 0 0 0 0 Pedestrian
5.173398971557617 -0.8455156683921814 -1.572542667388916 0 0 0 0 Pedestrian
-5.832659721374512 2.691392660140991 -1.7489376068115234 0 0 0 0 Pedestrian
6.258110046386719 -5.203741073608398 -1.6560813188552856 0 0 0 0 Pedestrian
5.830301284790039 -5.629501819610596 -1.4627634286880493 0 0 0 0 Pedestrian
10.329615592956543 4.030348300933838 -1.4900949001312256 0 0 0 0 Pedestrian
9.727309226989746 5.98646354675293 -2.5866050720214844 0 0 0 0 Pedestrian
0.05469583719968796 11.271222114562988 -2.296691656112671 0 0 0 0 Pedestrian
-10.815214157104492 -1.9042564630508423 -2.308330535888672 0 0 0 0 Pedestrian
13.76822566986084 9.182106971740723 -1.4806503057479858 0 0 0 0 Pedestrian
16.120548248291016 -7.593597412109375 -1.3993353843688965 0 0 0 0 Pedestrian