2.1228487491607666 4.167293071746826 -1.4947574138641357 0 0 0 0 Pedestrian
5.176299095153809 -0.8381732702255249 -1.5676569938659668 0 0 0 0 Pedestrian
2.4032793045043945 4.485471725463867 -1.517397165298462 0 0 0 0 Pedestrian
-5.831811428070068 2.6826999187469482 -1.7425436973571777 0 0 0 0 Pedestrian
-3.2593514919281006 -7.026937961578369 -1.2979458570480347 0 0 0 0 Pedestrian
6.270326137542725 -5.207002639770508 -1.6512906551361084 0 0 0 0 Pedestrian
-6.688885688781738 4.459873199462891 -2.0679662227630615 0 0 0 0 Pedestrian
5.8338541984558105 -5.644248008728027 -1.5213160514831543 0 0 0 0 Pedestrian
2.8221232891082764 10.083940505981445 -2.063473701477051 0 0 0 0 Pedestrian
10.317377090454102 4.042270660400391 -1.4112281799316406 0 0 0 0 Pedestrian
9.731362342834473 -6.07874059677124 -1.2005069255828857 0 0 0 0 Pedestrian
9.738287925720215 5.962525367736816 -2.5788168907165527 0 0 0 0 Pedestrian
0.25196483731269836 12.732998847961426 -2.2464053630828857 0 0 0 0 Pedestrian
-11.611422538757324 4.608357906341553 -1.9143227338790894 0 0 0 0 Pedestrian
16.14141845703125 -7.6036763191223145 -1.4011746644973755 0 0 0 0 Pedestrian
-26.44129180908203 1.1388473510742188 -1.464207649230957 0 0 0 0 Pedestrian