2.609177350997925 -3.3052687644958496 -1.32570219039917 0 0 0 0 Pedestrian
5.170228004455566 -0.8441605567932129 -1.56592857837677 0 0 0 0 Pedestrian
-5.856484413146973 2.71050763130188 -1.7263474464416504 0 0 0 0 Pedestrian
6.090695381164551 -4.715954303741455 -1.3190011978149414 0 0 0 0 Pedestrian
-3.258253335952759 -7.015295505523682 -1.289372205734253 0 0 0 0 Pedestrian
6.266108989715576 -5.207085132598877 -1.6709967851638794 0 0 0 0 Pedestrian
-0.12162874639034271 9.949264526367188 -2.18204402923584 0 0 0 0 Pedestrian
9.716639518737793 -6.020473003387451 -1.3296045064926147 0 0 0 0 Pedestrian
10.323080062866211 4.027647972106934 -1.441380500793457 0 0 0 0 Pedestrian
0.009593893773853779 11.298417091369629 -2.3420181274414062 0 0 0 0 Pedestrian
9.83779239654541 5.834405899047852 -2.5063657760620117 0 0 0 0 Pedestrian
13.91706371307373 -1.5450533628463745 -1.7258739471435547 0 0 0 0 Pedestrian