3.101898193359375 3.911112070083618 -1.5220773220062256 0 0 0 0 Pedestrian
-5.824518203735352 2.6911420822143555 -1.7413409948349 0 0 0 0 Pedestrian
3.4304075241088867 4.511857509613037 -1.5878654718399048 0 0 0 0 Pedestrian
-3.263516902923584 -7.003775596618652 -1.2671501636505127 0 0 0 0 Pedestrian
6.278777599334717 -5.21914005279541 -1.6523792743682861 0 0 0 0 Pedestrian
10.308298110961914 4.046424388885498 -1.4683330059051514 0 0 0 0 Pedestrian
9.745408058166504 5.967791557312012 -2.5808908939361572 0 0 0 0 Pedestrian
0.0096763139590621 11.299983978271484 -2.3421108722686768 0 0 0 0 Pedestrian
7.0364203453063965 10.349645614624023 -1.5150091648101807 0 0 0 0 Pedestrian
-11.603581428527832 4.605425834655762 -1.9133052825927734 0 0 0 0 Pedestrian
-10.785386085510254 -1.899375557899475 -2.3024418354034424 0 0 0 0 Pedestrian
16.166534423828125 -7.5896782875061035 -1.3935649394989014 0 0 0 0 Pedestrian
17.13485336303711 2.5552446842193604 -1.9591397047042847 0 0 0 0 Pedestrian
-26.38654899597168 1.0906144380569458 -1.3423796892166138 0 0 0 0 Pedestrian