2.394312858581543 -3.660379648208618 -1.3475004434585571 0 0 0 0 Pedestrian
5.17667293548584 -0.8393548130989075 -1.5626559257507324 0 0 0 0 Pedestrian
-5.830670356750488 2.692134141921997 -1.7516382932662964 0 0 0 0 Pedestrian
-3.254288911819458 -7.0133161544799805 -1.276612639427185 0 0 0 0 Pedestrian
7.258510112762451 -5.7107462882995605 -1.1952670812606812 0 0 0 0 Pedestrian
9.825590133666992 2.9680263996124268 -1.964071273803711 0 0 0 0 Pedestrian
8.63447380065918 -5.809387683868408 -1.2548103332519531 0 0 0 0 Pedestrian
2.825139045715332 10.094655990600586 -2.0657835006713867 0 0 0 0 Pedestrian
10.340201377868652 4.038549900054932 -1.425503134727478 0 0 0 0 Pedestrian
9.739885330200195 5.989095687866211 -2.5596325397491455 0 0 0 0 Pedestrian
-11.5726957321167 4.628576755523682 -1.9546263217926025 0 0 0 0 Pedestrian
16.089181900024414 -7.574896812438965 -1.3764989376068115 0 0 0 0 Pedestrian
-26.417795181274414 1.1380397081375122 -1.2975512742996216 0 0 0 0 Pedestrian