4.098026752471924 1.7368913888931274 -1.524688482284546 0 0 0 0 Pedestrian
5.176609039306641 -0.8443634510040283 -1.573583722114563 0 0 0 0 Pedestrian
-5.860436916351318 2.6956753730773926 -1.7332611083984375 0 0 0 0 Pedestrian
6.029541015625 -4.600995063781738 -1.2570031881332397 0 0 0 0 Pedestrian
-3.262674570083618 -7.009844779968262 -1.2660714387893677 0 0 0 0 Pedestrian
6.319731712341309 -5.1503005027771 -1.9629806280136108 0 0 0 0 Pedestrian
10.039493560791016 4.097205638885498 -1.222527265548706 0 0 0 0 Pedestrian
10.401924133300781 4.028593063354492 -1.3219738006591797 0 0 0 0 Pedestrian
9.741324424743652 5.9948296546936035 -2.590271234512329 0 0 0 0 Pedestrian
-11.557306289672852 4.688323974609375 -1.9383821487426758 0 0 0 0 Pedestrian
-10.827052116394043 -1.906579613685608 -2.311221122741699 0 0 0 0 Pedestrian
13.991621971130371 -1.454822301864624 -1.479194164276123 0 0 0 0 Pedestrian
13.736984252929688 9.109293937683105 -1.5346962213516235 0 0 0 0 Pedestrian
16.11891746520996 -7.588832855224609 -1.3788270950317383 0 0 0 0 Pedestrian
17.83399772644043 -7.77277135848999 -1.3883265256881714 0 0 0 0 Pedestrian
-26.419971466064453 1.138140082359314 -1.4629261493682861 0 0 0 0 Pedestrian