2.9533369541168213 -3.647508382797241 -1.3134019374847412 0 0 0 0 Pedestrian
4.203190803527832 1.643808126449585 -1.4990679025650024 0 0 0 0 Pedestrian
5.16917610168457 -0.8501781821250916 -1.5714818239212036 0 0 0 0 Pedestrian
-5.83484411239624 2.6936542987823486 -1.7522896528244019 0 0 0 0 Pedestrian
2.9584996700286865 -3.776721715927124 -1.603832483291626 0 0 0 0 Pedestrian
-3.2684860229492188 -7.01443338394165 -1.2691287994384766 0 0 0 0 Pedestrian
9.165191650390625 2.8695013523101807 -1.834267020225525 0 0 0 0 Pedestrian
8.562506675720215 -5.792705059051514 -1.2287558317184448 0 0 0 0 Pedestrian
2.8194167613983154 10.074690818786621 -2.0613133907318115 0 0 0 0 Pedestrian
10.302842140197754 4.04714822769165 -1.4774764776229858 0 0 0 0 Pedestrian
9.735330581665039 5.986758232116699 -2.5587081909179688 0 0 0 0 Pedestrian
-11.608390808105469 4.665885925292969 -1.917635202407837 0 0 0 0 Pedestrian
13.959563255310059 -1.4615074396133423 -1.5098025798797607 0 0 0 0 Pedestrian
13.74974536895752 9.117574691772461 -1.5362136363983154 0 0 0 0 Pedestrian
16.138032913208008 -7.563308238983154 -1.379546046257019 0 0 0 0 Pedestrian
-26.417367935180664 1.137910008430481 -1.4626073837280273 0 0 0 0 Pedestrian