3.1691813468933105 -3.7454044818878174 -1.4250617027282715 0 0 0 0 Pedestrian
5.166059494018555 -0.8557299971580505 -1.5737100839614868 0 0 0 0 Pedestrian
-5.8619585037231445 2.6963181495666504 -1.7337740659713745 0 0 0 0 Pedestrian
-3.2651572227478027 -7.007270812988281 -1.267865538597107 0 0 0 0 Pedestrian
8.57154655456543 -5.79877233505249 -1.2302887439727783 0 0 0 0 Pedestrian
9.722506523132324 5.978356838226318 -2.5550990104675293 0 0 0 0 Pedestrian
10.373064041137695 4.065488338470459 -1.2144863605499268 0 0 0 0 Pedestrian
0.05443718284368515 11.273388862609863 -2.2973005771636963 0 0 0 0 Pedestrian
-11.5838041305542 4.715803623199463 -1.9543176889419556 0 0 0 0 Pedestrian
14.02637004852295 -1.4591803550720215 -1.5619906187057495 0 0 0 0 Pedestrian
16.108762741088867 -7.5841522216796875 -1.3780345916748047 0 0 0 0 Pedestrian
-26.357919692993164 1.0893696546554565 -1.3405990600585938 0 0 0 0 Pedestrian