1.9019722938537598 4.25111198425293 -1.4793267250061035 0 0 0 0 Pedestrian
5.173581600189209 -0.8356896638870239 -1.5709238052368164 0 0 0 0 Pedestrian
2.271225690841675 4.571765422821045 -1.5484287738800049 0 0 0 0 Pedestrian
-5.813908100128174 2.680847406387329 -1.751699447631836 0 0 0 0 Pedestrian
6.2716217041015625 -5.20804500579834 -1.6516497135162354 0 0 0 0 Pedestrian
2.8214659690856934 10.081707000732422 -2.062993049621582 0 0 0 0 Pedestrian
10.3245267868042 4.017627716064453 -1.43318772315979 0 0 0 0 Pedestrian
9.762019157409668 -6.077273368835449 -1.1334917545318604 0 0 0 0 Pedestrian
9.736989974975586 5.962154865264893 -2.5783965587615967 0 0 0 0 Pedestrian
-11.614622116088867 4.609813213348389 -1.9149843454360962 0 0 0 0 Pedestrian
12.541181564331055 -6.791844844818115 -1.5410252809524536 0 0 0 0 Pedestrian
16.15384292602539 -7.583434581756592 -1.392293930053711 0 0 0 0 Pedestrian
-26.419248580932617 1.1378505229949951 -1.4626576900482178 0 0 0 0 Pedestrian