4.166369438171387 1.7181826829910278 -1.4738867282867432 0 0 0 0 Pedestrian
-5.857469081878662 2.694298028945923 -1.7324010133743286 0 0 0 0 Pedestrian
6.044785022735596 -4.691904544830322 -1.239878535270691 0 0 0 0 Pedestrian
-3.2603354454040527 -7.012828350067139 -1.2794358730316162 0 0 0 0 Pedestrian
6.296002388000488 -5.178911209106445 -1.7186535596847534 0 0 0 0 Pedestrian
2.822403907775879 10.085143089294434 -2.063671588897705 0 0 0 0 Pedestrian
5.750607967376709 -5.620072841644287 -1.4835346937179565 0 0 0 0 Pedestrian
10.355399131774902 4.037356853485107 -1.3445807695388794 0 0 0 0 Pedestrian
9.741902351379395 5.995570182800293 -2.590630292892456 0 0 0 0 Pedestrian
16.116451263427734 -7.5815582275390625 -1.3888490200042725 0 0 0 0 Pedestrian
-26.44186782836914 1.1849766969680786 -1.4408581256866455 0 0 0 0 Pedestrian