3.910851240158081 -3.706929922103882 -1.4417260885238647 0 0 0 0 Pedestrian
5.175680160522461 -0.8321157693862915 -1.5632660388946533 0 0 0 0 Pedestrian
-5.833614826202393 2.688188314437866 -1.7428187131881714 0 0 0 0 Pedestrian
6.807253837585449 3.0810670852661133 -1.294359803199768 0 0 0 0 Pedestrian
-3.2638325691223145 -7.004335880279541 -1.2672127485275269 0 0 0 0 Pedestrian
6.268556594848633 -5.205456256866455 -1.6417490243911743 0 0 0 0 Pedestrian
2.821336269378662 10.08126163482666 -2.0627682209014893 0 0 0 0 Pedestrian
10.304841995239258 4.056883335113525 -1.4285084009170532 0 0 0 0 Pedestrian
9.7113037109375 5.976441383361816 -2.5821869373321533 0 0 0 0 Pedestrian
10.651054382324219 6.145329475402832 -1.5594791173934937 0 0 0 0 Pedestrian
-10.819830894470215 -1.9054737091064453 -2.3099899291992188 0 0 0 0 Pedestrian
16.103748321533203 -7.5920796394348145 -1.3884141445159912 0 0 0 0 Pedestrian
-26.42635726928711 1.1382107734680176 -1.4630303382873535 0 0 0 0 Pedestrian