3.8465487957000732 -3.7063636779785156 -1.4411132335662842 0 0 0 0 Pedestrian
5.170015335083008 -0.8480952978134155 -1.572462558746338 0 0 0 0 Pedestrian
-3.264183759689331 -7.0052289962768555 -1.2675288915634155 0 0 0 0 Pedestrian
6.259252071380615 -5.1971659660339355 -1.6533970832824707 0 0 0 0 Pedestrian
8.771842956542969 5.2529473304748535 -2.6035423278808594 0 0 0 0 Pedestrian
10.352360725402832 4.039114475250244 -1.5479216575622559 0 0 0 0 Pedestrian
10.648633003234863 6.110085487365723 -1.452616810798645 0 0 0 0 Pedestrian
0.054680235683918 11.269586563110352 -2.296600580215454 0 0 0 0 Pedestrian
-11.575126647949219 4.711921215057373 -1.9525099992752075 0 0 0 0 Pedestrian
16.126726150512695 -7.575450897216797 -1.3789045810699463 0 0 0 0 Pedestrian
-26.430971145629883 1.138296127319336 -1.4633358716964722 0 0 0 0 Pedestrian