3.068866729736328 -3.6573431491851807 -1.2098983526229858 0 0 0 0 Pedestrian
5.1692681312561035 -0.8449745774269104 -1.5625123977661133 0 0 0 0 Pedestrian
3.064769744873047 -3.7628114223480225 -1.5341897010803223 0 0 0 0 Pedestrian
-5.832540988922119 2.6923956871032715 -1.7512502670288086 0 0 0 0 Pedestrian
-3.264292001724243 -7.021388053894043 -1.280807614326477 0 0 0 0 Pedestrian
8.622518539428711 -5.833014011383057 -1.2221513986587524 0 0 0 0 Pedestrian
10.289130210876465 4.069576740264893 -1.3911216259002686 0 0 0 0 Pedestrian
9.73794174194336 5.959787845611572 -2.547285795211792 0 0 0 0 Pedestrian
0.054209016263484955 11.28704833984375 -2.3003129959106445 0 0 0 0 Pedestrian
-11.564725875854492 4.691119194030762 -1.9394581317901611 0 0 0 0 Pedestrian
13.981057167053223 -1.43079674243927 -1.469099998474121 0 0 0 0 Pedestrian
16.14581298828125 -7.57986307144165 -1.3917772769927979 0 0 0 0 Pedestrian
-26.391826629638672 1.090810775756836 -1.3426264524459839 0 0 0 0 Pedestrian