2.2092645168304443 -3.6362063884735107 -1.3346036672592163 0 0 0 0 Pedestrian
5.179491996765137 -0.8368829488754272 -1.5640828609466553 0 0 0 0 Pedestrian
-5.854135990142822 2.7024786472320557 -1.735778570175171 0 0 0 0 Pedestrian
-3.2630913257598877 -7.002922058105469 -1.2672172784805298 0 0 0 0 Pedestrian
10.099875450134277 2.95987868309021 -2.0107789039611816 0 0 0 0 Pedestrian
2.821532964706421 10.081819534301758 -2.0629782676696777 0 0 0 0 Pedestrian
10.345394134521484 4.043375015258789 -1.3940880298614502 0 0 0 0 Pedestrian
9.736868858337402 5.987220764160156 -2.5589160919189453 0 0 0 0 Pedestrian
0.05454103276133537 11.272664070129395 -2.297119379043579 0 0 0 0 Pedestrian
-11.585853576660156 4.634378910064697 -1.9570423364639282 0 0 0 0 Pedestrian
16.126901626586914 -7.586635112762451 -1.3899115324020386 0 0 0 0 Pedestrian