2.082667350769043 -3.141411304473877 -1.231131672859192 0 0 0 0 Pedestrian
5.169321537017822 -0.8484042286872864 -1.5803565979003906 0 0 0 0 Pedestrian
-5.832726955413818 2.684140920639038 -1.748167872428894 0 0 0 0 Pedestrian
-3.2538833618164062 -7.0063276290893555 -1.2522575855255127 0 0 0 0 Pedestrian
6.273406028747559 -5.220256328582764 -1.667224407196045 0 0 0 0 Pedestrian
5.831772327423096 -5.619174480438232 -1.4668432474136353 0 0 0 0 Pedestrian
10.350658416748047 4.029331684112549 -1.423282504081726 0 0 0 0 Pedestrian
9.759795188903809 5.976438999176025 -2.5843474864959717 0 0 0 0 Pedestrian
-11.6154146194458 4.599826812744141 -1.9000210762023926 0 0 0 0 Pedestrian
0.009959674440324306 11.295047760009766 -2.3413562774658203 0 0 0 0 Pedestrian
16.146272659301758 -7.567366600036621 -1.3802897930145264 0 0 0 0 Pedestrian
-26.377866744995117 1.0901004076004028 -1.341851830482483 0 0 0 0 Pedestrian