4.101375579833984 1.8023169040679932 -1.5400831699371338 0 0 0 0 Pedestrian
5.181671142578125 -0.8416358828544617 -1.5703551769256592 0 0 0 0 Pedestrian
-5.849217414855957 2.691169500350952 -1.7388437986373901 0 0 0 0 Pedestrian
-3.263953924179077 -7.020462989807129 -1.2810498476028442 0 0 0 0 Pedestrian
10.042841911315918 4.086142063140869 -1.1996392011642456 0 0 0 0 Pedestrian
9.724284172058105 5.9842529296875 -2.5859148502349854 0 0 0 0 Pedestrian
10.403406143188477 4.051116943359375 -1.1184238195419312 0 0 0 0 Pedestrian
6.267782211303711 9.059503555297852 -1.4928969144821167 0 0 0 0 Pedestrian
-11.59019947052002 4.635035037994385 -1.8986092805862427 0 0 0 0 Pedestrian
13.991443634033203 -1.464991569519043 -1.5975408554077148 0 0 0 0 Pedestrian
13.780417442321777 9.1625394821167 -1.4738988876342773 0 0 0 0 Pedestrian
16.11573028564453 -7.5973615646362305 -1.3894593715667725 0 0 0 0 Pedestrian