5.1666154861450195 -0.8360812664031982 -1.5599771738052368 0 0 0 0 Pedestrian
-5.837103843688965 2.681730270385742 -1.740357518196106 0 0 0 0 Pedestrian
-3.260164499282837 -7.012547016143799 -1.2793662548065186 0 0 0 0 Pedestrian
6.273928642272949 -5.210062026977539 -1.6523096561431885 0 0 0 0 Pedestrian
10.415115356445312 3.9844746589660645 -1.4436153173446655 0 0 0 0 Pedestrian
-11.639537811279297 4.609085559844971 -1.9037432670593262 0 0 0 0 Pedestrian
0.05449724197387695 11.274491310119629 -2.2975313663482666 0 0 0 0 Pedestrian
12.5014066696167 -6.7909440994262695 -1.5757334232330322 0 0 0 0 Pedestrian
13.800887107849121 9.20168685913086 -1.425797939300537 0 0 0 0 Pedestrian
16.13587760925293 -7.574911594390869 -1.3902031183242798 0 0 0 0 Pedestrian
-26.413253784179688 1.137735366821289 -1.4623727798461914 0 0 0 0 Pedestrian
-23.806474685668945 8.257670402526855 -1.997314453125 0 0 0 0 Pedestrian