2.6622064113616943 4.066492080688477 -1.5576505661010742 0 0 0 0 Pedestrian
5.174526691436768 -0.851233720779419 -1.576002597808838 0 0 0 0 Pedestrian
-5.823469161987305 2.674856662750244 -1.7467578649520874 0 0 0 0 Pedestrian
3.0470690727233887 4.375244140625 -1.4890977144241333 0 0 0 0 Pedestrian
6.270113945007324 -5.206814289093018 -1.6513553857803345 0 0 0 0 Pedestrian
-6.720562934875488 4.451240062713623 -2.0730748176574707 0 0 0 0 Pedestrian
5.798740863800049 -5.627085208892822 -1.5197330713272095 0 0 0 0 Pedestrian
10.31738567352295 4.042829513549805 -1.454101800918579 0 0 0 0 Pedestrian
9.734529495239258 5.9864420890808105 -2.559084892272949 0 0 0 0 Pedestrian
0.009549538604915142 11.298527717590332 -2.3420324325561523 0 0 0 0 Pedestrian
7.0479350090026855 10.385833740234375 -1.5642423629760742 0 0 0 0 Pedestrian
-10.846692085266113 -1.893979549407959 -2.2685859203338623 0 0 0 0 Pedestrian
15.446261405944824 1.9908473491668701 -1.6513307094573975 0 0 0 0 Pedestrian
13.755677223205566 9.192889213562012 -1.4736231565475464 0 0 0 0 Pedestrian
16.131031036376953 -7.572604179382324 -1.3895846605300903 0 0 0 0 Pedestrian