1.4547162055969238 -3.486070156097412 -1.2274091243743896 0 0 0 0 Pedestrian
5.174019813537598 -0.8511046171188354 -1.5783724784851074 0 0 0 0 Pedestrian
-3.2611818313598633 -7.014401435852051 -1.2796849012374878 0 0 0 0 Pedestrian
10.323139190673828 4.029962539672852 -1.4052238464355469 0 0 0 0 Pedestrian
9.789920806884766 -5.988341331481934 -1.1781567335128784 0 0 0 0 Pedestrian
1.1486992835998535 12.237680435180664 -2.078925609588623 0 0 0 0 Pedestrian
0.22978538274765015 12.740578651428223 -2.233896493911743 0 0 0 0 Pedestrian
9.737248420715332 5.992075443267822 -2.5890464782714844 0 0 0 0 Pedestrian
0.05477306619286537 11.26414966583252 -2.2951207160949707 0 0 0 0 Pedestrian
16.146501541137695 -7.580082416534424 -1.3912575244903564 0 0 0 0 Pedestrian
-26.4239444732666 1.1382719278335571 -1.2978969812393188 0 0 0 0 Pedestrian