5.171433448791504 -0.8421797156333923 -1.5759329795837402 0 0 0 0 Pedestrian
-5.824113368988037 2.6858599185943604 -1.7552978992462158 0 0 0 0 Pedestrian
6.2741007804870605 -5.210128307342529 -1.6522777080535889 0 0 0 0 Pedestrian
10.327919960021973 4.0480499267578125 -1.4384064674377441 0 0 0 0 Pedestrian
0.22991059720516205 12.747260093688965 -2.2351248264312744 0 0 0 0 Pedestrian
-11.629213333129883 4.638066291809082 -1.8741178512573242 0 0 0 0 Pedestrian
6.398520469665527 9.23784351348877 -1.5221484899520874 0 0 0 0 Pedestrian
12.560988426208496 -6.788672924041748 -1.4938359260559082 0 0 0 0 Pedestrian
16.135549545288086 -7.562347888946533 -1.3796254396438599 0 0 0 0 Pedestrian
-26.400522232055664 1.0910109281539917 -1.3431226015090942 0 0 0 0 Pedestrian
-18.17905616760254 21.638832092285156 -1.8695340156555176 0 0 0 0 Pedestrian