1.7969261407852173 4.287299633026123 -1.496524691581726 0 0 0 0 Pedestrian
5.170562744140625 -0.8370036482810974 -1.5714317560195923 0 0 0 0 Pedestrian
2.1416287422180176 4.593079566955566 -1.5202717781066895 0 0 0 0 Pedestrian
-5.833201885223389 2.6776702404022217 -1.7354480028152466 0 0 0 0 Pedestrian
-3.2663004398345947 -7.009844779968262 -1.26834237575531 0 0 0 0 Pedestrian
6.272024154663086 -5.208364009857178 -1.6519328355789185 0 0 0 0 Pedestrian
10.316712379455566 4.04981803894043 -1.4116394519805908 0 0 0 0 Pedestrian
9.728081703186035 5.986847400665283 -2.586735725402832 0 0 0 0 Pedestrian
0.009708123281598091 11.294857025146484 -2.3411617279052734 0 0 0 0 Pedestrian
-11.628137588500977 4.660340785980225 -1.892000675201416 0 0 0 0 Pedestrian
12.522534370422363 -6.804955005645752 -1.5352689027786255 0 0 0 0 Pedestrian
16.148754119873047 -7.5966949462890625 -1.3917003870010376 0 0 0 0 Pedestrian