5.170624256134033 -0.8443909287452698 -1.5767438411712646 0 0 0 0 Pedestrian
-5.838358402252197 2.682258367538452 -1.7405118942260742 0 0 0 0 Pedestrian
-3.264986276626587 -7.006971836090088 -1.2677549123764038 0 0 0 0 Pedestrian
6.274595260620117 -5.207007884979248 -1.6670963764190674 0 0 0 0 Pedestrian
2.8216352462768555 10.082432746887207 -2.063100814819336 0 0 0 0 Pedestrian
5.834879398345947 -5.633966445922852 -1.4638972282409668 0 0 0 0 Pedestrian
10.29904556274414 4.050110816955566 -1.4613900184631348 0 0 0 0 Pedestrian
9.732933044433594 5.960352420806885 -2.578138828277588 0 0 0 0 Pedestrian
-11.60032844543457 4.6293463706970215 -1.9251856803894043 0 0 0 0 Pedestrian
0.05456946790218353 11.271049499511719 -2.296917200088501 0 0 0 0 Pedestrian
13.77039909362793 9.183436393737793 -1.481048822402954 0 0 0 0 Pedestrian
16.12074089050293 -7.559394836425781 -1.3656977415084839 0 0 0 0 Pedestrian