3.4526755809783936 -3.739877462387085 -1.4622312784194946 0 0 0 0 Pedestrian
5.177718162536621 -0.832776665687561 -1.550812005996704 0 0 0 0 Pedestrian
-5.856371879577637 2.6938493251800537 -1.732086181640625 0 0 0 0 Pedestrian
-3.2638962268829346 -7.004657745361328 -1.2674615383148193 0 0 0 0 Pedestrian
9.719797134399414 -6.025611400604248 -1.3157631158828735 0 0 0 0 Pedestrian
9.737314224243164 5.98793363571167 -2.5589842796325684 0 0 0 0 Pedestrian
10.336658477783203 4.1682209968566895 -1.106708288192749 0 0 0 0 Pedestrian
0.054790157824754715 11.27452278137207 -2.2973642349243164 0 0 0 0 Pedestrian
-11.634798049926758 4.5813798904418945 -1.9158141613006592 0 0 0 0 Pedestrian
-13.328487396240234 -1.7123898267745972 -1.3802467584609985 0 0 0 0 Pedestrian
13.774974822998047 9.15878677368164 -1.4734811782836914 0 0 0 0 Pedestrian
14.015379905700684 -1.4053984880447388 -1.6116045713424683 0 0 0 0 Pedestrian
16.125106811523438 -7.619375705718994 -1.383063554763794 0 0 0 0 Pedestrian