2.85359787940979 -3.649615526199341 -1.3575375080108643 0 0 0 0 Pedestrian
-3.263564109802246 -7.0197954177856445 -1.2548232078552246 0 0 0 0 Pedestrian
2.89971923828125 -3.776102304458618 -1.6127047538757324 0 0 0 0 Pedestrian
9.273011207580566 2.8826959133148193 -1.8256566524505615 0 0 0 0 Pedestrian
8.62432861328125 -5.802590847015381 -1.2533379793167114 0 0 0 0 Pedestrian
9.719361305236816 -6.0214457511901855 -1.300324559211731 0 0 0 0 Pedestrian
10.332045555114746 4.037597179412842 -1.4331616163253784 0 0 0 0 Pedestrian
9.764982223510742 5.97660493850708 -2.554192543029785 0 0 0 0 Pedestrian
-11.648543357849121 4.587226867675781 -1.9182997941970825 0 0 0 0 Pedestrian
13.767023086547852 9.200326919555664 -1.47489333152771 0 0 0 0 Pedestrian
13.963761329650879 -1.4495265483856201 -1.5038131475448608 0 0 0 0 Pedestrian
16.11879539489746 -7.582756996154785 -1.389339804649353 0 0 0 0 Pedestrian
-26.414024353027344 1.1375603675842285 -1.4622056484222412 0 0 0 0 Pedestrian