5.189183712005615 -0.8331035375595093 -1.5633904933929443 0 0 0 0 Pedestrian
-5.845323085784912 2.715522527694702 -1.7461141347885132 0 0 0 0 Pedestrian
-3.258924722671509 -7.009302139282227 -1.2657703161239624 0 0 0 0 Pedestrian
10.326372146606445 4.0666069984436035 -1.3558244705200195 0 0 0 0 Pedestrian
1.121427297592163 11.20373821258545 -2.0455832481384277 0 0 0 0 Pedestrian
0.24465011060237885 12.737445831298828 -2.2611021995544434 0 0 0 0 Pedestrian
9.735629081726074 5.96181058883667 -2.5785133838653564 0 0 0 0 Pedestrian
0.009703242219984531 11.294814109802246 -2.3413760662078857 0 0 0 0 Pedestrian
-11.603303909301758 4.66344690322876 -1.9166265726089478 0 0 0 0 Pedestrian
16.146038055419922 -7.5673322677612305 -1.3804312944412231 0 0 0 0 Pedestrian
-26.402923583984375 1.1371264457702637 -1.4616711139678955 0 0 0 0 Pedestrian