1.660264492034912 -3.5170998573303223 -1.2363086938858032 0 0 0 0 Pedestrian
5.181545734405518 -0.8444605469703674 -1.5719757080078125 0 0 0 0 Pedestrian
-5.857999324798584 2.717390537261963 -1.7355953454971313 0 0 0 0 Pedestrian
-3.26295804977417 -7.0185747146606445 -1.2804439067840576 0 0 0 0 Pedestrian
9.735186576843262 -5.970344066619873 -1.2754931449890137 0 0 0 0 Pedestrian
10.32160472869873 4.0483856201171875 -1.4271661043167114 0 0 0 0 Pedestrian
9.731650352478027 5.989054203033447 -2.5875022411346436 0 0 0 0 Pedestrian
0.05432939901947975 11.28199577331543 -2.2994894981384277 0 0 0 0 Pedestrian
-10.812936782836914 -1.931026816368103 -2.3084990978240967 0 0 0 0 Pedestrian
16.1407527923584 -7.5822367668151855 -1.3802183866500854 0 0 0 0 Pedestrian
-26.419235229492188 1.1379504203796387 -1.46284019947052 0 0 0 0 Pedestrian