5.178837776184082 -0.8407728672027588 -1.5621702671051025 0 0 0 0 Pedestrian
-3.264047861099243 -7.005013465881348 -1.2673043012619019 0 0 0 0 Pedestrian
5.802858829498291 -5.630208492279053 -1.5196183919906616 0 0 0 0 Pedestrian
9.710569381713867 -5.985562324523926 -1.2821316719055176 0 0 0 0 Pedestrian
10.348956108093262 4.0470991134643555 -1.4267027378082275 0 0 0 0 Pedestrian
9.734877586364746 5.991002082824707 -2.588385581970215 0 0 0 0 Pedestrian
-0.036748047918081284 11.314156532287598 -2.2741575241088867 0 0 0 0 Pedestrian
-11.580184936523438 4.6041693687438965 -1.9471255540847778 0 0 0 0 Pedestrian
6.994598388671875 10.409767150878906 -1.571014642715454 0 0 0 0 Pedestrian
16.13115119934082 -7.57247257232666 -1.3897393941879272 0 0 0 0 Pedestrian
-26.450275421142578 1.1853430271148682 -1.4413297176361084 0 0 0 0 Pedestrian