5.168001174926758 -0.8468618392944336 -1.565798044204712 0 0 0 0 Pedestrian
-5.872138023376465 2.7225406169891357 -1.725310206413269 0 0 0 0 Pedestrian
-3.2626874446868896 -7.002140998840332 -1.2668256759643555 0 0 0 0 Pedestrian
5.805823802947998 -5.634173393249512 -1.5220506191253662 0 0 0 0 Pedestrian
10.311544418334961 4.054941654205322 -1.4518847465515137 0 0 0 0 Pedestrian
1.1343293190002441 11.40416145324707 -2.0342116355895996 0 0 0 0 Pedestrian
9.73951244354248 -6.09710693359375 -1.1011536121368408 0 0 0 0 Pedestrian
9.720492362976074 5.982049465179443 -2.5850789546966553 0 0 0 0 Pedestrian
0.229889914393425 12.747024536132812 -2.2349228858947754 0 0 0 0 Pedestrian
-11.601426124572754 4.6390156745910645 -1.9001277685165405 0 0 0 0 Pedestrian
16.132827758789062 -7.5653605461120605 -1.366947054862976 0 0 0 0 Pedestrian
-26.434619903564453 1.1845580339431763 -1.4402343034744263 0 0 0 0 Pedestrian