2.2918612957000732 -3.655357837677002 -1.3258845806121826 0 0 0 0 Pedestrian
5.179300308227539 -0.8331134915351868 -1.5487182140350342 0 0 0 0 Pedestrian
-5.850829601287842 2.6996781826019287 -1.7345439195632935 0 0 0 0 Pedestrian
-3.257983684539795 -7.007865905761719 -1.265425443649292 0 0 0 0 Pedestrian
-6.7137227058410645 4.468956470489502 -2.028545618057251 0 0 0 0 Pedestrian
2.8215575218200684 10.08220386505127 -2.0630483627319336 0 0 0 0 Pedestrian
9.72481918334961 -6.025475025177002 -1.3311716318130493 0 0 0 0 Pedestrian
10.330291748046875 4.042408466339111 -1.4438105821609497 0 0 0 0 Pedestrian
9.745813369750977 5.992738246917725 -2.561455726623535 0 0 0 0 Pedestrian
7.029524326324463 10.401497840881348 -1.593934416770935 0 0 0 0 Pedestrian
-11.569519996643066 4.709558963775635 -1.9515126943588257 0 0 0 0 Pedestrian
-10.83320426940918 -1.9072082042694092 -2.31198787689209 0 0 0 0 Pedestrian
0.8116885423660278 14.330286026000977 -2.090331792831421 0 0 0 0 Pedestrian
16.12570571899414 -7.561778545379639 -1.3662855625152588 0 0 0 0 Pedestrian
-26.43025779724121 1.1386607885360718 -1.2983229160308838 0 0 0 0 Pedestrian