3.3367526531219482 3.8605759143829346 -1.5245966911315918 0 0 0 0 Pedestrian
5.172262191772461 -0.8397015333175659 -1.56367027759552 0 0 0 0 Pedestrian
-5.826284408569336 2.6859683990478516 -1.748498558998108 0 0 0 0 Pedestrian
3.631173849105835 4.498406410217285 -1.6907988786697388 0 0 0 0 Pedestrian
-3.2615935802459717 -7.022133827209473 -1.2783713340759277 0 0 0 0 Pedestrian
6.274301052093506 -5.204989910125732 -1.6665997505187988 0 0 0 0 Pedestrian
9.711431503295898 -6.036409378051758 -1.3259705305099487 0 0 0 0 Pedestrian
10.310945510864258 4.042246341705322 -1.40988290309906 0 0 0 0 Pedestrian
9.736444473266602 5.9614973068237305 -2.5780749320983887 0 0 0 0 Pedestrian
0.054669734090566635 11.270254135131836 -2.2964093685150146 0 0 0 0 Pedestrian
-11.586365699768066 4.598269939422607 -1.9104983806610107 0 0 0 0 Pedestrian
13.794305801391602 9.271150588989258 -1.370002031326294 0 0 0 0 Pedestrian
16.125606536865234 -7.592212677001953 -1.3792705535888672 0 0 0 0 Pedestrian
17.145360946655273 2.517101764678955 -1.9876270294189453 0 0 0 0 Pedestrian