2.965643882751465 4.039126396179199 -1.4876781702041626 0 0 0 0 Pedestrian
5.180007457733154 -0.8336101174354553 -1.568493366241455 0 0 0 0 Pedestrian
-3.2632997035980225 -7.018619537353516 -1.2781165838241577 0 0 0 0 Pedestrian
6.269632816314697 -5.206445693969727 -1.6513211727142334 0 0 0 0 Pedestrian
9.712103843688965 -6.03702449798584 -1.3261250257492065 0 0 0 0 Pedestrian
10.315430641174316 4.0304131507873535 -1.427213430404663 0 0 0 0 Pedestrian
9.728387832641602 5.986900806427002 -2.5869903564453125 0 0 0 0 Pedestrian
-11.639920234680176 4.664834022521973 -1.8938443660736084 0 0 0 0 Pedestrian
-14.381630897521973 4.678986072540283 -1.9997029304504395 0 0 0 0 Pedestrian
16.126279830932617 -7.586606502532959 -1.3903610706329346 0 0 0 0 Pedestrian
19.452529907226562 2.715766191482544 -1.5016683340072632 0 0 0 0 Pedestrian
-26.36760139465332 1.089870572090149 -1.3411567211151123 0 0 0 0 Pedestrian