5.182938575744629 -0.8341070413589478 -1.561625599861145 0 0 0 0 Pedestrian
-5.848637580871582 2.7119438648223877 -1.743833065032959 0 0 0 0 Pedestrian
-3.257948160171509 -6.99976110458374 -1.2643581628799438 0 0 0 0 Pedestrian
10.307493209838867 4.051192283630371 -1.4427647590637207 0 0 0 0 Pedestrian
1.1060149669647217 11.103341102600098 -2.047231435775757 0 0 0 0 Pedestrian
9.734907150268555 -6.093222141265869 -1.1321724653244019 0 0 0 0 Pedestrian
9.748292922973633 5.9990458488464355 -2.591708183288574 0 0 0 0 Pedestrian
0.22975079715251923 12.740401268005371 -2.2337405681610107 0 0 0 0 Pedestrian
-11.578217506408691 4.713128089904785 -1.9528828859329224 0 0 0 0 Pedestrian
16.143573760986328 -7.565800189971924 -1.3797787427902222 0 0 0 0 Pedestrian
-26.39168357849121 1.0907269716262817 -1.3426069021224976 0 0 0 0 Pedestrian