1.60169517993927 4.839600086212158 -1.5773504972457886 0 0 0 0 Pedestrian
5.177785396575928 -0.8471431732177734 -1.5776231288909912 0 0 0 0 Pedestrian
-5.838810443878174 2.6812291145324707 -1.7351698875427246 0 0 0 0 Pedestrian
-3.2672860622406006 -7.011920928955078 -1.2688847780227661 0 0 0 0 Pedestrian
6.2732648849487305 -5.2095046043396 -1.652122139930725 0 0 0 0 Pedestrian
1.572177767753601 7.882516384124756 -2.1959922313690186 0 0 0 0 Pedestrian
10.297473907470703 4.058975696563721 -1.4335644245147705 0 0 0 0 Pedestrian
9.736124992370605 5.9616265296936035 -2.5787055492401123 0 0 0 0 Pedestrian
-11.590728759765625 4.676631450653076 -1.9007622003555298 0 0 0 0 Pedestrian
-13.360875129699707 -1.7168545722961426 -1.3832615613937378 0 0 0 0 Pedestrian
12.533845901489258 -6.787796497344971 -1.5399941205978394 0 0 0 0 Pedestrian
13.796290397644043 9.198691368103027 -1.4254050254821777 0 0 0 0 Pedestrian
-26.46621322631836 1.1861600875854492 -1.442474365234375 0 0 0 0 Pedestrian