2.3065288066864014 -3.2072086334228516 -1.2712522745132446 0 0 0 0 Pedestrian
5.175593376159668 -0.8478880524635315 -1.5888546705245972 0 0 0 0 Pedestrian
-5.840906620025635 2.6829171180725098 -1.7502256631851196 0 0 0 0 Pedestrian
-3.2644031047821045 -7.005678653717041 -1.2675764560699463 0 0 0 0 Pedestrian
6.270569324493408 -5.217843055725098 -1.666494369506836 0 0 0 0 Pedestrian
6.966331958770752 4.8972296714782715 -1.5037357807159424 0 0 0 0 Pedestrian
2.820894241333008 10.079610824584961 -2.062373399734497 0 0 0 0 Pedestrian
10.293699264526367 4.035887718200684 -1.505340337753296 0 0 0 0 Pedestrian
9.768082618713379 5.940513610839844 -2.573974609375 0 0 0 0 Pedestrian
7.0675787925720215 10.365974426269531 -1.5420812368392944 0 0 0 0 Pedestrian
0.0545806959271431 11.266401290893555 -2.295954942703247 0 0 0 0 Pedestrian
-11.643834114074707 4.6440887451171875 -1.8765337467193604 0 0 0 0 Pedestrian
13.758100509643555 9.147443771362305 -1.4721702337265015 0 0 0 0 Pedestrian
16.160118103027344 -7.58624792098999 -1.3924869298934937 0 0 0 0 Pedestrian