3.600501537322998 1.1619685888290405 -1.3334567546844482 0 0 0 0 Pedestrian
3.492971420288086 -3.521980047225952 -1.383621096611023 0 0 0 0 Pedestrian
5.1754069328308105 -0.8491604924201965 -1.5721772909164429 0 0 0 0 Pedestrian
-5.861196041107178 2.718903064727783 -1.7366143465042114 0 0 0 0 Pedestrian
-3.2604355812072754 -7.013078689575195 -1.2794405221939087 0 0 0 0 Pedestrian
6.248828887939453 -5.211137771606445 -1.6796237230300903 0 0 0 0 Pedestrian
10.313849449157715 4.05134391784668 -1.4270119667053223 0 0 0 0 Pedestrian
10.647381782531738 6.13546085357666 -1.4546139240264893 0 0 0 0 Pedestrian
0.05441637337207794 11.273990631103516 -2.297464609146118 0 0 0 0 Pedestrian
7.035022735595703 10.347190856933594 -1.5145329236984253 0 0 0 0 Pedestrian
-11.583611488342285 4.633403301239014 -1.9569206237792969 0 0 0 0 Pedestrian
16.13219451904297 -7.599411487579346 -1.4004653692245483 0 0 0 0 Pedestrian
-26.421279907226562 1.1381508111953735 -1.297898292541504 0 0 0 0 Pedestrian