5.178162097930908 -0.8534508943557739 -1.5860265493392944 0 0 0 0 Pedestrian
-5.812987804412842 2.6849725246429443 -1.7532814741134644 0 0 0 0 Pedestrian
-3.265629291534424 -7.000339508056641 -1.2666568756103516 0 0 0 0 Pedestrian
6.272992134094238 -5.212770938873291 -1.6737712621688843 0 0 0 0 Pedestrian
5.774208068847656 -5.603213310241699 -1.512514352798462 0 0 0 0 Pedestrian
10.330862998962402 4.044292449951172 -1.4210503101348877 0 0 0 0 Pedestrian
0.2298317700624466 12.745183944702148 -2.2346396446228027 0 0 0 0 Pedestrian
9.776829719543457 5.945606708526611 -2.576305866241455 0 0 0 0 Pedestrian
-11.606561660766602 4.626190185546875 -1.9107824563980103 0 0 0 0 Pedestrian
7.057800769805908 10.351964950561523 -1.5397042036056519 0 0 0 0 Pedestrian
0.05461881682276726 11.269105911254883 -2.296457290649414 0 0 0 0 Pedestrian
13.760279655456543 9.230462074279785 -1.4821741580963135 0 0 0 0 Pedestrian
16.137351989746094 -7.601735591888428 -1.4009928703308105 0 0 0 0 Pedestrian
-26.396100997924805 1.0909396409988403 -1.342903733253479 0 0 0 0 Pedestrian