3.932844877243042 3.7108561992645264 -1.6466035842895508 0 0 0 0 Pedestrian
5.183162212371826 -0.8304489850997925 -1.5517994165420532 0 0 0 0 Pedestrian
4.200271129608154 4.318387985229492 -1.7793422937393188 0 0 0 0 Pedestrian
-5.840304851531982 2.6882758140563965 -1.743575930595398 0 0 0 0 Pedestrian
-3.2610855102539062 -6.998746395111084 -1.2663443088531494 0 0 0 0 Pedestrian
6.264675617218018 -5.209141731262207 -1.657419204711914 0 0 0 0 Pedestrian
2.822523355484009 10.08564281463623 -2.0636425018310547 0 0 0 0 Pedestrian
10.370041847229004 4.027486324310303 -1.4545185565948486 0 0 0 0 Pedestrian
7.059421062469482 10.35403060913086 -1.5399566888809204 0 0 0 0 Pedestrian
-11.605701446533203 4.631453514099121 -1.9262726306915283 0 0 0 0 Pedestrian
0.054567404091358185 11.269576072692871 -2.29665470123291 0 0 0 0 Pedestrian
13.740691184997559 9.111674308776855 -1.535157561302185 0 0 0 0 Pedestrian
16.12129020690918 -7.5840229988098145 -1.3895260095596313 0 0 0 0 Pedestrian
-26.381282806396484 1.0903193950653076 -1.342002034187317 0 0 0 0 Pedestrian