2.514625310897827 -3.663038492202759 -1.3611528873443604 0 0 0 0 Pedestrian
5.176619052886963 -0.841609001159668 -1.5663257837295532 0 0 0 0 Pedestrian
-3.2617557048797607 -7.015829563140869 -1.2797938585281372 0 0 0 0 Pedestrian
8.611090660095215 -5.79363489151001 -1.2514129877090454 0 0 0 0 Pedestrian
9.713415145874023 -6.021425724029541 -1.3149652481079102 0 0 0 0 Pedestrian
10.316810607910156 4.057161331176758 -1.4612057209014893 0 0 0 0 Pedestrian
9.745326042175293 5.964975833892822 -2.549771308898926 0 0 0 0 Pedestrian
0.00945865735411644 11.297367095947266 -2.342214345932007 0 0 0 0 Pedestrian
-11.601163864135742 4.568946838378906 -1.9112128019332886 0 0 0 0 Pedestrian
13.7838773727417 9.164766311645508 -1.4741991758346558 0 0 0 0 Pedestrian
16.104270935058594 -7.576005935668945 -1.388114333152771 0 0 0 0 Pedestrian
-26.375722885131836 1.0901387929916382 -1.3416918516159058 0 0 0 0 Pedestrian