5.17438268661499 -0.8316980600357056 -1.5646321773529053 0 0 0 0 Pedestrian
-5.794680118560791 2.664290189743042 -1.7555034160614014 0 0 0 0 Pedestrian
-3.2647781372070312 -7.007004261016846 -1.2917097806930542 0 0 0 0 Pedestrian
6.261839866638184 -5.206846714019775 -1.6566553115844727 0 0 0 0 Pedestrian
-8.792619705200195 -1.0883500576019287 -1.5509206056594849 0 0 0 0 Pedestrian
2.824183225631714 10.091544151306152 -2.0648417472839355 0 0 0 0 Pedestrian
10.393461227416992 4.017091274261475 -1.3141237497329712 0 0 0 0 Pedestrian
9.739706993103027 5.961281776428223 -2.547745943069458 0 0 0 0 Pedestrian
0.049391426146030426 12.72030258178711 -2.1183907985687256 0 0 0 0 Pedestrian
-11.641799926757812 4.642792224884033 -1.8759466409683228 0 0 0 0 Pedestrian
13.964517593383789 -1.4090831279754639 -1.6887484788894653 0 0 0 0 Pedestrian
-13.77360725402832 5.757403373718262 -1.9845813512802124 0 0 0 0 Pedestrian
12.525927543640137 -6.80677604675293 -1.5356873273849487 0 0 0 0 Pedestrian
16.130210876464844 -7.598094940185547 -1.4001076221466064 0 0 0 0 Pedestrian