5.174552917480469 -0.8408781290054321 -1.5611404180526733 0 0 0 0 Pedestrian
-5.822357654571533 2.6945528984069824 -1.752873420715332 0 0 0 0 Pedestrian
-3.2668356895446777 -7.010982036590576 -1.2686119079589844 0 0 0 0 Pedestrian
6.277606964111328 -5.207712650299072 -1.6674078702926636 0 0 0 0 Pedestrian
2.8202576637268066 10.077497482299805 -2.0619537830352783 0 0 0 0 Pedestrian
10.349180221557617 4.0651984214782715 -1.4057291746139526 0 0 0 0 Pedestrian
12.664315223693848 2.6225171089172363 -1.5264878273010254 0 0 0 0 Pedestrian
9.755464553833008 5.973535060882568 -2.5834500789642334 0 0 0 0 Pedestrian
0.009643834084272385 11.301530838012695 -2.3428831100463867 0 0 0 0 Pedestrian
1.9004201889038086 14.7323637008667 -2.0498547554016113 0 0 0 0 Pedestrian
12.537487030029297 -6.789867877960205 -1.5405246019363403 0 0 0 0 Pedestrian
14.010479927062988 -1.5111292600631714 -1.8551735877990723 0 0 0 0 Pedestrian
16.118764877319336 -7.582792282104492 -1.3895386457443237 0 0 0 0 Pedestrian
17.126832962036133 2.5147972106933594 -1.9849612712860107 0 0 0 0 Pedestrian
-26.402509689331055 1.0911322832107544 -1.3433620929718018 0 0 0 0 Pedestrian