-5.052217483520508 -2.0499284267425537 -1.4928183555603027 0 0 0 0 Pedestrian
5.179527759552002 -0.8422116637229919 -1.5691208839416504 0 0 0 0 Pedestrian
-5.838271141052246 2.6787970066070557 -1.7352343797683716 0 0 0 0 Pedestrian
6.086876392364502 -4.708559513092041 -1.346175193786621 0 0 0 0 Pedestrian
-3.259854793548584 -7.004000186920166 -1.2393558025360107 0 0 0 0 Pedestrian
6.263574600219727 -5.208074569702148 -1.6541365385055542 0 0 0 0 Pedestrian
10.327977180480957 4.077944278717041 -1.2412049770355225 0 0 0 0 Pedestrian
12.613059043884277 2.3765459060668945 -1.4412411451339722 0 0 0 0 Pedestrian
9.731521606445312 5.989092826843262 -2.587613344192505 0 0 0 0 Pedestrian
0.1570509523153305 12.710620880126953 -1.9855661392211914 0 0 0 0 Pedestrian
-13.738587379455566 5.767920017242432 -1.925102949142456 0 0 0 0 Pedestrian
16.123125076293945 -7.594897270202637 -1.3994075059890747 0 0 0 0 Pedestrian