6.15339469909668 3.5701639652252197 -1.669662356376648 0 0 0 0 Pedestrian
3.515493392944336 4.397571086883545 -1.6767102479934692 0 0 0 0 Pedestrian
5.161700248718262 -0.85025554895401 -1.5768195390701294 0 0 0 0 Pedestrian
-5.801007270812988 2.6728997230529785 -1.751004695892334 0 0 0 0 Pedestrian
-3.261277198791504 -7.0148539543151855 -1.2798048257827759 0 0 0 0 Pedestrian
6.2739667892456055 -5.2099928855896 -1.6523921489715576 0 0 0 0 Pedestrian
-9.216492652893066 -0.8437947630882263 -1.7138396501541138 0 0 0 0 Pedestrian
9.706605911254883 -6.037543296813965 -1.310009241104126 0 0 0 0 Pedestrian
10.30715274810791 4.063212871551514 -1.4897969961166382 0 0 0 0 Pedestrian
10.645907402038574 5.999946117401123 -1.5474485158920288 0 0 0 0 Pedestrian
0.20513702929019928 12.747875213623047 -2.166816473007202 0 0 0 0 Pedestrian
-11.621219635009766 4.601690292358398 -1.9006671905517578 0 0 0 0 Pedestrian
13.783304214477539 9.224956512451172 -1.4253182411193848 0 0 0 0 Pedestrian
-13.753471374511719 5.773992538452148 -1.9274588823318481 0 0 0 0 Pedestrian
16.154272079467773 -7.583550930023193 -1.391889214515686 0 0 0 0 Pedestrian
-26.439733505249023 1.1390475034713745 -1.2988277673721313 0 0 0 0 Pedestrian