-3.4621880054473877 -2.4042062759399414 -1.3444538116455078 0 0 0 0 Pedestrian
5.177320957183838 -0.8395956158638 -1.5587083101272583 0 0 0 0 Pedestrian
-5.837344169616699 2.6719791889190674 -1.7447701692581177 0 0 0 0 Pedestrian
-3.2621445655822754 -7.009220600128174 -1.2541611194610596 0 0 0 0 Pedestrian
6.27500581741333 -5.212679386138916 -1.6742440462112427 0 0 0 0 Pedestrian
9.792706489562988 -5.931965351104736 -1.1674455404281616 0 0 0 0 Pedestrian
10.410228729248047 4.030776023864746 -1.3802237510681152 0 0 0 0 Pedestrian
9.743965148925781 5.966468334197998 -2.580324172973633 0 0 0 0 Pedestrian
0.14204728603363037 12.743952751159668 -2.1065433025360107 0 0 0 0 Pedestrian
-11.630293846130371 4.605531692504883 -1.9023611545562744 0 0 0 0 Pedestrian
7.076112747192383 10.340770721435547 -1.5576204061508179 0 0 0 0 Pedestrian
-10.836825370788574 -1.892363429069519 -2.2667391300201416 0 0 0 0 Pedestrian
13.94616413116455 -1.5052086114883423 -1.7288097143173218 0 0 0 0 Pedestrian
16.141809463500977 -7.603888511657715 -1.4010955095291138 0 0 0 0 Pedestrian
-26.37429428100586 1.0900324583053589 -1.3417562246322632 0 0 0 0 Pedestrian