-4.375431060791016 -2.2801101207733154 -1.4990739822387695 0 0 0 0 Pedestrian
5.177895545959473 -0.8396564722061157 -1.5619831085205078 0 0 0 0 Pedestrian
-5.842613220214844 2.6819334030151367 -1.7345978021621704 0 0 0 0 Pedestrian
-3.261599063873291 -6.999701023101807 -1.266362190246582 0 0 0 0 Pedestrian
6.271130561828613 -5.207737445831299 -1.6515311002731323 0 0 0 0 Pedestrian
5.838172435760498 -5.636927127838135 -1.4647337198257446 0 0 0 0 Pedestrian
10.323326110839844 4.057430267333984 -1.5207098722457886 0 0 0 0 Pedestrian
1.59170663356781 13.355036735534668 -2.0453200340270996 0 0 0 0 Pedestrian
13.528562545776367 2.244486093521118 -1.485425353050232 0 0 0 0 Pedestrian
9.764139175415039 5.938474655151367 -2.573356866836548 0 0 0 0 Pedestrian
10.42763900756836 3.1310298442840576 -2.3455936908721924 0 0 0 0 Pedestrian
-11.620231628417969 4.6376447677612305 -1.9288477897644043 0 0 0 0 Pedestrian
12.535643577575684 -6.788857936859131 -1.5403037071228027 0 0 0 0 Pedestrian
13.78035831451416 9.207016944885254 -1.5269275903701782 0 0 0 0 Pedestrian
13.948797225952148 -1.5310288667678833 -1.765268325805664 0 0 0 0 Pedestrian
16.1302547454834 -7.588254451751709 -1.3901503086090088 0 0 0 0 Pedestrian
-26.427932739257812 1.1384903192520142 -1.2981218099594116 0 0 0 0 Pedestrian