-3.1582062244415283 -2.5219569206237793 -1.3147099018096924 0 0 0 0 Pedestrian
-5.837241172790527 2.679778575897217 -1.7418924570083618 0 0 0 0 Pedestrian
-3.2585160732269287 -7.008553504943848 -1.300083875656128 0 0 0 0 Pedestrian
6.272535800933838 -5.208871364593506 -1.651585340499878 0 0 0 0 Pedestrian
5.831543445587158 -5.631042957305908 -1.4631162881851196 0 0 0 0 Pedestrian
10.331389427185059 4.039340496063232 -1.4502781629562378 0 0 0 0 Pedestrian
9.793374061584473 -5.951041221618652 -1.1770564317703247 0 0 0 0 Pedestrian
-11.606874465942383 4.63218879699707 -1.9264577627182007 0 0 0 0 Pedestrian
-10.814674377441406 -1.9040263891220093 -2.308122396469116 0 0 0 0 Pedestrian
12.546076774597168 -6.794408321380615 -1.541612148284912 0 0 0 0 Pedestrian
13.730202674865723 9.155661582946777 -1.594014286994934 0 0 0 0 Pedestrian
16.137731552124023 -7.563286781311035 -1.3795472383499146 0 0 0 0 Pedestrian