-5.27004861831665 -2.0224649906158447 -1.5458053350448608 0 0 0 0 Pedestrian
-5.833658695220947 2.683115005493164 -1.7427759170532227 0 0 0 0 Pedestrian
6.090258598327637 -4.709485054016113 -1.3291467428207397 0 0 0 0 Pedestrian
-3.2640247344970703 -7.004904747009277 -1.2675235271453857 0 0 0 0 Pedestrian
6.270425796508789 -5.212282180786133 -1.650498390197754 0 0 0 0 Pedestrian
10.306577682495117 4.134432792663574 -1.1684019565582275 0 0 0 0 Pedestrian
12.318315505981445 2.4499828815460205 -1.3910337686538696 0 0 0 0 Pedestrian
9.747833251953125 5.999240398406982 -2.591784954071045 0 0 0 0 Pedestrian
1.4275375604629517 12.52144718170166 -1.9534703493118286 0 0 0 0 Pedestrian
-11.603703498840332 4.630849838256836 -1.9258370399475098 0 0 0 0 Pedestrian
0.07844313234090805 12.757067680358887 -2.0463685989379883 0 0 0 0 Pedestrian
12.54030990600586 -6.791358947753906 -1.5409553050994873 0 0 0 0 Pedestrian
-13.732890129089355 5.765438079833984 -1.924423336982727 0 0 0 0 Pedestrian
-26.38413429260254 1.0904884338378906 -1.342106819152832 0 0 0 0 Pedestrian