5.168720722198486 -0.8560202121734619 -1.5850874185562134 0 0 0 0 Pedestrian
-5.820593357086182 2.703176975250244 -1.7443668842315674 0 0 0 0 Pedestrian
-3.2591729164123535 -7.010254859924316 -1.2789497375488281 0 0 0 0 Pedestrian
6.273401737213135 -5.209525108337402 -1.6521703004837036 0 0 0 0 Pedestrian
5.793376445770264 -5.634144306182861 -1.4915225505828857 0 0 0 0 Pedestrian
10.296598434448242 4.044493675231934 -1.4794995784759521 0 0 0 0 Pedestrian
9.743328094482422 5.996245861053467 -2.5906052589416504 0 0 0 0 Pedestrian
7.06706428527832 10.327710151672363 -1.555741786956787 0 0 0 0 Pedestrian
0.05462293326854706 11.27756118774414 -2.2981033325195312 0 0 0 0 Pedestrian
1.8339431285858154 14.638605117797852 -2.084287166595459 0 0 0 0 Pedestrian
12.516533851623535 -6.801689147949219 -1.5345197916030884 0 0 0 0 Pedestrian
13.923527717590332 -1.510331392288208 -1.5500844717025757 0 0 0 0 Pedestrian
16.12902069091797 -7.597410678863525 -1.3999896049499512 0 0 0 0 Pedestrian
17.061992645263672 2.616719961166382 -1.8790730237960815 0 0 0 0 Pedestrian
22.829004287719727 1.871310830116272 -1.503273367881775 0 0 0 0 Pedestrian
-26.436071395874023 1.138903021812439 -1.2987306118011475 0 0 0 0 Pedestrian