-6.378970623016357 -1.7863743305206299 -1.5672101974487305 0 0 0 0 Pedestrian
5.172772407531738 -0.8399515748023987 -1.5636366605758667 0 0 0 0 Pedestrian
-5.815500259399414 2.7020745277404785 -1.7427282333374023 0 0 0 0 Pedestrian
-3.2634003162384033 -7.004054069519043 -1.2909846305847168 0 0 0 0 Pedestrian
6.274369239807129 -5.215457916259766 -1.651615858078003 0 0 0 0 Pedestrian
8.074136734008789 3.4885411262512207 -1.5387250185012817 0 0 0 0 Pedestrian
10.327971458435059 4.04636287689209 -1.4035619497299194 0 0 0 0 Pedestrian
9.719545364379883 5.9767961502075195 -2.554570436477661 0 0 0 0 Pedestrian
-0.011611897498369217 11.310315132141113 -2.221705436706543 0 0 0 0 Pedestrian
-11.681118965148926 4.6154961585998535 -1.9452604055404663 0 0 0 0 Pedestrian
12.539406776428223 -6.790902614593506 -1.5410066843032837 0 0 0 0 Pedestrian
-13.738885879516602 5.768153667449951 -1.9252028465270996 0 0 0 0 Pedestrian
16.118375778198242 -7.582403182983398 -1.3893309831619263 0 0 0 0 Pedestrian