5.164834499359131 -0.8459441065788269 -1.5893499851226807 0 0 0 0 Pedestrian
-5.797634601593018 2.665775775909424 -1.7567861080169678 0 0 0 0 Pedestrian
-3.266014337539673 -7.009276390075684 -1.2682453393936157 0 0 0 0 Pedestrian
6.276618003845215 -5.208642482757568 -1.6672568321228027 0 0 0 0 Pedestrian
-8.34333610534668 -1.1364414691925049 -1.4755990505218506 0 0 0 0 Pedestrian
2.823573350906372 10.08939266204834 -2.064575433731079 0 0 0 0 Pedestrian
5.811665058135986 -5.6390581130981445 -1.522702932357788 0 0 0 0 Pedestrian
9.77645206451416 -6.090687274932861 -1.1260963678359985 0 0 0 0 Pedestrian
10.323166847229004 4.159450054168701 -1.1143985986709595 0 0 0 0 Pedestrian
9.781596183776855 5.915594577789307 -2.564589262008667 0 0 0 0 Pedestrian
-12.526019096374512 -1.267459750175476 -2.22127103805542 0 0 0 0 Pedestrian
6.346656322479248 9.264989852905273 -1.5218616724014282 0 0 0 0 Pedestrian
0.04939652234315872 12.719186782836914 -2.118238687515259 0 0 0 0 Pedestrian
-11.585424423217773 4.692087650299072 -1.915523648262024 0 0 0 0 Pedestrian
13.982816696166992 -1.4122191667556763 -1.6967920064926147 0 0 0 0 Pedestrian
12.524038314819336 -6.805795669555664 -1.535604476928711 0 0 0 0 Pedestrian
16.12165069580078 -7.594351768493652 -1.3993399143218994 0 0 0 0 Pedestrian
-26.42128562927246 1.1382074356079102 -1.2977291345596313 0 0 0 0 Pedestrian