-3.2690298557281494 -7.0076141357421875 -1.2684071063995361 0 0 0 0 Pedestrian
6.26278018951416 -5.202517509460449 -1.6709734201431274 0 0 0 0 Pedestrian
-7.957728385925293 -1.3817919492721558 -1.4527736902236938 0 0 0 0 Pedestrian
9.156909942626953 3.1970624923706055 -1.5791934728622437 0 0 0 0 Pedestrian
-7.989720821380615 2.0592222213745117 -2.3037195205688477 0 0 0 0 Pedestrian
2.822251796722412 10.084707260131836 -2.0634093284606934 0 0 0 0 Pedestrian
10.357199668884277 4.096480846405029 -1.1297510862350464 0 0 0 0 Pedestrian
9.76557731628418 -6.083551406860352 -1.1248289346694946 0 0 0 0 Pedestrian
14.017780303955078 -1.4102648496627808 -1.724599003791809 0 0 0 0 Pedestrian
12.525701522827148 -6.806659698486328 -1.5357201099395752 0 0 0 0 Pedestrian
16.143896102905273 -7.56608247756958 -1.380010724067688 0 0 0 0 Pedestrian
-26.402088165283203 1.0912209749221802 -1.3431519269943237 0 0 0 0 Pedestrian