6.536791801452637 3.858006715774536 -1.7190351486206055 0 0 0 0 Pedestrian
-5.821037292480469 2.6971850395202637 -1.7429943084716797 0 0 0 0 Pedestrian
6.084962368011475 -4.698739528656006 -1.3156121969223022 0 0 0 0 Pedestrian
-3.265037775039673 -7.006874084472656 -1.2677361965179443 0 0 0 0 Pedestrian
6.272435188293457 -5.208816051483154 -1.6519758701324463 0 0 0 0 Pedestrian
9.386051177978516 3.141756534576416 -1.7090145349502563 0 0 0 0 Pedestrian
-7.778319358825684 -1.5718048810958862 -1.6803691387176514 0 0 0 0 Pedestrian
5.821106433868408 -5.648953914642334 -1.5264261960983276 0 0 0 0 Pedestrian
10.340530395507812 4.058703899383545 -1.3894591331481934 0 0 0 0 Pedestrian
13.980375289916992 -1.4146089553833008 -1.7323254346847534 0 0 0 0 Pedestrian
12.544928550720215 -6.793767929077148 -1.5413684844970703 0 0 0 0 Pedestrian
13.722212791442871 9.127898216247559 -1.5532060861587524 0 0 0 0 Pedestrian
16.096553802490234 -7.588408946990967 -1.388165831565857 0 0 0 0 Pedestrian
-26.429594039916992 1.1385935544967651 -1.2982572317123413 0 0 0 0 Pedestrian