6.656345844268799 3.804051399230957 -1.7122859954833984 0 0 0 0 Pedestrian
6.084578990936279 -4.705103874206543 -1.3279889822006226 0 0 0 0 Pedestrian
-3.263105869293213 -7.010860919952393 -1.2663615942001343 0 0 0 0 Pedestrian
6.26545524597168 -5.2079691886901855 -1.649390697479248 0 0 0 0 Pedestrian
9.58642864227295 3.053382635116577 -1.9556291103363037 0 0 0 0 Pedestrian
5.796687602996826 -5.624714374542236 -1.5186443328857422 0 0 0 0 Pedestrian
10.335062980651855 4.0053391456604 -1.4200139045715332 0 0 0 0 Pedestrian
9.751578330993652 -6.07463264465332 -1.1233347654342651 0 0 0 0 Pedestrian
13.993465423583984 -1.3853920698165894 -1.6107176542282104 0 0 0 0 Pedestrian
-13.766999244689941 5.760156631469727 -1.9385958909988403 0 0 0 0 Pedestrian
12.528200149536133 -6.808040618896484 -1.5360549688339233 0 0 0 0 Pedestrian
13.744592666625977 9.135382652282715 -1.5015339851379395 0 0 0 0 Pedestrian
16.1133975982666 -7.580075740814209 -1.3886898756027222 0 0 0 0 Pedestrian
-26.429758071899414 1.1386568546295166 -1.2982220649719238 0 0 0 0 Pedestrian