-5.826827526092529 2.68294620513916 -1.749550700187683 0 0 0 0 Pedestrian
-3.2583885192871094 -7.014011383056641 -1.2860918045043945 0 0 0 0 Pedestrian
6.266361713409424 -5.215784072875977 -1.6574581861495972 0 0 0 0 Pedestrian
10.19998836517334 3.1158194541931152 -1.8525665998458862 0 0 0 0 Pedestrian
10.334781646728516 4.039170742034912 -1.50018310546875 0 0 0 0 Pedestrian
13.414504051208496 2.2642009258270264 -1.4719014167785645 0 0 0 0 Pedestrian
9.732025146484375 5.984654903411865 -2.5575859546661377 0 0 0 0 Pedestrian
0.2351284921169281 12.757096290588379 -2.110646963119507 0 0 0 0 Pedestrian
10.477134704589844 3.14180326461792 -2.4329445362091064 0 0 0 0 Pedestrian
-11.60522174835205 4.60620641708374 -1.9137299060821533 0 0 0 0 Pedestrian
-10.810176849365234 -1.9034607410430908 -2.3073267936706543 0 0 0 0 Pedestrian
12.513263702392578 -6.797213554382324 -1.5772678852081299 0 0 0 0 Pedestrian
-13.755507469177246 5.722026348114014 -1.9765292406082153 0 0 0 0 Pedestrian
16.1273250579834 -7.586794376373291 -1.3901164531707764 0 0 0 0 Pedestrian