-3.9425947666168213 -2.3020646572113037 -1.3805180788040161 0 0 0 0 Pedestrian
5.169644355773926 -0.8352755308151245 -1.553510308265686 0 0 0 0 Pedestrian
-5.84384298324585 2.681431293487549 -1.7368481159210205 0 0 0 0 Pedestrian
-3.258862257003784 -6.994123935699463 -1.2654035091400146 0 0 0 0 Pedestrian
6.268889427185059 -5.2057929039001465 -1.6511729955673218 0 0 0 0 Pedestrian
10.34106731414795 4.053159236907959 -1.4367766380310059 0 0 0 0 Pedestrian
9.75127124786377 5.968088626861572 -2.5503203868865967 0 0 0 0 Pedestrian
10.615714073181152 3.1182491779327393 -2.2498462200164795 0 0 0 0 Pedestrian
0.2415585070848465 12.742888450622559 -2.188783645629883 0 0 0 0 Pedestrian
-11.623900413513184 4.658318519592285 -1.8911935091018677 0 0 0 0 Pedestrian
16.120763778686523 -7.58380651473999 -1.389182448387146 0 0 0 0 Pedestrian