-3.252375841140747 -2.4841299057006836 -1.3100513219833374 0 0 0 0 Pedestrian
-5.820062637329102 2.6725146770477295 -1.7512716054916382 0 0 0 0 Pedestrian
-3.261227607727051 -7.014839172363281 -1.2796080112457275 0 0 0 0 Pedestrian
-5.2551751136779785 1.7436761856079102 -1.466901183128357 0 0 0 0 Pedestrian
6.271430969238281 -5.207971096038818 -1.6512882709503174 0 0 0 0 Pedestrian
10.32992172241211 4.014659881591797 -1.4382392168045044 0 0 0 0 Pedestrian
9.733183860778809 5.960479259490967 -2.577852249145508 0 0 0 0 Pedestrian
0.18674632906913757 12.733579635620117 -2.188504457473755 0 0 0 0 Pedestrian
-11.602299690246582 4.604914665222168 -1.9129143953323364 0 0 0 0 Pedestrian
12.54784107208252 -6.795339107513428 -1.5417598485946655 0 0 0 0 Pedestrian
16.16547393798828 -7.5887370109558105 -1.3930695056915283 0 0 0 0 Pedestrian
-26.376434326171875 1.0902024507522583 -1.341760516166687 0 0 0 0 Pedestrian