-4.628324031829834 -2.1655797958374023 -1.5197670459747314 0 0 0 0 Pedestrian
-5.840922832489014 2.679990530014038 -1.7361290454864502 0 0 0 0 Pedestrian
-3.2640950679779053 -7.013139724731445 -1.26685631275177 0 0 0 0 Pedestrian
6.275805950164795 -5.216821670532227 -1.651839256286621 0 0 0 0 Pedestrian
10.00914192199707 3.1262576580047607 -1.928739309310913 0 0 0 0 Pedestrian
2.8206939697265625 10.0791597366333 -2.0622806549072266 0 0 0 0 Pedestrian
10.347391128540039 4.039312839508057 -1.492089033126831 0 0 0 0 Pedestrian
9.753053665161133 -5.953666687011719 -1.1596559286117554 0 0 0 0 Pedestrian
1.4980474710464478 13.057290077209473 -2.0296783447265625 0 0 0 0 Pedestrian
13.123833656311035 2.2810816764831543 -1.4392249584197998 0 0 0 0 Pedestrian
9.7264404296875 5.985971450805664 -2.5864999294281006 0 0 0 0 Pedestrian
0.2123231589794159 12.712556838989258 -2.039149522781372 0 0 0 0 Pedestrian
-11.59349250793457 4.601450443267822 -1.9114795923233032 0 0 0 0 Pedestrian
-13.726757049560547 5.754371643066406 -1.9742859601974487 0 0 0 0 Pedestrian
12.521133422851562 -6.804166793823242 -1.5350258350372314 0 0 0 0 Pedestrian
13.710984230041504 9.142746925354004 -1.5915476083755493 0 0 0 0 Pedestrian
13.948898315429688 -1.5485390424728394 -1.7302570343017578 0 0 0 0 Pedestrian
16.147510528564453 -7.568080425262451 -1.3803768157958984 0 0 0 0 Pedestrian
-26.40635871887207 1.0912727117538452 -1.343545913696289 0 0 0 0 Pedestrian