5.1684794425964355 -0.8444898128509521 -1.5751733779907227 0 0 0 0 Pedestrian
-5.8399977684021 2.6837973594665527 -1.7395986318588257 0 0 0 0 Pedestrian
-3.2635481357574463 -7.0119476318359375 -1.2666040658950806 0 0 0 0 Pedestrian
6.260064125061035 -5.195218086242676 -1.644748568534851 0 0 0 0 Pedestrian
10.320221900939941 4.019969940185547 -1.4507158994674683 0 0 0 0 Pedestrian
9.734057426452637 5.985812187194824 -2.5583319664001465 0 0 0 0 Pedestrian
0.22995945811271667 12.740767478942871 -2.2548553943634033 0 0 0 0 Pedestrian
0.054529353976249695 11.26966667175293 -2.2968339920043945 0 0 0 0 Pedestrian
-11.5806884765625 4.6724700927734375 -1.8990907669067383 0 0 0 0 Pedestrian
-10.829057693481445 -1.9071362018585205 -2.31205415725708 0 0 0 0 Pedestrian
1.9725033044815063 14.855691909790039 -2.0300772190093994 0 0 0 0 Pedestrian
12.546092987060547 -6.794384002685547 -1.5415852069854736 0 0 0 0 Pedestrian
13.918850898742676 -1.5452691316604614 -1.7262290716171265 0 0 0 0 Pedestrian
16.128087997436523 -7.562900066375732 -1.3661785125732422 0 0 0 0 Pedestrian
-26.4359130859375 1.1388533115386963 -1.298567771911621 0 0 0 0 Pedestrian