5.174798488616943 -0.8435152769088745 -1.5706555843353271 0 0 0 0 Pedestrian
6.084327220916748 -4.698286533355713 -1.3154247999191284 0 0 0 0 Pedestrian
-3.258463144302368 -7.008627891540527 -1.2657315731048584 0 0 0 0 Pedestrian
6.265071868896484 -5.202699184417725 -1.6498775482177734 0 0 0 0 Pedestrian
8.758854866027832 3.274946689605713 -1.5608439445495605 0 0 0 0 Pedestrian
10.33430004119873 4.148810863494873 -1.095909833908081 0 0 0 0 Pedestrian
9.795981407165527 5.891904830932617 -2.553715705871582 0 0 0 0 Pedestrian
14.00073528289795 -1.400891661643982 -1.7344317436218262 0 0 0 0 Pedestrian
12.544793128967285 -6.793761253356934 -1.5414643287658691 0 0 0 0 Pedestrian
-13.779898643493652 5.747607707977295 -1.9757152795791626 0 0 0 0 Pedestrian
16.09283447265625 -7.576374530792236 -1.3766071796417236 0 0 0 0 Pedestrian