-5.825808048248291 2.670289993286133 -1.7381610870361328 0 0 0 0 Pedestrian
6.085618019104004 -4.705883502960205 -1.3281430006027222 0 0 0 0 Pedestrian
-3.262413501739502 -6.992262840270996 -1.237791895866394 0 0 0 0 Pedestrian
6.277354717254639 -5.218082904815674 -1.6523127555847168 0 0 0 0 Pedestrian
7.756887912750244 3.4022412300109863 -1.426528811454773 0 0 0 0 Pedestrian
-9.130409240722656 -1.0061311721801758 -1.6408478021621704 0 0 0 0 Pedestrian
10.056352615356445 4.0776262283325195 -1.2543774843215942 0 0 0 0 Pedestrian
10.373743057250977 3.9964582920074463 -1.436790108680725 0 0 0 0 Pedestrian
9.754172325134277 -6.154708385467529 -1.1843829154968262 0 0 0 0 Pedestrian
9.727827072143555 5.956925392150879 -2.5761590003967285 0 0 0 0 Pedestrian
-11.79741382598877 -1.7188235521316528 -1.4417638778686523 0 0 0 0 Pedestrian
13.998183250427246 -1.3991776704788208 -1.7471318244934082 0 0 0 0 Pedestrian
12.544233322143555 -6.793381690979004 -1.5414789915084839 0 0 0 0 Pedestrian
13.726333618164062 9.125519752502441 -1.5708478689193726 0 0 0 0 Pedestrian
16.151487350463867 -7.5824689865112305 -1.3923237323760986 0 0 0 0 Pedestrian