5.182530879974365 -0.8394774198532104 -1.574366569519043 0 0 0 0 Pedestrian
-5.806347370147705 2.6677918434143066 -1.7522821426391602 0 0 0 0 Pedestrian
-3.2546775341033936 -7.014068603515625 -1.2764780521392822 0 0 0 0 Pedestrian
6.281693458557129 -5.218013286590576 -1.667917251586914 0 0 0 0 Pedestrian
-7.860515594482422 -1.4365077018737793 -1.4881947040557861 0 0 0 0 Pedestrian
9.270820617675781 3.14262056350708 -1.766180157661438 0 0 0 0 Pedestrian
10.323250770568848 4.038557529449463 -1.472192406654358 0 0 0 0 Pedestrian
9.749261856079102 -6.073105812072754 -1.1229526996612549 0 0 0 0 Pedestrian
10.626846313476562 6.106349468231201 -1.6597331762313843 0 0 0 0 Pedestrian
-11.592080116271973 4.625960350036621 -1.923941969871521 0 0 0 0 Pedestrian
6.97924280166626 10.386658668518066 -1.5672967433929443 0 0 0 0 Pedestrian
13.971403121948242 -1.3998159170150757 -1.718324899673462 0 0 0 0 Pedestrian
12.53010368347168 -6.785891056060791 -1.539533019065857 0 0 0 0 Pedestrian
-13.778182029724121 5.764803886413574 -1.940239429473877 0 0 0 0 Pedestrian
16.101673126220703 -7.580666542053223 -1.3773411512374878 0 0 0 0 Pedestrian
-26.387691497802734 1.0906835794448853 -1.3423898220062256 0 0 0 0 Pedestrian