5.992912292480469 3.5772757530212402 -1.6209412813186646 0 0 0 0 Pedestrian
3.409708023071289 4.429527759552002 -1.7002277374267578 0 0 0 0 Pedestrian
5.182855606079102 -0.8340566754341125 -1.5653712749481201 0 0 0 0 Pedestrian
0.3630959987640381 7.623721122741699 -1.8913244009017944 0 0 0 0 Pedestrian
-5.797173023223877 2.669205904006958 -1.7513431310653687 0 0 0 0 Pedestrian
-3.268770217895508 -7.007297039031982 -1.2544326782226562 0 0 0 0 Pedestrian
6.272550582885742 -5.205166339874268 -1.6662883758544922 0 0 0 0 Pedestrian
-9.115479469299316 -0.7984333038330078 -1.6743696928024292 0 0 0 0 Pedestrian
10.311545372009277 4.07841157913208 -1.4419397115707397 0 0 0 0 Pedestrian
10.640480041503906 6.084898471832275 -1.6600724458694458 0 0 0 0 Pedestrian
0.14990046620368958 12.733929634094238 -2.1283795833587646 0 0 0 0 Pedestrian
-11.593305587768555 4.6015472412109375 -1.9114570617675781 0 0 0 0 Pedestrian
-13.760520935058594 5.777121067047119 -1.9282619953155518 0 0 0 0 Pedestrian
16.13030433654785 -7.594166278839111 -1.379315733909607 0 0 0 0 Pedestrian
-26.378713607788086 1.0902631282806396 -1.3419150114059448 0 0 0 0 Pedestrian