5.064963340759277 3.6623167991638184 -1.6577339172363281 0 0 0 0 Pedestrian
0.12669925391674042 6.887086391448975 -1.942685604095459 0 0 0 0 Pedestrian
2.5695977210998535 4.629125595092773 -1.6860064268112183 0 0 0 0 Pedestrian
5.162837982177734 -0.8460776805877686 -1.5804059505462646 0 0 0 0 Pedestrian
-5.808825492858887 2.669409990310669 -1.746535062789917 0 0 0 0 Pedestrian
-3.2634081840515137 -7.003555774688721 -1.2673208713531494 0 0 0 0 Pedestrian
6.268815040588379 -5.212502479553223 -1.6582485437393188 0 0 0 0 Pedestrian
10.328688621520996 4.053983688354492 -1.337205410003662 0 0 0 0 Pedestrian
11.488025665283203 -0.42938610911369324 -1.4264073371887207 0 0 0 0 Pedestrian
0.22905899584293365 12.73563289642334 -2.1888937950134277 0 0 0 0 Pedestrian
-11.598608016967773 4.628620624542236 -1.9249846935272217 0 0 0 0 Pedestrian
-10.802627563476562 -1.902160406112671 -2.305856466293335 0 0 0 0 Pedestrian
-13.772016525268555 5.782104969024658 -1.9298173189163208 0 0 0 0 Pedestrian
16.13619613647461 -7.5752034187316895 -1.3907932043075562 0 0 0 0 Pedestrian
-26.423608779907227 1.138327956199646 -1.2978848218917847 0 0 0 0 Pedestrian