5.178147792816162 -0.8357846140861511 -1.567068099975586 0 0 0 0 Pedestrian
-3.263272285461426 -7.0192179679870605 -1.2806166410446167 0 0 0 0 Pedestrian
6.273157119750977 -5.209301948547363 -1.6519283056259155 0 0 0 0 Pedestrian
8.899147987365723 3.2597415447235107 -1.5611392259597778 0 0 0 0 Pedestrian
5.83605432510376 -5.6532979011535645 -1.4432765245437622 0 0 0 0 Pedestrian
10.361000061035156 4.1640625 -1.1105483770370483 0 0 0 0 Pedestrian
6.439584732055664 9.322896003723145 -1.4647462368011475 0 0 0 0 Pedestrian
-11.612791061401367 4.634664058685303 -1.9275113344192505 0 0 0 0 Pedestrian
9.818073272705078 5.85239315032959 -2.5758748054504395 0 0 0 0 Pedestrian
-0.02164960280060768 12.725335121154785 -2.1752185821533203 0 0 0 0 Pedestrian
14.000335693359375 -1.4225108623504639 -1.6578716039657593 0 0 0 0 Pedestrian
12.533782958984375 -6.787909507751465 -1.5399901866912842 0 0 0 0 Pedestrian
-13.783586502075195 5.749024391174316 -1.9763535261154175 0 0 0 0 Pedestrian
16.140771865844727 -7.56464147567749 -1.380011796951294 0 0 0 0 Pedestrian
-26.38370132446289 1.0904146432876587 -1.342232584953308 0 0 0 0 Pedestrian