-3.8336994647979736 -1.4704185724258423 -1.3392385244369507 0 0 0 0 Pedestrian
5.87565803527832 3.5792226791381836 -1.6848697662353516 0 0 0 0 Pedestrian
3.3049590587615967 4.446559906005859 -1.7208154201507568 0 0 0 0 Pedestrian
0.33893516659736633 7.517300128936768 -1.9587796926498413 0 0 0 0 Pedestrian
5.169173717498779 -0.837153971195221 -1.5817607641220093 0 0 0 0 Pedestrian
-3.2698428630828857 -6.990824222564697 -1.2381058931350708 0 0 0 0 Pedestrian
6.279151439666748 -5.207423210144043 -1.6634910106658936 0 0 0 0 Pedestrian
-9.036942481994629 -0.7569555640220642 -1.606330394744873 0 0 0 0 Pedestrian
9.703814506530762 -6.0265350341796875 -1.3159165382385254 0 0 0 0 Pedestrian
10.304862976074219 4.059679985046387 -1.4606060981750488 0 0 0 0 Pedestrian
10.652276039123535 6.034040927886963 -1.5583369731903076 0 0 0 0 Pedestrian
-11.596734046936035 4.628000259399414 -1.9246402978897095 0 0 0 0 Pedestrian
-13.76081371307373 5.777465343475342 -1.9280920028686523 0 0 0 0 Pedestrian
16.123023986816406 -7.560635089874268 -1.3660699129104614 0 0 0 0 Pedestrian
-26.423112869262695 1.1382800340652466 -1.2978252172470093 0 0 0 0 Pedestrian