5.175288677215576 -0.8446512222290039 -1.5877342224121094 0 0 0 0 Pedestrian
-3.264573574066162 -7.006124973297119 -1.2677669525146484 0 0 0 0 Pedestrian
6.266157627105713 -5.210443019866943 -1.6582695245742798 0 0 0 0 Pedestrian
2.823619842529297 10.088945388793945 -2.0647597312927246 0 0 0 0 Pedestrian
10.318635940551758 4.065410614013672 -1.4443566799163818 0 0 0 0 Pedestrian
9.731485366821289 5.984105587005615 -2.557213068008423 0 0 0 0 Pedestrian
0.2298762947320938 12.7459077835083 -2.2347445487976074 0 0 0 0 Pedestrian
0.009594406932592392 11.299928665161133 -2.3423986434936523 0 0 0 0 Pedestrian
-11.604089736938477 4.63112735748291 -1.9261231422424316 0 0 0 0 Pedestrian
1.9763485193252563 14.884892463684082 -2.0338680744171143 0 0 0 0 Pedestrian
12.541790008544922 -6.792144775390625 -1.5409560203552246 0 0 0 0 Pedestrian
13.949085235595703 -1.5486054420471191 -1.7300654649734497 0 0 0 0 Pedestrian
16.140899658203125 -7.593091011047363 -1.3911230564117432 0 0 0 0 Pedestrian
-26.38527488708496 1.0904438495635986 -1.342258334159851 0 0 0 0 Pedestrian