-2.68461537361145 -2.5855588912963867 -1.2390533685684204 0 0 0 0 Pedestrian
5.167640209197998 -0.8574864864349365 -1.5824546813964844 0 0 0 0 Pedestrian
-5.857377052307129 2.7108993530273438 -1.726850986480713 0 0 0 0 Pedestrian
-3.2647080421447754 -7.006516933441162 -1.26788330078125 0 0 0 0 Pedestrian
6.27197265625 -5.205145359039307 -1.6474320888519287 0 0 0 0 Pedestrian
10.325420379638672 4.040821075439453 -1.4633771181106567 0 0 0 0 Pedestrian
9.716174125671387 5.979186058044434 -2.583470582962036 0 0 0 0 Pedestrian
0.05441116914153099 11.276257514953613 -2.2982397079467773 0 0 0 0 Pedestrian
1.8290642499923706 14.599002838134766 -2.078629732131958 0 0 0 0 Pedestrian
15.561656951904297 1.988222599029541 -1.6334877014160156 0 0 0 0 Pedestrian
12.524730682373047 -6.806130409240723 -1.5354664325714111 0 0 0 0 Pedestrian
16.136001586914062 -7.575048923492432 -1.3904955387115479 0 0 0 0 Pedestrian
-26.403079986572266 1.0911805629730225 -1.3433653116226196 0 0 0 0 Pedestrian