4.261026382446289 3.7461347579956055 -1.6676104068756104 0 0 0 0 Pedestrian
-0.12231869250535965 6.303994655609131 -1.9178721904754639 0 0 0 0 Pedestrian
1.8926104307174683 4.859643936157227 -1.6492372751235962 0 0 0 0 Pedestrian
5.1657915115356445 -0.8393880724906921 -1.585282564163208 0 0 0 0 Pedestrian
-5.829151630401611 2.6785714626312256 -1.7310248613357544 0 0 0 0 Pedestrian
6.272927284240723 -5.207380294799805 -1.6885168552398682 0 0 0 0 Pedestrian
10.319883346557617 4.050695419311523 -1.3689125776290894 0 0 0 0 Pedestrian
9.724644660949707 5.9545979499816895 -2.5754013061523438 0 0 0 0 Pedestrian
0.2407672256231308 12.754570960998535 -2.192702293395996 0 0 0 0 Pedestrian
-11.604606628417969 4.631013870239258 -1.9257630109786987 0 0 0 0 Pedestrian
0.05510083585977554 11.253886222839355 -2.292959213256836 0 0 0 0 Pedestrian
7.009428024291992 10.371659278869629 -1.537002444267273 0 0 0 0 Pedestrian
13.728914260864258 9.127275466918945 -1.5710349082946777 0 0 0 0 Pedestrian
-26.384843826293945 1.0905120372772217 -1.3422107696533203 0 0 0 0 Pedestrian