5.169995307922363 -0.8347703814506531 -1.56915283203125 0 0 0 0 Pedestrian
-5.821831703186035 2.6685850620269775 -1.736978530883789 0 0 0 0 Pedestrian
-3.2665469646453857 -7.010842800140381 -1.2922762632369995 0 0 0 0 Pedestrian
0.4756414592266083 9.122822761535645 -2.0237505435943604 0 0 0 0 Pedestrian
6.270623207092285 -5.207159042358398 -1.6514209508895874 0 0 0 0 Pedestrian
10.043906211853027 4.041874408721924 -1.2314677238464355 0 0 0 0 Pedestrian
10.408945083618164 3.986783504486084 -1.4222960472106934 0 0 0 0 Pedestrian
9.735489845275879 5.9618353843688965 -2.578308343887329 0 0 0 0 Pedestrian
-11.728574752807617 -1.7548243999481201 -1.42940354347229 0 0 0 0 Pedestrian
-11.643484115600586 4.610543251037598 -1.9041728973388672 0 0 0 0 Pedestrian
13.961400985717773 -1.410090684890747 -1.6943628787994385 0 0 0 0 Pedestrian
12.486746788024902 -6.805883407592773 -1.5752122402191162 0 0 0 0 Pedestrian
13.763191223144531 9.150840759277344 -1.4724973440170288 0 0 0 0 Pedestrian