5.170930862426758 -0.8391645550727844 -1.5752315521240234 0 0 0 0 Pedestrian
-7.031178951263428 -1.5842716693878174 -1.5791723728179932 0 0 0 0 Pedestrian
-3.256542205810547 -7.0170063972473145 -1.2975339889526367 0 0 0 0 Pedestrian
6.270753860473633 -5.2125091552734375 -1.65021550655365 0 0 0 0 Pedestrian
10.343652725219727 4.048216342926025 -1.4480890035629272 0 0 0 0 Pedestrian
9.744048118591309 5.996429443359375 -2.5908119678497314 0 0 0 0 Pedestrian
7.073175430297852 10.336657524108887 -1.5568373203277588 0 0 0 0 Pedestrian
-11.651241302490234 4.613630294799805 -1.9054208993911743 0 0 0 0 Pedestrian
12.54812240600586 -6.795501708984375 -1.5418514013290405 0 0 0 0 Pedestrian
-13.733501434326172 5.765567302703857 -1.9245336055755615 0 0 0 0 Pedestrian
16.161813735961914 -7.574198246002197 -1.3812973499298096 0 0 0 0 Pedestrian