5.167636871337891 -0.8406696319580078 -1.573833703994751 0 0 0 0 Pedestrian
-5.822113037109375 2.68072509765625 -1.7477514743804932 0 0 0 0 Pedestrian
-4.176950931549072 -2.3998160362243652 -1.6427525281906128 0 0 0 0 Pedestrian
-3.263549566268921 -7.004032135009766 -1.2673958539962769 0 0 0 0 Pedestrian
6.26812744140625 -5.210338592529297 -1.6498703956604004 0 0 0 0 Pedestrian
5.795390605926514 -5.6072773933410645 -1.511065125465393 0 0 0 0 Pedestrian
9.788317680358887 -5.933386325836182 -1.183600902557373 0 0 0 0 Pedestrian
9.724698066711426 5.984603404998779 -2.5856409072875977 0 0 0 0 Pedestrian
0.20418834686279297 12.765371322631836 -2.0800211429595947 0 0 0 0 Pedestrian
-11.58462905883789 4.674126148223877 -1.8997975587844849 0 0 0 0 Pedestrian
12.506425857543945 -6.7935943603515625 -1.5762526988983154 0 0 0 0 Pedestrian
16.146635055541992 -7.595896244049072 -1.3915435075759888 0 0 0 0 Pedestrian
-26.392391204833984 1.0908395051956177 -1.3426933288574219 0 0 0 0 Pedestrian