5.173254013061523 -0.8503157496452332 -1.5777003765106201 0 0 0 0 Pedestrian
-5.849507808685303 2.7092111110687256 -1.7303335666656494 0 0 0 0 Pedestrian
-3.2595911026000977 -7.011238098144531 -1.2790249586105347 0 0 0 0 Pedestrian
6.270884037017822 -5.214367866516113 -1.6592035293579102 0 0 0 0 Pedestrian
2.8220748901367188 10.083983421325684 -2.0633206367492676 0 0 0 0 Pedestrian
10.326534271240234 4.047730922698975 -1.4575912952423096 0 0 0 0 Pedestrian
9.723432540893555 5.9792022705078125 -2.555907964706421 0 0 0 0 Pedestrian
12.53452205657959 2.63238263130188 -1.4782812595367432 0 0 0 0 Pedestrian
7.0734171867370605 10.336859703063965 -1.5571047067642212 0 0 0 0 Pedestrian
1.879339575767517 14.692444801330566 -2.0743789672851562 0 0 0 0 Pedestrian
12.550748825073242 -6.796899795532227 -1.5422453880310059 0 0 0 0 Pedestrian
13.73128604888916 9.153949737548828 -1.5553258657455444 0 0 0 0 Pedestrian
16.127798080444336 -7.562928199768066 -1.3664145469665527 0 0 0 0 Pedestrian
17.107866287231445 2.5518252849578857 -1.9553401470184326 0 0 0 0 Pedestrian
19.474315643310547 2.7185635566711426 -1.5029252767562866 0 0 0 0 Pedestrian
-26.42743492126465 1.138501524925232 -1.2981241941452026 0 0 0 0 Pedestrian
-18.181625366210938 21.59239959716797 -1.9005579948425293 0 0 0 0 Pedestrian