4.723723411560059 4.2050323486328125 -1.7967294454574585 0 0 0 0 Pedestrian
-5.808324337005615 2.671358823776245 -1.7450309991836548 0 0 0 0 Pedestrian
6.085367202758789 -4.705704689025879 -1.328117847442627 0 0 0 0 Pedestrian
-3.262913942337036 -7.010303497314453 -1.2887533903121948 0 0 0 0 Pedestrian
0.4769326448440552 8.815789222717285 -1.9992036819458008 0 0 0 0 Pedestrian
6.269129753112793 -5.211104393005371 -1.6501864194869995 0 0 0 0 Pedestrian
-9.3062105178833 -0.9489607214927673 -1.7062596082687378 0 0 0 0 Pedestrian
9.95628833770752 4.123897075653076 -1.4140037298202515 0 0 0 0 Pedestrian
10.286219596862793 4.046669960021973 -1.4635275602340698 0 0 0 0 Pedestrian
9.753426551818848 5.997677803039551 -2.5629358291625977 0 0 0 0 Pedestrian
-11.69301700592041 -1.7261050939559937 -1.520192265510559 0 0 0 0 Pedestrian
-11.64484691619873 4.6110076904296875 -1.904319167137146 0 0 0 0 Pedestrian
14.009760856628418 -1.3925999402999878 -1.7104498147964478 0 0 0 0 Pedestrian
-13.773571968078613 5.762912273406982 -1.9397637844085693 0 0 0 0 Pedestrian
13.736186981201172 9.132046699523926 -1.571993350982666 0 0 0 0 Pedestrian
12.519027709960938 -6.803057670593262 -1.534942626953125 0 0 0 0 Pedestrian
16.148225784301758 -7.56808614730835 -1.3803585767745972 0 0 0 0 Pedestrian
-26.390119552612305 1.0907214879989624 -1.3424469232559204 0 0 0 0 Pedestrian