-5.8112101554870605 2.710761785507202 -1.7408156394958496 0 0 0 0 Pedestrian
-3.2597904205322266 -7.011274814605713 -1.3006556034088135 0 0 0 0 Pedestrian
6.2779622077941895 -5.218479156494141 -1.652233600616455 0 0 0 0 Pedestrian
8.261613845825195 3.4442968368530273 -1.5603002309799194 0 0 0 0 Pedestrian
10.43329906463623 3.9838099479675293 -1.4681414365768433 0 0 0 0 Pedestrian
9.746618270874023 5.965423583984375 -2.5502054691314697 0 0 0 0 Pedestrian
0.05481618642807007 11.275365829467773 -2.2976410388946533 0 0 0 0 Pedestrian
-11.59696102142334 4.628056526184082 -1.924778938293457 0 0 0 0 Pedestrian
11.204606056213379 2.577648162841797 -1.272246241569519 0 0 0 0 Pedestrian
12.548226356506348 -6.795535564422607 -1.5418950319290161 0 0 0 0 Pedestrian
14.018982887268066 -1.2085732221603394 -1.6444716453552246 0 0 0 0 Pedestrian
16.11835289001465 -7.599058151245117 -1.3900290727615356 0 0 0 0 Pedestrian
-26.409210205078125 1.091349720954895 -1.3437496423721313 0 0 0 0 Pedestrian