5.176684856414795 -0.8352605700492859 -1.5686235427856445 0 0 0 0 Pedestrian
-5.836891174316406 2.699509859085083 -1.7317931652069092 0 0 0 0 Pedestrian
-7.293452739715576 -1.5316810607910156 -1.4938342571258545 0 0 0 0 Pedestrian
6.082500457763672 -4.696836948394775 -1.3150614500045776 0 0 0 0 Pedestrian
6.2701568603515625 -5.206886291503906 -1.6513601541519165 0 0 0 0 Pedestrian
9.947667121887207 2.9861981868743896 -1.9792190790176392 0 0 0 0 Pedestrian
5.769811153411865 -5.62898063659668 -1.5196183919906616 0 0 0 0 Pedestrian
10.308621406555176 4.039515018463135 -1.4707520008087158 0 0 0 0 Pedestrian
9.768664360046387 -6.0758891105651855 -1.1164131164550781 0 0 0 0 Pedestrian
12.555339813232422 -6.799335956573486 -1.5427615642547607 0 0 0 0 Pedestrian
16.116836547851562 -7.5574541091918945 -1.3652396202087402 0 0 0 0 Pedestrian