3.8871216773986816 4.298137664794922 -1.7628823518753052 0 0 0 0 Pedestrian
6.5282673835754395 3.5291035175323486 -1.6962120532989502 0 0 0 0 Pedestrian
5.1710686683654785 -0.8329911828041077 -1.5516453981399536 0 0 0 0 Pedestrian
-5.806728839874268 2.6647837162017822 -1.750990867614746 0 0 0 0 Pedestrian
-3.259446144104004 -7.010925769805908 -1.2790706157684326 0 0 0 0 Pedestrian
0.42232224345207214 8.049147605895996 -1.98639714717865 0 0 0 0 Pedestrian
6.272854804992676 -5.209131240844727 -1.6521295309066772 0 0 0 0 Pedestrian
-9.403474807739258 -0.892561137676239 -1.7241002321243286 0 0 0 0 Pedestrian
10.312674522399902 4.0480475425720215 -1.396515965461731 0 0 0 0 Pedestrian
0.176849365234375 12.747162818908691 -2.150090456008911 0 0 0 0 Pedestrian
10.618553161621094 6.204774379730225 -1.4757466316223145 0 0 0 0 Pedestrian
-11.600205421447754 4.698375225067139 -1.918235421180725 0 0 0 0 Pedestrian
-13.724084854125977 5.761834144592285 -1.922959804534912 0 0 0 0 Pedestrian
12.550649642944336 -6.780350685119629 -1.6296504735946655 0 0 0 0 Pedestrian
16.147666931152344 -7.5678887367248535 -1.3805674314498901 0 0 0 0 Pedestrian