-4.959493160247803 -2.062570810317993 -1.4809757471084595 0 0 0 0 Pedestrian
-5.843544960021973 2.6813392639160156 -1.7368898391723633 0 0 0 0 Pedestrian
6.0870137214660645 -4.700345993041992 -1.3160388469696045 0 0 0 0 Pedestrian
-3.2618424892425537 -7.0002760887146 -1.266530156135559 0 0 0 0 Pedestrian
6.274375915527344 -5.210325241088867 -1.6524789333343506 0 0 0 0 Pedestrian
9.631974220275879 3.236125946044922 -1.8507331609725952 0 0 0 0 Pedestrian
9.77628231048584 -5.962935924530029 -1.192825198173523 0 0 0 0 Pedestrian
1.4334754943847656 12.795589447021484 -2.0785257816314697 0 0 0 0 Pedestrian
10.328193664550781 4.064187049865723 -1.3879534006118774 0 0 0 0 Pedestrian
9.735730171203613 5.991096496582031 -2.588564157485962 0 0 0 0 Pedestrian
-11.600842475891113 4.604319095611572 -1.9127919673919678 0 0 0 0 Pedestrian
0.1571687012910843 12.716712951660156 -1.9865036010742188 0 0 0 0 Pedestrian
12.543436050415039 -6.793005466461182 -1.541359543800354 0 0 0 0 Pedestrian
-13.740288734436035 5.7597784996032715 -1.9767652750015259 0 0 0 0 Pedestrian
13.936434745788574 -1.5472307205200195 -1.7284384965896606 0 0 0 0 Pedestrian
16.122968673706055 -7.594645023345947 -1.399355411529541 0 0 0 0 Pedestrian
-26.373872756958008 1.0901248455047607 -1.341528296470642 0 0 0 0 Pedestrian