5.47754430770874 3.6008734703063965 -1.7463254928588867 0 0 0 0 Pedestrian
0.20585723221302032 7.22600793838501 -1.93850839138031 0 0 0 0 Pedestrian
2.931968927383423 4.5191473960876465 -1.6983263492584229 0 0 0 0 Pedestrian
5.171405792236328 -0.8469700217247009 -1.5762321949005127 0 0 0 0 Pedestrian
-5.796696662902832 2.670750141143799 -1.7497588396072388 0 0 0 0 Pedestrian
-3.2723798751831055 -6.996273994445801 -1.2389795780181885 0 0 0 0 Pedestrian
6.267724990844727 -5.201589584350586 -1.6465706825256348 0 0 0 0 Pedestrian
-8.921672821044922 -0.5966958403587341 -1.433152675628662 0 0 0 0 Pedestrian
2.818260669708252 10.070294380187988 -2.0604445934295654 0 0 0 0 Pedestrian
5.785491943359375 -5.614427089691162 -1.515972375869751 0 0 0 0 Pedestrian
10.337970733642578 4.018535137176514 -1.510622501373291 0 0 0 0 Pedestrian
0.1415221393108368 12.73090934753418 -2.104583501815796 0 0 0 0 Pedestrian
-11.632305145263672 4.605716705322266 -1.902189016342163 0 0 0 0 Pedestrian
9.827306747436523 5.827962398529053 -2.504155158996582 0 0 0 0 Pedestrian
16.134601593017578 -7.600228786468506 -1.4001991748809814 0 0 0 0 Pedestrian
-26.442888259887695 1.139188289642334 -1.2990552186965942 0 0 0 0 Pedestrian