-5.940731048583984 -1.8856838941574097 -1.645110011100769 0 0 0 0 Pedestrian
-5.812046527862549 2.7078697681427 -1.747033715248108 0 0 0 0 Pedestrian
6.279726982116699 -5.2163004875183105 -1.6675280332565308 0 0 0 0 Pedestrian
-7.434430122375488 -2.66817045211792 -2.0238845348358154 0 0 0 0 Pedestrian
8.509520530700684 3.38692569732666 -1.614062786102295 0 0 0 0 Pedestrian
5.800638675689697 -5.62912130355835 -1.5203816890716553 0 0 0 0 Pedestrian
10.374998092651367 4.053360462188721 -1.234518051147461 0 0 0 0 Pedestrian
9.72640323638916 -6.065650463104248 -1.098523736000061 0 0 0 0 Pedestrian
9.741487503051758 5.989957332611084 -2.5597984790802 0 0 0 0 Pedestrian
1.0594444274902344 12.014554977416992 -1.8669785261154175 0 0 0 0 Pedestrian
7.076643466949463 10.341931343078613 -1.5574229955673218 0 0 0 0 Pedestrian
0.08859610557556152 12.704833030700684 -2.1558263301849365 0 0 0 0 Pedestrian
-11.602848052978516 4.681389331817627 -1.90268075466156 0 0 0 0 Pedestrian
-0.05820493772625923 11.383428573608398 -1.8839848041534424 0 0 0 0 Pedestrian
12.505420684814453 -6.793141841888428 -1.576184630393982 0 0 0 0 Pedestrian
16.134557723999023 -7.590418815612793 -1.3908933401107788 0 0 0 0 Pedestrian