5.173530578613281 -0.8444418907165527 -1.5795754194259644 0 0 0 0 Pedestrian
-5.812969207763672 2.6953582763671875 -1.7431219816207886 0 0 0 0 Pedestrian
-3.2612016201019287 -7.006794452667236 -1.2657151222229004 0 0 0 0 Pedestrian
6.268972396850586 -5.21459436416626 -1.6722346544265747 0 0 0 0 Pedestrian
-7.325780391693115 -2.490265130996704 -2.415584087371826 0 0 0 0 Pedestrian
9.748026847839355 -6.032298564910889 -1.1223936080932617 0 0 0 0 Pedestrian
9.727755546569824 5.9976396560668945 -2.5875840187072754 0 0 0 0 Pedestrian
11.7963228225708 2.5392472743988037 -1.4216583967208862 0 0 0 0 Pedestrian
10.352617263793945 4.184760093688965 -1.129683017730713 0 0 0 0 Pedestrian
-11.589851379394531 4.624993324279785 -1.9233273267745972 0 0 0 0 Pedestrian
1.0777900218963623 12.300666809082031 -1.904242753982544 0 0 0 0 Pedestrian
0.06813306361436844 12.693129539489746 -2.0790791511535645 0 0 0 0 Pedestrian
12.549294471740723 -6.796124458312988 -1.5419909954071045 0 0 0 0 Pedestrian
-13.723721504211426 5.761681079864502 -1.923097848892212 0 0 0 0 Pedestrian
16.139545440673828 -7.602428913116455 -1.4007784128189087 0 0 0 0 Pedestrian
-26.378719329833984 1.0903254747390747 -1.341734766960144 0 0 0 0 Pedestrian