4.092405796051025 1.8044761419296265 -1.555989146232605 0 0 0 0 Pedestrian
5.176642894744873 -0.8414121866226196 -1.5661081075668335 0 0 0 0 Pedestrian
-5.815189838409424 2.681375741958618 -1.7520607709884644 0 0 0 0 Pedestrian
1.0194257497787476 7.4070563316345215 -2.211514949798584 0 0 0 0 Pedestrian
-3.2588984966278076 -7.00965690612793 -1.2788488864898682 0 0 0 0 Pedestrian
6.268003940582275 -5.205008506774902 -1.650752067565918 0 0 0 0 Pedestrian
10.337770462036133 4.049779415130615 -1.407913088798523 0 0 0 0 Pedestrian
9.720758438110352 5.982378959655762 -2.5851123332977295 0 0 0 0 Pedestrian
-11.61849594116211 4.636714458465576 -1.9284261465072632 0 0 0 0 Pedestrian
12.544021606445312 -6.793329238891602 -1.5413665771484375 0 0 0 0 Pedestrian
1.9775724411010742 14.893686294555664 -2.035231113433838 0 0 0 0 Pedestrian
16.160734176635742 -7.586629390716553 -1.3926312923431396 0 0 0 0 Pedestrian