4.590565204620361 4.21821403503418 -1.7393388748168945 0 0 0 0 Pedestrian
5.1697797775268555 -0.8436843156814575 -1.5714579820632935 0 0 0 0 Pedestrian
-5.8255133628845215 2.661498785018921 -1.74079167842865 0 0 0 0 Pedestrian
6.086122035980225 -4.699644088745117 -1.3157936334609985 0 0 0 0 Pedestrian
-3.257413864135742 -7.012241363525391 -1.297062635421753 0 0 0 0 Pedestrian
0.4696185290813446 8.706880569458008 -1.9798985719680786 0 0 0 0 Pedestrian
6.261966705322266 -5.206937789916992 -1.6567728519439697 0 0 0 0 Pedestrian
-9.381617546081543 -0.9430837035179138 -1.733459234237671 0 0 0 0 Pedestrian
10.309586524963379 4.041205406188965 -1.458297848701477 0 0 0 0 Pedestrian
0.12147832661867142 12.739554405212402 -2.1870265007019043 0 0 0 0 Pedestrian
-11.596443176269531 4.6967644691467285 -1.9175783395767212 0 0 0 0 Pedestrian
12.5390625 -6.790651321411133 -1.5407905578613281 0 0 0 0 Pedestrian
16.140443801879883 -7.576651573181152 -1.361815094947815 0 0 0 0 Pedestrian
-26.36446762084961 1.0897120237350464 -1.3410130739212036 0 0 0 0 Pedestrian
-24.211772918701172 6.584977626800537 -1.7226135730743408 0 0 0 0 Pedestrian