-3.8330419063568115 -1.4841452836990356 -1.3880583047866821 0 0 0 0 Pedestrian
5.169490814208984 -0.8403712511062622 -1.5701067447662354 0 0 0 0 Pedestrian
-3.265509605407715 -7.009183883666992 -1.2766731977462769 0 0 0 0 Pedestrian
6.2669196128845215 -5.211045742034912 -1.6579936742782593 0 0 0 0 Pedestrian
8.161972999572754 3.4730002880096436 -1.5136208534240723 0 0 0 0 Pedestrian
10.048978805541992 4.065220832824707 -1.199545979499817 0 0 0 0 Pedestrian
10.32729721069336 4.047946929931641 -1.4307897090911865 0 0 0 0 Pedestrian
9.734472274780273 5.957884788513184 -2.546337604522705 0 0 0 0 Pedestrian
7.076389312744141 10.341548919677734 -1.5575085878372192 0 0 0 0 Pedestrian
0.05433109402656555 11.268732070922852 -2.296384572982788 0 0 0 0 Pedestrian
-11.616220474243164 4.704518795013428 -1.9204095602035522 0 0 0 0 Pedestrian
12.546163558959961 -6.794495105743408 -1.5415552854537964 0 0 0 0 Pedestrian
-13.740126609802246 5.768263816833496 -1.9257200956344604 0 0 0 0 Pedestrian
16.132043838500977 -7.560671329498291 -1.3789889812469482 0 0 0 0 Pedestrian
-26.390974044799805 1.0906418561935425 -1.342602014541626 0 0 0 0 Pedestrian