5.1678080558776855 -0.8544668555259705 -1.5890268087387085 0 0 0 0 Pedestrian
-5.799009799957275 2.6662564277648926 -1.7569817304611206 0 0 0 0 Pedestrian
-3.267629861831665 -7.012448787689209 -1.2690659761428833 0 0 0 0 Pedestrian
6.2560601234436035 -5.201925754547119 -1.6552890539169312 0 0 0 0 Pedestrian
8.360711097717285 3.2941782474517822 -1.4831966161727905 0 0 0 0 Pedestrian
-8.588155746459961 -1.1185264587402344 -1.4706292152404785 0 0 0 0 Pedestrian
10.34627914428711 4.154010772705078 -1.1279610395431519 0 0 0 0 Pedestrian
-11.591690063476562 4.694674968719482 -1.9165765047073364 0 0 0 0 Pedestrian
-12.580388069152832 -1.1991904973983765 -2.393312454223633 0 0 0 0 Pedestrian
14.029814720153809 -1.419507384300232 -1.738337755203247 0 0 0 0 Pedestrian
12.48465633392334 -6.8046875 -1.5747673511505127 0 0 0 0 Pedestrian
-13.779945373535156 5.747421741485596 -1.9759209156036377 0 0 0 0 Pedestrian
16.15888023376465 -7.57332181930542 -1.3814802169799805 0 0 0 0 Pedestrian
-26.427350997924805 1.1847480535507202 -1.2510483264923096 0 0 0 0 Pedestrian