-4.044917583465576 -2.2916643619537354 -1.382761001586914 0 0 0 0 Pedestrian
-5.844639778137207 2.682753086090088 -1.735313057899475 0 0 0 0 Pedestrian
6.278006553649902 -5.209737777709961 -1.66788911819458 0 0 0 0 Pedestrian
5.781221866607666 -5.622335910797119 -1.4889872074127197 0 0 0 0 Pedestrian
10.331343650817871 4.044971942901611 -1.4142028093338013 0 0 0 0 Pedestrian
10.575214385986328 3.1221158504486084 -2.2211668491363525 0 0 0 0 Pedestrian
9.736454010009766 5.959061145782471 -2.547022819519043 0 0 0 0 Pedestrian
0.2355552762746811 12.764483451843262 -2.134535312652588 0 0 0 0 Pedestrian
-11.592864036560059 4.677845478057861 -1.9013863801956177 0 0 0 0 Pedestrian
13.954752922058105 -1.5317295789718628 -1.7656818628311157 0 0 0 0 Pedestrian
16.137386322021484 -7.591859340667725 -1.3913933038711548 0 0 0 0 Pedestrian
-26.395246505737305 1.0910000801086426 -1.342759132385254 0 0 0 0 Pedestrian