4.245698928833008 4.24951171875 -1.7857033014297485 0 0 0 0 Pedestrian
5.175565242767334 -0.8454188108444214 -1.572230339050293 0 0 0 0 Pedestrian
-5.827481269836426 2.673130989074707 -1.7353872060775757 0 0 0 0 Pedestrian
6.910656929016113 3.420192241668701 -1.4191323518753052 0 0 0 0 Pedestrian
-3.259237051010132 -7.00241231918335 -1.2649269104003906 0 0 0 0 Pedestrian
0.41605839133262634 8.385202407836914 -1.971257209777832 0 0 0 0 Pedestrian
6.283262729644775 -5.208468914031982 -1.683946132659912 0 0 0 0 Pedestrian
-9.445531845092773 -0.8931574821472168 -1.7490203380584717 0 0 0 0 Pedestrian
10.357895851135254 4.029204845428467 -1.4649006128311157 0 0 0 0 Pedestrian
9.749224662780762 5.995224952697754 -2.562080144882202 0 0 0 0 Pedestrian
-11.650062561035156 4.612916946411133 -1.9054436683654785 0 0 0 0 Pedestrian
-13.723824501037598 5.761779308319092 -1.9230360984802246 0 0 0 0 Pedestrian
16.13304328918457 -7.565004825592041 -1.3664368391036987 0 0 0 0 Pedestrian
-26.38897705078125 1.0907161235809326 -1.342408537864685 0 0 0 0 Pedestrian