-5.156393527984619 -2.0451877117156982 -1.508116602897644 0 0 0 0 Pedestrian
5.171483516693115 -0.8477243185043335 -1.5829671621322632 0 0 0 0 Pedestrian
-5.84393310546875 2.6895875930786133 -1.735707402229309 0 0 0 0 Pedestrian
6.0867462158203125 -4.700096130371094 -1.3160252571105957 0 0 0 0 Pedestrian
-3.269700765609741 -6.999094009399414 -1.239457607269287 0 0 0 0 Pedestrian
6.265470504760742 -5.209959506988525 -1.657423973083496 0 0 0 0 Pedestrian
5.804969787597656 -5.633046627044678 -1.521047592163086 0 0 0 0 Pedestrian
10.326107025146484 4.089390754699707 -1.3194986581802368 0 0 0 0 Pedestrian
9.735968589782715 5.958648204803467 -2.54677677154541 0 0 0 0 Pedestrian
1.4262382984161377 12.623112678527832 -1.973758339881897 0 0 0 0 Pedestrian
12.449479103088379 2.423083543777466 -1.4257720708847046 0 0 0 0 Pedestrian
-11.618952751159668 4.657228469848633 -1.8908600807189941 0 0 0 0 Pedestrian
0.07862864434719086 12.700338363647461 -1.973310112953186 0 0 0 0 Pedestrian
-13.727505683898926 5.763228416442871 -1.9236246347427368 0 0 0 0 Pedestrian
16.143888473510742 -7.5786590576171875 -1.3908430337905884 0 0 0 0 Pedestrian