4.1343302726745605 3.749882698059082 -1.6574575901031494 0 0 0 0 Pedestrian
-0.20190152525901794 6.202765941619873 -1.8976296186447144 0 0 0 0 Pedestrian
1.7940198183059692 4.894368648529053 -1.6540374755859375 0 0 0 0 Pedestrian
5.172980308532715 -0.8366953134536743 -1.569370150566101 0 0 0 0 Pedestrian
-5.810059070587158 2.6819844245910645 -1.750256896018982 0 0 0 0 Pedestrian
6.253846645355225 -5.196835994720459 -1.650689959526062 0 0 0 0 Pedestrian
-7.980860233306885 2.0569658279418945 -2.3013532161712646 0 0 0 0 Pedestrian
2.8212246894836426 10.081076622009277 -2.062520980834961 0 0 0 0 Pedestrian
10.314155578613281 4.056293964385986 -1.4190268516540527 0 0 0 0 Pedestrian
9.724902153015137 5.984602928161621 -2.585777521133423 0 0 0 0 Pedestrian
-11.59608268737793 4.696850299835205 -1.9176807403564453 0 0 0 0 Pedestrian
-13.75415325164795 5.7245683670043945 -1.9248820543289185 0 0 0 0 Pedestrian
-26.415306091308594 1.1378958225250244 -1.2973607778549194 0 0 0 0 Pedestrian