-5.523504257202148 -1.9943994283676147 -1.6425586938858032 0 0 0 0 Pedestrian
5.159813404083252 -0.8377146124839783 -1.571914553642273 0 0 0 0 Pedestrian
-5.813408374786377 2.683626174926758 -1.7460041046142578 0 0 0 0 Pedestrian
6.092165470123291 -4.704329967498779 -1.3170872926712036 0 0 0 0 Pedestrian
-3.255310535430908 -7.007472038269043 -1.2961487770080566 0 0 0 0 Pedestrian
6.289107799530029 -5.213536262512207 -1.6855016946792603 0 0 0 0 Pedestrian
2.8225276470184326 10.085493087768555 -2.0637354850769043 0 0 0 0 Pedestrian
10.290616989135742 4.237882614135742 -1.1461700201034546 0 0 0 0 Pedestrian
0.08796926587820053 12.740377426147461 -2.1128664016723633 0 0 0 0 Pedestrian
7.060550212860107 10.318132400512695 -1.5543793439865112 0 0 0 0 Pedestrian
-11.598518371582031 4.6286516189575195 -1.9246715307235718 0 0 0 0 Pedestrian
12.545345306396484 -6.794124126434326 -1.5415682792663574 0 0 0 0 Pedestrian
-13.738807678222656 5.768048286437988 -1.925096869468689 0 0 0 0 Pedestrian
16.10930633544922 -7.594552993774414 -1.3892966508865356 0 0 0 0 Pedestrian
-26.379289627075195 1.0902221202850342 -1.3418723344802856 0 0 0 0 Pedestrian