3.7498040199279785 4.344409942626953 -1.7654180526733398 0 0 0 0 Pedestrian
6.402132034301758 3.5490167140960693 -1.6756818294525146 0 0 0 0 Pedestrian
5.172064304351807 -0.8444904088973999 -1.5746724605560303 0 0 0 0 Pedestrian
-5.815592288970947 2.6739563941955566 -1.7390509843826294 0 0 0 0 Pedestrian
-3.2606287002563477 -7.020000457763672 -1.2779635190963745 0 0 0 0 Pedestrian
0.4258882403373718 7.930219650268555 -1.9931349754333496 0 0 0 0 Pedestrian
6.28305196762085 -5.213931083679199 -1.6687850952148438 0 0 0 0 Pedestrian
-9.354056358337402 -0.8909834623336792 -1.7158100605010986 0 0 0 0 Pedestrian
10.333054542541504 4.039060592651367 -1.4383944272994995 0 0 0 0 Pedestrian
0.18673434853553772 12.735081672668457 -2.188849449157715 0 0 0 0 Pedestrian
-11.646350860595703 4.611872673034668 -1.9048409461975098 0 0 0 0 Pedestrian
-10.8319730758667 -1.8913240432739258 -2.265233039855957 0 0 0 0 Pedestrian
13.761393547058105 9.149711608886719 -1.4723528623580933 0 0 0 0 Pedestrian
-13.740381240844727 5.76829195022583 -1.9257651567459106 0 0 0 0 Pedestrian
12.594990730285645 -6.78312873840332 -1.642935872077942 0 0 0 0 Pedestrian
16.16185188293457 -7.587106704711914 -1.3925477266311646 0 0 0 0 Pedestrian
-26.441560745239258 1.139142394065857 -1.2989073991775513 0 0 0 0 Pedestrian