-3.8256354331970215 -2.3150269985198975 -1.3688416481018066 0 0 0 0 Pedestrian
-5.810462474822998 2.6779727935791016 -1.7506908178329468 0 0 0 0 Pedestrian
-3.263680934906006 -7.004007816314697 -1.2672092914581299 0 0 0 0 Pedestrian
6.276286602020264 -5.2171735763549805 -1.651977300643921 0 0 0 0 Pedestrian
2.821199893951416 10.08106803894043 -2.0626304149627686 0 0 0 0 Pedestrian
5.795485496520996 -5.623870849609375 -1.518602728843689 0 0 0 0 Pedestrian
10.335126876831055 4.028952598571777 -1.4585070610046387 0 0 0 0 Pedestrian
9.717968940734863 5.980496406555176 -2.5839571952819824 0 0 0 0 Pedestrian
0.24175018072128296 12.743491172790527 -2.1599841117858887 0 0 0 0 Pedestrian
10.71042251586914 3.1532959938049316 -2.2809484004974365 0 0 0 0 Pedestrian
-11.588032722473145 4.69344425201416 -1.9162458181381226 0 0 0 0 Pedestrian
1.6839396953582764 13.81369686126709 -2.150850296020508 0 0 0 0 Pedestrian
12.50331974029541 -6.792014122009277 -1.5759342908859253 0 0 0 0 Pedestrian
13.980836868286133 -1.5083270072937012 -1.7786198854446411 0 0 0 0 Pedestrian
16.15062713623047 -7.569465160369873 -1.3807250261306763 0 0 0 0 Pedestrian