-6.499362945556641 -1.7772417068481445 -1.5424073934555054 0 0 0 0 Pedestrian
5.176757335662842 -0.8389233946800232 -1.5533400774002075 0 0 0 0 Pedestrian
-5.790826320648193 2.6931393146514893 -1.751944899559021 0 0 0 0 Pedestrian
-3.2695887088775635 -7.000693321228027 -1.2670738697052002 0 0 0 0 Pedestrian
6.257547378540039 -5.203193187713623 -1.6559501886367798 0 0 0 0 Pedestrian
7.935067653656006 3.555173635482788 -1.5069525241851807 0 0 0 0 Pedestrian
2.822558641433716 10.085766792297363 -2.0636355876922607 0 0 0 0 Pedestrian
10.341278076171875 4.017608165740967 -1.449211597442627 0 0 0 0 Pedestrian
9.758587837219238 -6.079343795776367 -1.1239817142486572 0 0 0 0 Pedestrian
9.735565185546875 5.9590864181518555 -2.547305107116699 0 0 0 0 Pedestrian
0.05478411167860031 11.270730972290039 -2.2966058254241943 0 0 0 0 Pedestrian
-11.607903480529785 4.701564311981201 -1.919488787651062 0 0 0 0 Pedestrian
12.540409088134766 -6.791428565979004 -1.5408892631530762 0 0 0 0 Pedestrian
14.151495933532715 -1.130953073501587 -1.530706524848938 0 0 0 0 Pedestrian
-13.732697486877441 5.765280723571777 -1.924312949180603 0 0 0 0 Pedestrian
16.13227653503418 -7.59942102432251 -1.4002257585525513 0 0 0 0 Pedestrian
-26.397525787353516 1.091077208518982 -1.3428713083267212 0 0 0 0 Pedestrian