4.390821933746338 3.7376554012298584 -1.6740589141845703 0 0 0 0 Pedestrian
-0.06104043871164322 6.41237735748291 -1.9302358627319336 0 0 0 0 Pedestrian
1.9975638389587402 4.808629035949707 -1.6530240774154663 0 0 0 0 Pedestrian
5.178344249725342 -0.8387272357940674 -1.5808817148208618 0 0 0 0 Pedestrian
-5.81345272064209 2.6760144233703613 -1.7487326860427856 0 0 0 0 Pedestrian
6.2657341957092285 -5.2152099609375 -1.6572656631469727 0 0 0 0 Pedestrian
8.635916709899902 -5.810454368591309 -1.2549676895141602 0 0 0 0 Pedestrian
5.806454181671143 -5.634106159210205 -1.5215208530426025 0 0 0 0 Pedestrian
9.714972496032715 -6.006734848022461 -1.3276867866516113 0 0 0 0 Pedestrian
10.335885047912598 4.032009124755859 -1.448899745941162 0 0 0 0 Pedestrian
9.738411903381348 5.993119239807129 -2.589493751525879 0 0 0 0 Pedestrian
0.28317639231681824 12.752388954162598 -2.2173590660095215 0 0 0 0 Pedestrian
-11.609698295593262 4.633178234100342 -1.9267771244049072 0 0 0 0 Pedestrian
13.756867408752441 9.16478443145752 -1.5118101835250854 0 0 0 0 Pedestrian
-13.767549514770508 5.76055908203125 -1.9386759996414185 0 0 0 0 Pedestrian