5.1691765785217285 -0.8401445746421814 -1.5723479986190796 0 0 0 0 Pedestrian
-5.818085670471191 2.7010490894317627 -1.7508198022842407 0 0 0 0 Pedestrian
-3.2529046535491943 -6.9960103034973145 -1.2633213996887207 0 0 0 0 Pedestrian
6.266021728515625 -5.202764511108398 -1.646608829498291 0 0 0 0 Pedestrian
-7.993271827697754 2.0601463317871094 -2.3046178817749023 0 0 0 0 Pedestrian
2.8235063552856445 10.088886260986328 -2.0645508766174316 0 0 0 0 Pedestrian
10.3182373046875 4.045061111450195 -1.4411895275115967 0 0 0 0 Pedestrian
12.390385627746582 2.651885747909546 -1.4821983575820923 0 0 0 0 Pedestrian
0.2300368994474411 12.750375747680664 -2.235497236251831 0 0 0 0 Pedestrian
9.757858276367188 5.972755432128906 -2.5528109073638916 0 0 0 0 Pedestrian
7.071606159210205 10.334604263305664 -1.5568604469299316 0 0 0 0 Pedestrian
0.00967469997704029 11.288642883300781 -2.339956045150757 0 0 0 0 Pedestrian
-10.771405220031738 -1.7437111139297485 -1.7940545082092285 0 0 0 0 Pedestrian
1.8734561204910278 14.645371437072754 -2.0677428245544434 0 0 0 0 Pedestrian
14.005935668945312 -1.5102404356002808 -1.7376296520233154 0 0 0 0 Pedestrian
13.731976509094238 9.15684986114502 -1.594207763671875 0 0 0 0 Pedestrian
16.129072189331055 -7.597949028015137 -1.4004265069961548 0 0 0 0 Pedestrian
17.100255966186523 2.5504631996154785 -1.9545525312423706 0 0 0 0 Pedestrian
-26.38868522644043 1.0906949043273926 -1.3425253629684448 0 0 0 0 Pedestrian