5.169721603393555 -0.8508015871047974 -1.5850523710250854 0 0 0 0 Pedestrian
-5.8054304122924805 2.6777100563049316 -1.7467378377914429 0 0 0 0 Pedestrian
-6.8370280265808105 -1.6612569093704224 -1.5183545351028442 0 0 0 0 Pedestrian
6.086875915527344 -4.706923961639404 -1.3284157514572144 0 0 0 0 Pedestrian
-3.260939359664917 -6.998126029968262 -1.2661761045455933 0 0 0 0 Pedestrian
6.276411056518555 -5.217231750488281 -1.6518617868423462 0 0 0 0 Pedestrian
2.8213582038879395 10.081951141357422 -2.06260347366333 0 0 0 0 Pedestrian
5.8435540199279785 -5.630733013153076 -1.4702775478363037 0 0 0 0 Pedestrian
10.343459129333496 4.02964973449707 -1.4602718353271484 0 0 0 0 Pedestrian
9.767374992370605 5.940263748168945 -2.5737366676330566 0 0 0 0 Pedestrian
-11.63233470916748 4.6618475914001465 -1.8925819396972656 0 0 0 0 Pedestrian
12.54824161529541 -6.795532703399658 -1.5417953729629517 0 0 0 0 Pedestrian
-13.732691764831543 5.765235900878906 -1.9244673252105713 0 0 0 0 Pedestrian
16.109025955200195 -7.55419397354126 -1.364833950996399 0 0 0 0 Pedestrian
-26.391977310180664 1.0908129215240479 -1.3424832820892334 0 0 0 0 Pedestrian