5.175407886505127 -0.8461199402809143 -1.5807875394821167 0 0 0 0 Pedestrian
-6.744717597961426 -1.7081959247589111 -1.509437918663025 0 0 0 0 Pedestrian
-5.800717830657959 2.682100534439087 -1.7495611906051636 0 0 0 0 Pedestrian
-3.263324022293091 -7.0033955574035645 -1.2670867443084717 0 0 0 0 Pedestrian
6.272864818572998 -5.209178924560547 -1.6520758867263794 0 0 0 0 Pedestrian
10.33003044128418 4.046311855316162 -1.406416416168213 0 0 0 0 Pedestrian
9.757855415344238 6.000580310821533 -2.5641889572143555 0 0 0 0 Pedestrian
0.23002812266349792 12.748333930969238 -2.235171318054199 0 0 0 0 Pedestrian
-11.622415542602539 4.5757222175598145 -1.8863509893417358 0 0 0 0 Pedestrian
12.547436714172363 -6.795167922973633 -1.5416712760925293 0 0 0 0 Pedestrian
-13.729911804199219 5.764280319213867 -1.9238020181655884 0 0 0 0 Pedestrian
16.127870559692383 -7.587007999420166 -1.3903274536132812 0 0 0 0 Pedestrian
-26.429931640625 1.1385377645492554 -1.2981951236724854 0 0 0 0 Pedestrian