5.175019264221191 -0.8353366851806641 -1.5805463790893555 0 0 0 0 Pedestrian
-5.805946350097656 2.710233211517334 -1.7373002767562866 0 0 0 0 Pedestrian
-3.263685703277588 -7.0201239585876465 -1.2807157039642334 0 0 0 0 Pedestrian
6.273960590362549 -5.215146541595459 -1.6518044471740723 0 0 0 0 Pedestrian
-7.472811222076416 -2.697267532348633 -2.003108501434326 0 0 0 0 Pedestrian
5.7753472328186035 -5.614387035369873 -1.5143747329711914 0 0 0 0 Pedestrian
10.453001022338867 3.9909586906433105 -1.3524396419525146 0 0 0 0 Pedestrian
9.737293243408203 5.954391956329346 -2.5469281673431396 0 0 0 0 Pedestrian
7.077844619750977 10.343463897705078 -1.5579733848571777 0 0 0 0 Pedestrian
-11.602415084838867 4.69903039932251 -1.9183542728424072 0 0 0 0 Pedestrian
12.546565055847168 -6.79465913772583 -1.54170560836792 0 0 0 0 Pedestrian
-13.734712600708008 5.76625394821167 -1.9245771169662476 0 0 0 0 Pedestrian
16.153324127197266 -7.582954406738281 -1.3916571140289307 0 0 0 0 Pedestrian
17.79629135131836 -7.756365776062012 -1.3857672214508057 0 0 0 0 Pedestrian