5.165378093719482 -0.8408334851264954 -1.575972318649292 0 0 0 0 Pedestrian
-5.8257737159729 2.674306869506836 -1.733022689819336 0 0 0 0 Pedestrian
-3.2658276557922363 -7.017019748687744 -1.267305612564087 0 0 0 0 Pedestrian
6.263028144836426 -5.209387302398682 -1.6522793769836426 0 0 0 0 Pedestrian
8.228240013122559 3.3144195079803467 -1.4434398412704468 0 0 0 0 Pedestrian
-8.688043594360352 -1.0949939489364624 -1.4971588850021362 0 0 0 0 Pedestrian
10.419450759887695 4.076375961303711 -1.2547507286071777 0 0 0 0 Pedestrian
9.745936393737793 5.9930901527404785 -2.5612990856170654 0 0 0 0 Pedestrian
9.736523628234863 -6.04555606842041 -1.109639286994934 0 0 0 0 Pedestrian
0.06759997457265854 12.698396682739258 -2.126542806625366 0 0 0 0 Pedestrian
6.249566078186035 9.108294486999512 -1.458276629447937 0 0 0 0 Pedestrian
13.980277061462402 -1.4146877527236938 -1.7319315671920776 0 0 0 0 Pedestrian
13.787731170654297 9.227888107299805 -1.4258191585540771 0 0 0 0 Pedestrian
12.539566040039062 -6.790902614593506 -1.540757179260254 0 0 0 0 Pedestrian
16.117504119873047 -7.557985782623291 -1.3654417991638184 0 0 0 0 Pedestrian
-26.3885440826416 1.0906450748443604 -1.342491865158081 0 0 0 0 Pedestrian
-24.224117279052734 6.588432788848877 -1.7235511541366577 0 0 0 0 Pedestrian