5.163863658905029 -0.8491773009300232 -1.5908031463623047 0 0 0 0 Pedestrian
-5.83203649520874 2.6982460021972656 -1.7343286275863647 0 0 0 0 Pedestrian
-3.2653515338897705 -7.007864475250244 -1.268051266670227 0 0 0 0 Pedestrian
6.274190902709961 -5.21034049987793 -1.6524851322174072 0 0 0 0 Pedestrian
5.78289270401001 -5.623620986938477 -1.4887182712554932 0 0 0 0 Pedestrian
11.955018997192383 2.5296945571899414 -1.4478020668029785 0 0 0 0 Pedestrian
10.374984741210938 4.179548263549805 -1.1000770330429077 0 0 0 0 Pedestrian
1.1707085371017456 12.359479904174805 -1.868154525756836 0 0 0 0 Pedestrian
7.073463439941406 10.337247848510742 -1.5570169687271118 0 0 0 0 Pedestrian
-11.591383934020996 4.694607257843018 -1.9166920185089111 0 0 0 0 Pedestrian
12.50745677947998 -6.794208526611328 -1.576338529586792 0 0 0 0 Pedestrian
-13.737380027770996 5.767172813415527 -1.9251887798309326 0 0 0 0 Pedestrian
16.126253128051758 -7.5865044593811035 -1.3903833627700806 0 0 0 0 Pedestrian
-26.39096450805664 1.090778112411499 -1.342640995979309 0 0 0 0 Pedestrian