3.998322010040283 4.297008514404297 -1.7722285985946655 0 0 0 0 Pedestrian
6.636469841003418 3.519516706466675 -1.7076689004898071 0 0 0 0 Pedestrian
-5.818796634674072 2.669792413711548 -1.741175889968872 0 0 0 0 Pedestrian
-3.2651214599609375 -6.99951696395874 -1.2529889345169067 0 0 0 0 Pedestrian
0.42601534724235535 8.157669067382812 -1.9986671209335327 0 0 0 0 Pedestrian
6.2714080810546875 -5.214874744415283 -1.672978162765503 0 0 0 0 Pedestrian
-9.45109748840332 -0.884671151638031 -1.749940037727356 0 0 0 0 Pedestrian
10.372318267822266 4.03139591217041 -1.431602954864502 0 0 0 0 Pedestrian
9.779585838317871 5.9476776123046875 -2.543792247772217 0 0 0 0 Pedestrian
0.1497117429971695 12.731042861938477 -2.1280322074890137 0 0 0 0 Pedestrian
-11.670421600341797 4.583197116851807 -1.9332194328308105 0 0 0 0 Pedestrian
13.77029800415039 9.216136932373047 -1.4239825010299683 0 0 0 0 Pedestrian
12.568007469177246 -6.792937755584717 -1.5818731784820557 0 0 0 0 Pedestrian
-13.722691535949707 5.761313438415527 -1.922764778137207 0 0 0 0 Pedestrian
16.129491806030273 -7.598017692565918 -1.4000600576400757 0 0 0 0 Pedestrian