5.2017083168029785 3.6598527431488037 -1.7557685375213623 0 0 0 0 Pedestrian
0.13311338424682617 6.9968791007995605 -1.9310908317565918 0 0 0 0 Pedestrian
2.675395965576172 4.576033592224121 -1.7005383968353271 0 0 0 0 Pedestrian
5.1753926277160645 -0.8454648852348328 -1.5782136917114258 0 0 0 0 Pedestrian
-5.829036235809326 2.6757867336273193 -1.7339465618133545 0 0 0 0 Pedestrian
-3.2640645503997803 -6.995804309844971 -1.2386682033538818 0 0 0 0 Pedestrian
6.271439552307129 -5.207920551300049 -1.6516742706298828 0 0 0 0 Pedestrian
2.8201847076416016 10.07768440246582 -2.061802625656128 0 0 0 0 Pedestrian
10.309814453125 4.05178165435791 -1.4475699663162231 0 0 0 0 Pedestrian
0.22936446964740753 12.744779586791992 -2.1906042098999023 0 0 0 0 Pedestrian
-11.636241912841797 4.607404708862305 -1.9028650522232056 0 0 0 0 Pedestrian
-13.76990032196045 5.781088829040527 -1.9294276237487793 0 0 0 0 Pedestrian
16.150259017944336 -7.608003616333008 -1.4019899368286133 0 0 0 0 Pedestrian
-26.37843132019043 1.0902736186981201 -1.3418513536453247 0 0 0 0 Pedestrian