5.611701965332031 3.5974366664886475 -1.7367032766342163 0 0 0 0 Pedestrian
0.23926660418510437 7.323945999145508 -1.9518043994903564 0 0 0 0 Pedestrian
3.045711040496826 4.484961986541748 -1.7282944917678833 0 0 0 0 Pedestrian
5.1707563400268555 -0.8435809016227722 -1.5669188499450684 0 0 0 0 Pedestrian
-5.791496276855469 2.668550491333008 -1.7480791807174683 0 0 0 0 Pedestrian
-3.2614355087280273 -7.015200138092041 -1.2799526453018188 0 0 0 0 Pedestrian
6.286822319030762 -5.21138334274292 -1.6848130226135254 0 0 0 0 Pedestrian
-8.952727317810059 -0.6671371459960938 -1.5496501922607422 0 0 0 0 Pedestrian
10.309807777404785 4.039764404296875 -1.4600410461425781 0 0 0 0 Pedestrian
0.1417839080095291 12.735156059265137 -2.1052064895629883 0 0 0 0 Pedestrian
-11.600282669067383 4.629338264465332 -1.9254705905914307 0 0 0 0 Pedestrian
13.976555824279785 -1.3559437990188599 -1.7298681735992432 0 0 0 0 Pedestrian
16.157073974609375 -7.5850114822387695 -1.3925284147262573 0 0 0 0 Pedestrian
-26.39837646484375 1.091117262840271 -1.3430477380752563 0 0 0 0 Pedestrian