-4.856421947479248 -2.1113429069519043 -1.4818682670593262 0 0 0 0 Pedestrian
5.173155784606934 -0.8447404503822327 -1.5749410390853882 0 0 0 0 Pedestrian
-5.845316410064697 2.6819934844970703 -1.7374104261398315 0 0 0 0 Pedestrian
6.087054252624512 -4.700295925140381 -1.3160191774368286 0 0 0 0 Pedestrian
-3.264448642730713 -7.005881309509277 -1.2676575183868408 0 0 0 0 Pedestrian
-7.576463222503662 -2.5697858333587646 -2.183537244796753 0 0 0 0 Pedestrian
6.269354343414307 -5.206186771392822 -1.651146411895752 0 0 0 0 Pedestrian
9.773896217346191 3.2295145988464355 -1.8755607604980469 0 0 0 0 Pedestrian
5.791555881500244 -5.619846343994141 -1.5175695419311523 0 0 0 0 Pedestrian
10.317586898803711 4.05046272277832 -1.4049184322357178 0 0 0 0 Pedestrian
1.4302186965942383 12.896930694580078 -2.02199387550354 0 0 0 0 Pedestrian
9.768497467041016 5.9411797523498535 -2.5743870735168457 0 0 0 0 Pedestrian
7.070211410522461 10.332547187805176 -1.5561842918395996 0 0 0 0 Pedestrian
-11.596728324890137 4.696866512298584 -1.9175074100494385 0 0 0 0 Pedestrian
0.21248354017734528 12.714258193969727 -2.039346218109131 0 0 0 0 Pedestrian
12.486236572265625 -6.805662631988525 -1.5751566886901855 0 0 0 0 Pedestrian
-13.747954368591309 5.771799087524414 -1.9265828132629395 0 0 0 0 Pedestrian
16.123424530029297 -7.560704231262207 -1.3660061359405518 0 0 0 0 Pedestrian
24.027050018310547 -9.237013816833496 -1.0740753412246704 0 0 0 0 Pedestrian
-18.193702697753906 21.606704711914062 -1.901740550994873 0 0 0 0 Pedestrian