-5.842108249664307 2.68479061126709 -1.7402384281158447 0 0 0 0 Pedestrian
-3.2607617378234863 -7.005768775939941 -1.2546894550323486 0 0 0 0 Pedestrian
6.277924537658691 -5.204050064086914 -1.682752251625061 0 0 0 0 Pedestrian
10.332849502563477 4.036444664001465 -1.4273301362991333 0 0 0 0 Pedestrian
9.750006675720215 5.969944000244141 -2.5818874835968018 0 0 0 0 Pedestrian
-0.03671123832464218 11.308028221130371 -2.272857427597046 0 0 0 0 Pedestrian
1.9618091583251953 14.815852165222168 -2.0660905838012695 0 0 0 0 Pedestrian
12.514997482299805 -6.800873756408691 -1.5343208312988281 0 0 0 0 Pedestrian
13.979628562927246 -1.5265437364578247 -1.8096091747283936 0 0 0 0 Pedestrian
16.1468448638916 -7.567507266998291 -1.3802589178085327 0 0 0 0 Pedestrian
-26.37757682800293 1.090184211730957 -1.3418625593185425 0 0 0 0 Pedestrian