5.176630020141602 -0.8450567126274109 -1.5712224245071411 0 0 0 0 Pedestrian
-5.815950393676758 2.6995296478271484 -1.747022032737732 0 0 0 0 Pedestrian
-3.2633590698242188 -7.01151180267334 -1.2666146755218506 0 0 0 0 Pedestrian
6.262063980102539 -5.207006931304932 -1.6568613052368164 0 0 0 0 Pedestrian
-6.67728853225708 4.455381393432617 -2.0644049644470215 0 0 0 0 Pedestrian
-7.41279411315918 -2.62339448928833 -1.9713486433029175 0 0 0 0 Pedestrian
5.843454837799072 -5.642302989959717 -1.4661282300949097 0 0 0 0 Pedestrian
10.363302230834961 4.096486568450928 -1.2662596702575684 0 0 0 0 Pedestrian
9.732589721679688 -6.041991233825684 -1.0763825178146362 0 0 0 0 Pedestrian
9.74181842803955 5.965518474578857 -2.5802836418151855 0 0 0 0 Pedestrian
11.637927055358887 2.5557754039764404 -1.417441725730896 0 0 0 0 Pedestrian
7.07335090637207 10.337189674377441 -1.5569950342178345 0 0 0 0 Pedestrian
1.0612952709197998 12.131942749023438 -1.885134220123291 0 0 0 0 Pedestrian
-11.63039493560791 4.661303520202637 -1.8924777507781982 0 0 0 0 Pedestrian
-13.741141319274902 5.768759727478027 -1.9257802963256836 0 0 0 0 Pedestrian
16.15460777282715 -7.609927177429199 -1.4020899534225464 0 0 0 0 Pedestrian