4.1144490242004395 4.282851696014404 -1.7839291095733643 0 0 0 0 Pedestrian
5.172867298126221 -0.8366961479187012 -1.548314094543457 0 0 0 0 Pedestrian
6.761312961578369 3.5065267086029053 -1.6852080821990967 0 0 0 0 Pedestrian
-5.795678615570068 2.668195962905884 -1.75053870677948 0 0 0 0 Pedestrian
-3.268575429916382 -7.015175819396973 -1.2931543588638306 0 0 0 0 Pedestrian
0.41411709785461426 8.274175643920898 -1.9550881385803223 0 0 0 0 Pedestrian
6.281192779541016 -5.217628479003906 -1.6683094501495361 0 0 0 0 Pedestrian
-9.454150199890137 -0.9037772417068481 -1.7500087022781372 0 0 0 0 Pedestrian
10.338781356811523 4.034982681274414 -1.4534494876861572 0 0 0 0 Pedestrian
-11.59603214263916 4.696922302246094 -1.9178040027618408 0 0 0 0 Pedestrian
12.554133415222168 -6.785464763641357 -1.579972267150879 0 0 0 0 Pedestrian
16.14855194091797 -7.580991268157959 -1.3916442394256592 0 0 0 0 Pedestrian
-26.387983322143555 1.0906120538711548 -1.3423436880111694 0 0 0 0 Pedestrian