5.172998905181885 -0.8374407291412354 -1.564177393913269 0 0 0 0 Pedestrian
-5.8531012535095215 2.698995590209961 -1.734835147857666 0 0 0 0 Pedestrian
-3.264566421508789 -7.005930423736572 -1.2675472497940063 0 0 0 0 Pedestrian
6.278980731964111 -5.219347953796387 -1.6527719497680664 0 0 0 0 Pedestrian
10.295448303222656 4.049422264099121 -1.5056244134902954 0 0 0 0 Pedestrian
9.738422393798828 5.993000507354736 -2.5894277095794678 0 0 0 0 Pedestrian
7.052642822265625 10.343903541564941 -1.5386803150177002 0 0 0 0 Pedestrian
1.9105184078216553 14.811569213867188 -2.0607457160949707 0 0 0 0 Pedestrian
12.484029769897461 -6.804400444030762 -1.5749224424362183 0 0 0 0 Pedestrian
13.982572555541992 -1.526748776435852 -1.810203194618225 0 0 0 0 Pedestrian
16.138015747070312 -7.5637993812561035 -1.3798038959503174 0 0 0 0 Pedestrian
17.14460563659668 2.517383337020874 -1.9875625371932983 0 0 0 0 Pedestrian