-5.825685977935791 2.6704139709472656 -1.7381032705307007 0 0 0 0 Pedestrian
-3.2608423233032227 -7.00592041015625 -1.254594087600708 0 0 0 0 Pedestrian
6.271851539611816 -5.20831823348999 -1.6516849994659424 0 0 0 0 Pedestrian
8.503204345703125 3.312845468521118 -1.4928780794143677 0 0 0 0 Pedestrian
2.8229072093963623 10.08678150177002 -2.0640201568603516 0 0 0 0 Pedestrian
9.780313491821289 -6.09325647354126 -1.1266001462936401 0 0 0 0 Pedestrian
10.328432083129883 4.187519073486328 -1.154428243637085 0 0 0 0 Pedestrian
9.7806978225708 5.948858261108398 -2.577587366104126 0 0 0 0 Pedestrian
0.049477629363536835 12.72266674041748 -2.1186375617980957 0 0 0 0 Pedestrian
-12.63171100616455 -1.2330574989318848 -2.3921730518341064 0 0 0 0 Pedestrian
-11.601156234741211 4.629892826080322 -1.9254401922225952 0 0 0 0 Pedestrian
6.32260799407959 9.179133415222168 -1.4697288274765015 0 0 0 0 Pedestrian
14.015521049499512 -1.4179202318191528 -1.73650324344635 0 0 0 0 Pedestrian
12.519919395446777 -6.803529262542725 -1.53492271900177 0 0 0 0 Pedestrian
16.11507225036621 -7.580892562866211 -1.388776421546936 0 0 0 0 Pedestrian
-26.35934066772461 1.0894168615341187 -1.3407151699066162 0 0 0 0 Pedestrian