3.847508668899536 3.8237011432647705 -1.636993646621704 0 0 0 0 Pedestrian
1.5834029912948608 5.035809516906738 -1.6824711561203003 0 0 0 0 Pedestrian
5.170529365539551 -0.8415380120277405 -1.5674296617507935 0 0 0 0 Pedestrian
-3.2652108669281006 -7.000723361968994 -1.2779209613800049 0 0 0 0 Pedestrian
6.273244380950928 -5.209455490112305 -1.6520802974700928 0 0 0 0 Pedestrian
10.352263450622559 4.0258097648620605 -1.4697206020355225 0 0 0 0 Pedestrian
9.73203182220459 5.984323024749756 -2.5571887493133545 0 0 0 0 Pedestrian
7.028181552886963 10.337417602539062 -1.5132180452346802 0 0 0 0 Pedestrian
13.739945411682129 9.195149421691895 -1.511993169784546 0 0 0 0 Pedestrian
12.493887901306152 -6.809364318847656 -1.4586347341537476 0 0 0 0 Pedestrian
16.127525329589844 -7.578318119049072 -1.3605483770370483 0 0 0 0 Pedestrian
-26.40151596069336 1.0912199020385742 -1.3431841135025024 0 0 0 0 Pedestrian