-3.701643705368042 -2.338834524154663 -1.3675487041473389 0 0 0 0 Pedestrian
5.176496505737305 -0.836822509765625 -1.560523271560669 0 0 0 0 Pedestrian
-5.807031631469727 2.6748335361480713 -1.7525041103363037 0 0 0 0 Pedestrian
-3.261664867401123 -7.007979393005371 -1.265799880027771 0 0 0 0 Pedestrian
6.273617267608643 -5.214883804321289 -1.651425838470459 0 0 0 0 Pedestrian
10.35451889038086 4.029527187347412 -1.4817085266113281 0 0 0 0 Pedestrian
9.740757942199707 5.964378833770752 -2.5798096656799316 0 0 0 0 Pedestrian
0.20892788469791412 12.725340843200684 -2.172663450241089 0 0 0 0 Pedestrian
1.6760940551757812 13.901326179504395 -2.0895004272460938 0 0 0 0 Pedestrian
16.144006729125977 -7.605034828186035 -1.4014869928359985 0 0 0 0 Pedestrian
-26.416900634765625 1.0917342901229858 -1.3442020416259766 0 0 0 0 Pedestrian