5.176522731781006 -0.8380164504051208 -1.5589624643325806 0 0 0 0 Pedestrian
-5.840980052947998 2.6811344623565674 -1.7415865659713745 0 0 0 0 Pedestrian
-3.257946729660034 -7.014322280883789 -1.2768632173538208 0 0 0 0 Pedestrian
1.0467453002929688 7.439295768737793 -2.4033493995666504 0 0 0 0 Pedestrian
6.27342414855957 -5.214689254760742 -1.6512351036071777 0 0 0 0 Pedestrian
10.31598949432373 4.027815818786621 -1.4780218601226807 0 0 0 0 Pedestrian
9.752843856811523 5.972146034240723 -2.5829575061798096 0 0 0 0 Pedestrian
-11.67851448059082 4.6319260597229 -1.9110150337219238 0 0 0 0 Pedestrian
-10.841964721679688 -1.9089552164077759 -2.314209461212158 0 0 0 0 Pedestrian
12.541863441467285 -6.792204856872559 -1.5411373376846313 0 0 0 0 Pedestrian
1.9624922275543213 14.896235466003418 -2.076795816421509 0 0 0 0 Pedestrian
13.939356803894043 -1.5474557876586914 -1.7291654348373413 0 0 0 0 Pedestrian
16.11495590209961 -7.59736442565918 -1.389815092086792 0 0 0 0 Pedestrian
-26.418291091918945 1.1380845308303833 -1.2975860834121704 0 0 0 0 Pedestrian