-3.0513739585876465 -2.535404682159424 -1.3019150495529175 0 0 0 0 Pedestrian
5.169282913208008 -0.8528774976730347 -1.584945559501648 0 0 0 0 Pedestrian
-5.838690757751465 2.6764276027679443 -1.7348814010620117 0 0 0 0 Pedestrian
-3.263037919998169 -7.002903461456299 -1.2670238018035889 0 0 0 0 Pedestrian
6.2622551918029785 -5.207099437713623 -1.65663480758667 0 0 0 0 Pedestrian
2.8205995559692383 10.078935623168945 -2.062218189239502 0 0 0 0 Pedestrian
10.30142593383789 4.052984714508057 -1.4808895587921143 0 0 0 0 Pedestrian
9.735089302062988 5.990850925445557 -2.5885345935821533 0 0 0 0 Pedestrian
0.20708993077278137 12.741997718811035 -2.2022805213928223 0 0 0 0 Pedestrian
-0.024013608694076538 11.292655944824219 -2.3017289638519287 0 0 0 0 Pedestrian
12.523843765258789 -6.805652141571045 -1.5355035066604614 0 0 0 0 Pedestrian
13.922362327575684 -1.530985713005066 -1.7260055541992188 0 0 0 0 Pedestrian
16.135316848754883 -7.5797038078308105 -1.3799830675125122 0 0 0 0 Pedestrian
-26.431594848632812 1.1386133432388306 -1.298264503479004 0 0 0 0 Pedestrian