-5.40334415435791 -2.0205466747283936 -1.6150537729263306 0 0 0 0 Pedestrian
5.180197238922119 -0.8398604393005371 -1.564253330230713 0 0 0 0 Pedestrian
-5.82957124710083 2.6856353282928467 -1.7421725988388062 0 0 0 0 Pedestrian
-3.263455867767334 -7.026346206665039 -1.2913243770599365 0 0 0 0 Pedestrian
6.2737040519714355 -5.21491813659668 -1.6512551307678223 0 0 0 0 Pedestrian
2.820329189300537 10.077852249145508 -2.0620691776275635 0 0 0 0 Pedestrian
9.780548095703125 -5.970379829406738 -1.1455531120300293 0 0 0 0 Pedestrian
9.73751449584961 5.987731456756592 -2.558981418609619 0 0 0 0 Pedestrian
10.325737953186035 4.1662211418151855 -1.133689284324646 0 0 0 0 Pedestrian
1.386710286140442 12.450888633728027 -1.904768943786621 0 0 0 0 Pedestrian
-11.606690406799316 4.632039546966553 -1.9263041019439697 0 0 0 0 Pedestrian
0.04949582368135452 12.726601600646973 -2.1193370819091797 0 0 0 0 Pedestrian
12.541472434997559 -6.791994094848633 -1.5411018133163452 0 0 0 0 Pedestrian
-13.731029510498047 5.764807224273682 -1.92400062084198 0 0 0 0 Pedestrian
16.138572692871094 -7.602390289306641 -1.401058316230774 0 0 0 0 Pedestrian
-26.334247589111328 1.0338563919067383 -1.3742362260818481 0 0 0 0 Pedestrian