4.555176258087158 3.7185795307159424 -1.7022349834442139 0 0 0 0 Pedestrian
-0.020728033035993576 6.50002384185791 -1.9212419986724854 0 0 0 0 Pedestrian
5.174149990081787 -0.8519908785820007 -1.5864328145980835 0 0 0 0 Pedestrian
-5.7961225509643555 2.670567035675049 -1.7496029138565063 0 0 0 0 Pedestrian
6.262612342834473 -5.204036712646484 -1.6371990442276 0 0 0 0 Pedestrian
10.314644813537598 4.040922164916992 -1.469402551651001 0 0 0 0 Pedestrian
9.750450134277344 5.97076416015625 -2.5822031497955322 0 0 0 0 Pedestrian
0.25714293122291565 12.75991153717041 -2.206089735031128 0 0 0 0 Pedestrian
-11.609373092651367 4.632993221282959 -1.9267178773880005 0 0 0 0 Pedestrian
-13.766800880432129 5.760043144226074 -1.9386029243469238 0 0 0 0 Pedestrian
-26.401235580444336 1.0909785032272339 -1.3432337045669556 0 0 0 0 Pedestrian