5.340238094329834 3.6329424381256104 -1.7544645071029663 0 0 0 0 Pedestrian
0.16652673482894897 7.117102146148682 -1.9217898845672607 0 0 0 0 Pedestrian
2.8114876747131348 4.5374436378479 -1.6973638534545898 0 0 0 0 Pedestrian
5.165721416473389 -0.8576182723045349 -1.5790998935699463 0 0 0 0 Pedestrian
-5.797817707061768 2.667915105819702 -1.7555657625198364 0 0 0 0 Pedestrian
6.271055698394775 -5.199018478393555 -1.661306381225586 0 0 0 0 Pedestrian
2.8223865032196045 10.08544635772705 -2.0635063648223877 0 0 0 0 Pedestrian
9.727155685424805 -6.01041841506958 -1.3145828247070312 0 0 0 0 Pedestrian
10.319597244262695 4.047688007354736 -1.4784739017486572 0 0 0 0 Pedestrian
11.486759185791016 -0.42968904972076416 -1.4265193939208984 0 0 0 0 Pedestrian
0.17809182405471802 12.726897239685059 -2.127258539199829 0 0 0 0 Pedestrian
9.77534294128418 5.889819145202637 -2.5934746265411377 0 0 0 0 Pedestrian
-11.58358097076416 4.691607475280762 -1.9156028032302856 0 0 0 0 Pedestrian
-13.765510559082031 5.779382705688477 -1.928823471069336 0 0 0 0 Pedestrian
13.742877006530762 9.113287925720215 -1.535265564918518 0 0 0 0 Pedestrian
16.15125274658203 -7.582387447357178 -1.3920830488204956 0 0 0 0 Pedestrian
19.92574119567871 2.7798526287078857 -1.7334985733032227 0 0 0 0 Pedestrian