-2.8001809120178223 -2.568613290786743 -1.2667092084884644 0 0 0 0 Pedestrian
5.1685285568237305 -0.8497301936149597 -1.5744246244430542 0 0 0 0 Pedestrian
-5.847636699676514 2.686138868331909 -1.7326594591140747 0 0 0 0 Pedestrian
-3.2751150131225586 -7.002161979675293 -1.210289716720581 0 0 0 0 Pedestrian
6.2747416496276855 -5.210745334625244 -1.6526463031768799 0 0 0 0 Pedestrian
10.349597930908203 4.026420593261719 -1.5133150815963745 0 0 0 0 Pedestrian
9.731659889221191 5.989007949829102 -2.588249683380127 0 0 0 0 Pedestrian
11.989727973937988 2.6850855350494385 -1.388085961341858 0 0 0 0 Pedestrian
-11.61844539642334 4.705928325653076 -1.9214255809783936 0 0 0 0 Pedestrian
0.02229929529130459 11.267778396606445 -2.2461366653442383 0 0 0 0 Pedestrian
15.438100814819336 2.0253331661224365 -1.6915711164474487 0 0 0 0 Pedestrian
12.508005142211914 -6.7944440841674805 -1.5764167308807373 0 0 0 0 Pedestrian
14.287288665771484 -0.6142469048500061 -1.169515609741211 0 0 0 0 Pedestrian
16.14906883239746 -7.607314586639404 -1.401835560798645 0 0 0 0 Pedestrian
-26.439741134643555 1.1390374898910522 -1.2987288236618042 0 0 0 0 Pedestrian