3.716948986053467 3.852954626083374 -1.5923985242843628 0 0 0 0 Pedestrian
1.494828701019287 5.121496677398682 -1.6887609958648682 0 0 0 0 Pedestrian
5.164998531341553 -0.8444231152534485 -1.5732663869857788 0 0 0 0 Pedestrian
-5.818842887878418 2.6973838806152344 -1.734453558921814 0 0 0 0 Pedestrian
-3.2644405364990234 -7.005741596221924 -1.2675647735595703 0 0 0 0 Pedestrian
6.270133972167969 -5.2068376541137695 -1.6510568857192993 0 0 0 0 Pedestrian
9.732397079467773 -6.017739295959473 -1.330056071281433 0 0 0 0 Pedestrian
10.285979270935059 4.05385160446167 -1.4439886808395386 0 0 0 0 Pedestrian
9.730031967163086 5.987573146820068 -2.5873849391937256 0 0 0 0 Pedestrian
16.13487434387207 -7.56599760055542 -1.3664968013763428 0 0 0 0 Pedestrian
-26.416128158569336 1.1379791498184204 -1.2975397109985352 0 0 0 0 Pedestrian