3.064417839050293 4.00957727432251 -1.5799601078033447 0 0 0 0 Pedestrian
-0.6792777180671692 5.538624286651611 -1.7612296342849731 0 0 0 0 Pedestrian
1.0898712873458862 5.573223114013672 -1.7909611463546753 0 0 0 0 Pedestrian
5.168065071105957 -0.8363233208656311 -1.5649501085281372 0 0 0 0 Pedestrian
-5.821178913116455 2.7006418704986572 -1.7486164569854736 0 0 0 0 Pedestrian
6.082801818847656 -4.70375919342041 -1.327564001083374 0 0 0 0 Pedestrian
1.0382139682769775 7.409893035888672 -2.226360559463501 0 0 0 0 Pedestrian
-3.2629928588867188 -7.0027546882629395 -1.2670565843582153 0 0 0 0 Pedestrian
6.272277355194092 -5.217340469360352 -1.673401951789856 0 0 0 0 Pedestrian
10.323114395141602 4.03668212890625 -1.442003846168518 0 0 0 0 Pedestrian
9.722274780273438 5.983469486236572 -2.585312604904175 0 0 0 0 Pedestrian
-14.460851669311523 6.455962181091309 -1.8360430002212524 0 0 0 0 Pedestrian
13.772208213806152 9.172232627868652 -1.4741919040679932 0 0 0 0 Pedestrian