3.602534770965576 3.8736000061035156 -1.5684298276901245 0 0 0 0 Pedestrian
5.172879219055176 -0.849313497543335 -1.5769003629684448 0 0 0 0 Pedestrian
1.4338328838348389 5.195840358734131 -1.6733131408691406 0 0 0 0 Pedestrian
-5.806674957275391 2.696725606918335 -1.7402148246765137 0 0 0 0 Pedestrian
-3.2626426219940186 -7.017777442932129 -1.2803165912628174 0 0 0 0 Pedestrian
6.275791168212891 -5.211655616760254 -1.6528743505477905 0 0 0 0 Pedestrian
2.81528377532959 10.060249328613281 -2.058018445968628 0 0 0 0 Pedestrian
10.348501205444336 4.025448799133301 -1.412147045135498 0 0 0 0 Pedestrian
9.783020973205566 5.9498209953308105 -2.5446715354919434 0 0 0 0 Pedestrian
0.009702331386506557 11.300271987915039 -2.34238600730896 0 0 0 0 Pedestrian
13.725445747375488 9.124876976013184 -1.5704891681671143 0 0 0 0 Pedestrian
-14.437565803527832 6.167167663574219 -1.5861575603485107 0 0 0 0 Pedestrian
16.1645450592041 -7.542393207550049 -1.3354697227478027 0 0 0 0 Pedestrian