3.21848726272583 3.970660448074341 -1.6023606061935425 0 0 0 0 Pedestrian
-0.6188259124755859 5.621225833892822 -1.7933918237686157 0 0 0 0 Pedestrian
1.1471271514892578 5.46820068359375 -1.7854841947555542 0 0 0 0 Pedestrian
5.179274559020996 -0.8448171019554138 -1.5716495513916016 0 0 0 0 Pedestrian
-5.831268787384033 2.700477123260498 -1.742539882659912 0 0 0 0 Pedestrian
1.0799199342727661 7.415008544921875 -2.2325050830841064 0 0 0 0 Pedestrian
-3.2619001865386963 -7.015749454498291 -1.3013932704925537 0 0 0 0 Pedestrian
6.267063140869141 -5.211060047149658 -1.6580958366394043 0 0 0 0 Pedestrian
10.320388793945312 4.053401947021484 -1.4514936208724976 0 0 0 0 Pedestrian
0.2298373281955719 12.744905471801758 -2.2346625328063965 0 0 0 0 Pedestrian
7.07052755355835 10.33260440826416 -1.5561766624450684 0 0 0 0 Pedestrian
0.05460149794816971 11.269371032714844 -2.296398639678955 0 0 0 0 Pedestrian
13.721365928649902 9.122217178344727 -1.5702215433120728 0 0 0 0 Pedestrian
12.525444030761719 -6.822020530700684 -1.5305862426757812 0 0 0 0 Pedestrian