3.4978220462799072 3.908019781112671 -1.6034009456634521 0 0 0 0 Pedestrian
1.3394314050674438 5.299523830413818 -1.7000203132629395 0 0 0 0 Pedestrian
-5.8498945236206055 2.703596830368042 -1.7230647802352905 0 0 0 0 Pedestrian
1.2470097541809082 7.36867094039917 -2.4223430156707764 0 0 0 0 Pedestrian
-3.261871099472046 -7.008408069610596 -1.2657926082611084 0 0 0 0 Pedestrian
6.270969390869141 -5.207573413848877 -1.6514432430267334 0 0 0 0 Pedestrian
9.710140228271484 -6.003981590270996 -1.3260526657104492 0 0 0 0 Pedestrian
10.337224006652832 4.029576778411865 -1.4487065076828003 0 0 0 0 Pedestrian
9.748269081115723 5.994307041168213 -2.5615758895874023 0 0 0 0 Pedestrian
0.054433051496744156 11.274129867553711 -2.2974021434783936 0 0 0 0 Pedestrian
13.72208309173584 9.122710227966309 -1.5703117847442627 0 0 0 0 Pedestrian