3.366018772125244 3.944859027862549 -1.5879842042922974 0 0 0 0 Pedestrian
1.2368520498275757 5.3802056312561035 -1.7176027297973633 0 0 0 0 Pedestrian
-5.825693607330322 2.702869415283203 -1.7512400150299072 0 0 0 0 Pedestrian
6.080653667449951 -4.709457874298096 -1.3685433864593506 0 0 0 0 Pedestrian
6.278079509735107 -5.218599319458008 -1.6522860527038574 0 0 0 0 Pedestrian
9.725704193115234 -6.013460159301758 -1.3291430473327637 0 0 0 0 Pedestrian
10.335188865661621 4.022045135498047 -1.478367805480957 0 0 0 0 Pedestrian
9.722414016723633 5.9834136962890625 -2.5852150917053223 0 0 0 0 Pedestrian
-0.03675386682152748 11.308355331420898 -2.273075819015503 0 0 0 0 Pedestrian
13.732765197753906 9.123953819274902 -1.5352973937988281 0 0 0 0 Pedestrian
12.518773078918457 -6.818308353424072 -1.5294393301010132 0 0 0 0 Pedestrian
16.194103240966797 -7.572432994842529 -1.3533655405044556 0 0 0 0 Pedestrian
-26.427602767944336 1.138462781906128 -1.2981425523757935 0 0 0 0 Pedestrian